
---------------------------------- DAY 0

Update Fixed Elements from Intrinsic Faults
Update Fixed Elements from Heavy Faults
Update Fixed Elements from Attack
Propagate Intrinsic Fault
Propagate Heavy Faults
Propagate Attacks
Inject Intrinsic Failure To Source
Inject Heavy Fault To Sources
Inject Attack Multiple To Source
Inject Intrinsic Fault To Pipeline
Inject Heavy Fault To Pipeline
Inject Attack To Pipeline
----------- Statistics ------------
	Sources Under Attack: 0
	Sources with Heavy Fault: 0
	Sources with Intrinsic Fault: 0
	Arcs with reduce capacity due to Attack: 0
	Arcs with reduce capacity due to Heavy Fault: 0
	Arcs with reduce capacity due to Intrinsic Fault: 0
	Arcs with Attacks: 0
	Arcs with Heavy Fault: 0
	Arcs with Intrinsic Fault: 0
--------- SOURCES STATISTICS ---------------
Demand del real Source[0]: -31.0, flusso erogato: 10.129999999999997, flusso entrante: 0.0, efficienza: 32.6774193548387 %
Demand del real Source[8]: -10.5, flusso erogato: 3.8600000000000003, flusso entrante: 0.0, efficienza: 36.76190476190476 %
Demand del real Source[9]: -7.1, flusso erogato: 16.229999999999997, flusso entrante: 9.129999999999997, efficienza: 228.59154929577463 %
Demand del real Source[17]: -25.0, flusso erogato: 25.000000000000007, flusso entrante: 0.0, efficienza: 100.00000000000003 %
Flusso totale entrante nei Real Source: 9.129999999999997
Flusso totale uscente dai Real Source: 55.220000000000006
Flusso netto sui real Source: -46.09000000000001
--- SINKS STATISTICS ---
Sink 3 SODDISFATTO. Flusso netto: 3.43, Demand: 3.43, percentage: 100.0
Sink 4 SODDISFATTO. Flusso netto: 0.5700000000000003, Demand: 0.57, percentage: 100.00000000000007
Sink 5 SODDISFATTO. Flusso netto: 0.6600000000000001, Demand: 0.66, percentage: 100.00000000000003
Sink 11 SODDISFATTO. Flusso netto: 1.03, Demand: 1.03, percentage: 100.0
Sink 15 SODDISFATTO. Flusso netto: 0.46, Demand: 0.46, percentage: 100.0
Sink 16 SODDISFATTO. Flusso netto: 8.400000000000002, Demand: 8.4, percentage: 100.00000000000003
Sink 19 SODDISFATTO. Flusso netto: 0.5399999999999991, Demand: 0.54, percentage: 99.99999999999983
Sink 23 SODDISFATTO. Flusso netto: 0.5999999999999999, Demand: 0.6, percentage: 99.99999999999997
Sink 24 SODDISFATTO. Flusso netto: 0.8, Demand: 0.8, percentage: 100.0
Sink 25 SODDISFATTO. Flusso netto: 3.5, Demand: 3.5, percentage: 100.0
Sink 26 SODDISFATTO. Flusso netto: 6.000000000000002, Demand: 6.0, percentage: 100.00000000000003
Sink 28 SODDISFATTO. Flusso netto: 0.4, Demand: 0.4, percentage: 100.0
Sink 30 SODDISFATTO. Flusso netto: 0.9799999999999986, Demand: 0.98, percentage: 99.99999999999987
Sink 31 SODDISFATTO. Flusso netto: 0.4, Demand: 0.4, percentage: 100.0
Sink 32 SODDISFATTO. Flusso netto: 0.9999999999999996, Demand: 1.0, percentage: 99.99999999999996
Sink 34 SODDISFATTO. Flusso netto: 1.74, Demand: 1.74, percentage: 100.0
Sink 35 SODDISFATTO. Flusso netto: 1.3, Demand: 1.3, percentage: 100.0
Sink 37 SODDISFATTO. Flusso netto: 1.0, Demand: 1.0, percentage: 100.0
Sink 39 SODDISFATTO. Flusso netto: 0.4, Demand: 0.4, percentage: 100.0
Sink 40 SODDISFATTO. Flusso netto: 0.5, Demand: 0.5, percentage: 100.0
Sink 41 SODDISFATTO. Flusso netto: 1.06, Demand: 1.06, percentage: 100.0
Sink 42 SODDISFATTO. Flusso netto: 2.8199999999999994, Demand: 2.82, percentage: 99.99999999999999
Sink 45 SODDISFATTO. Flusso netto: 0.68, Demand: 0.68, percentage: 100.0
Sink 46 SODDISFATTO. Flusso netto: 1.17, Demand: 1.17, percentage: 100.0
Sink 49 non è soddisfatto. Flusso netto: 6.6499999999999995, Demand: 7.0, percentage: 95.0
Flusso totale entrante nei SINK: 92.61000000000001
Flusso totale uscente nei SINK: 46.52
Flusso totale netto nei SINK: 46.09000000000001
Total DEMAND dei SINK: 46.44
Percentual di flusso ai SINK: 0.9924633936261846
Numero di Sink soddisfatti: 24.0, numero totale di sink: 25.0
Percentuale di Sink soddisfatti: 0.96

---------------------------------- DAY 1

Update Fixed Elements from Intrinsic Faults
Update Fixed Elements from Heavy Faults
Update Fixed Elements from Attack
Propagate Intrinsic Fault
Propagate Heavy Faults
Propagate Attacks
Inject Intrinsic Failure To Source
Source NODO_2 is failing for an Intrinsic Fault in day: 1
pipeline ARCO_70 has reduced capacity due to NODO_2 Intrinsic fault
pipeline V_EDGE_53_0 has reduced capacity due to NODO_2 Intrinsic fault
pipeline ARCO_0 has reduced capacity due to NODO_2 Intrinsic fault
Inject Heavy Fault To Sources
Inject Attack Multiple To Source
Inject Intrinsic Fault To Pipeline
Inject Heavy Fault To Pipeline
Inject Attack To Pipeline
----------- Statistics ------------
	Sources Under Attack: 0
	Sources with Heavy Fault: 0
	Sources with Intrinsic Fault: 1
	Arcs with reduce capacity due to Attack: 0
	Arcs with reduce capacity due to Heavy Fault: 0
	Arcs with reduce capacity due to Intrinsic Fault: 3
	Arcs with Attacks: 0
	Arcs with Heavy Fault: 0
	Arcs with Intrinsic Fault: 0
--------- SOURCES STATISTICS ---------------
Demand del real Source[0]: -31.0, flusso erogato: 10.129999999999997, flusso entrante: 0.0, efficienza: 32.6774193548387 %
Demand del real Source[8]: -10.5, flusso erogato: 3.8600000000000003, flusso entrante: 0.0, efficienza: 36.76190476190476 %
Demand del real Source[9]: -7.1, flusso erogato: 16.229999999999997, flusso entrante: 9.129999999999997, efficienza: 228.59154929577463 %
Demand del real Source[17]: -25.0, flusso erogato: 25.000000000000007, flusso entrante: 0.0, efficienza: 100.00000000000003 %
Flusso totale entrante nei Real Source: 9.129999999999997
Flusso totale uscente dai Real Source: 55.220000000000006
Flusso netto sui real Source: -46.09000000000001
--- SINKS STATISTICS ---
Sink 3 SODDISFATTO. Flusso netto: 3.43, Demand: 3.43, percentage: 100.0
Sink 4 SODDISFATTO. Flusso netto: 0.5700000000000003, Demand: 0.57, percentage: 100.00000000000007
Sink 5 SODDISFATTO. Flusso netto: 0.6600000000000001, Demand: 0.66, percentage: 100.00000000000003
Sink 11 SODDISFATTO. Flusso netto: 1.03, Demand: 1.03, percentage: 100.0
Sink 15 SODDISFATTO. Flusso netto: 0.46, Demand: 0.46, percentage: 100.0
Sink 16 SODDISFATTO. Flusso netto: 8.400000000000002, Demand: 8.4, percentage: 100.00000000000003
Sink 19 SODDISFATTO. Flusso netto: 0.5399999999999991, Demand: 0.54, percentage: 99.99999999999983
Sink 23 SODDISFATTO. Flusso netto: 0.5999999999999999, Demand: 0.6, percentage: 99.99999999999997
Sink 24 SODDISFATTO. Flusso netto: 0.8, Demand: 0.8, percentage: 100.0
Sink 25 SODDISFATTO. Flusso netto: 3.5, Demand: 3.5, percentage: 100.0
Sink 26 SODDISFATTO. Flusso netto: 6.000000000000002, Demand: 6.0, percentage: 100.00000000000003
Sink 28 SODDISFATTO. Flusso netto: 0.4, Demand: 0.4, percentage: 100.0
Sink 30 SODDISFATTO. Flusso netto: 0.9799999999999986, Demand: 0.98, percentage: 99.99999999999987
Sink 31 SODDISFATTO. Flusso netto: 0.4, Demand: 0.4, percentage: 100.0
Sink 32 SODDISFATTO. Flusso netto: 0.9999999999999996, Demand: 1.0, percentage: 99.99999999999996
Sink 34 SODDISFATTO. Flusso netto: 1.74, Demand: 1.74, percentage: 100.0
Sink 35 SODDISFATTO. Flusso netto: 1.3, Demand: 1.3, percentage: 100.0
Sink 37 SODDISFATTO. Flusso netto: 1.0, Demand: 1.0, percentage: 100.0
Sink 39 SODDISFATTO. Flusso netto: 0.4, Demand: 0.4, percentage: 100.0
Sink 40 SODDISFATTO. Flusso netto: 0.5, Demand: 0.5, percentage: 100.0
Sink 41 SODDISFATTO. Flusso netto: 1.06, Demand: 1.06, percentage: 100.0
Sink 42 SODDISFATTO. Flusso netto: 2.8199999999999994, Demand: 2.82, percentage: 99.99999999999999
Sink 45 SODDISFATTO. Flusso netto: 0.68, Demand: 0.68, percentage: 100.0
Sink 46 SODDISFATTO. Flusso netto: 1.17, Demand: 1.17, percentage: 100.0
Sink 49 non è soddisfatto. Flusso netto: 6.6499999999999995, Demand: 7.0, percentage: 95.0
Flusso totale entrante nei SINK: 92.61000000000001
Flusso totale uscente nei SINK: 46.52
Flusso totale netto nei SINK: 46.09000000000001
Total DEMAND dei SINK: 46.44
Percentual di flusso ai SINK: 0.9924633936261846
Numero di Sink soddisfatti: 24.0, numero totale di sink: 25.0
Percentuale di Sink soddisfatti: 0.96

---------------------------------- DAY 2

Update Fixed Elements from Intrinsic Faults
Update Fixed Elements from Heavy Faults
Update Fixed Elements from Attack
Propagate Intrinsic Fault
Node NODO_2 has still failing due to Intrinsic Fault
pipeline ARCO_70 still has reduced capacity: 24.8 due to Intrinsic Fault
pipeline V_EDGE_53_0 still has reduced capacity: 24.8 due to Intrinsic Fault
pipeline ARCO_0 still has reduced capacity: 24.8 due to Intrinsic Fault
Propagate Heavy Faults
Propagate Attacks
Inject Intrinsic Failure To Source
Source NODO_2 is failing for an Intrinsic Fault in day: 2
pipeline ARCO_70 has reduced capacity due to NODO_2 Intrinsic fault
pipeline V_EDGE_53_0 has reduced capacity due to NODO_2 Intrinsic fault
pipeline ARCO_0 has reduced capacity due to NODO_2 Intrinsic fault
Inject Heavy Fault To Sources
Inject Attack Multiple To Source
Inject Intrinsic Fault To Pipeline
Inject Heavy Fault To Pipeline
Inject Attack To Pipeline
----------- Statistics ------------
	Sources Under Attack: 0
	Sources with Heavy Fault: 0
	Sources with Intrinsic Fault: 1
	Arcs with reduce capacity due to Attack: 0
	Arcs with reduce capacity due to Heavy Fault: 0
	Arcs with reduce capacity due to Intrinsic Fault: 3
	Arcs with Attacks: 0
	Arcs with Heavy Fault: 0
	Arcs with Intrinsic Fault: 0
--------- SOURCES STATISTICS ---------------
Demand del real Source[0]: -31.0, flusso erogato: 10.129999999999997, flusso entrante: 0.0, efficienza: 32.6774193548387 %
Demand del real Source[8]: -10.5, flusso erogato: 3.8600000000000003, flusso entrante: 0.0, efficienza: 36.76190476190476 %
Demand del real Source[9]: -7.1, flusso erogato: 16.229999999999997, flusso entrante: 9.129999999999997, efficienza: 228.59154929577463 %
Demand del real Source[17]: -25.0, flusso erogato: 25.000000000000007, flusso entrante: 0.0, efficienza: 100.00000000000003 %
Flusso totale entrante nei Real Source: 9.129999999999997
Flusso totale uscente dai Real Source: 55.220000000000006
Flusso netto sui real Source: -46.09000000000001
--- SINKS STATISTICS ---
Sink 3 SODDISFATTO. Flusso netto: 3.43, Demand: 3.43, percentage: 100.0
Sink 4 SODDISFATTO. Flusso netto: 0.5700000000000003, Demand: 0.57, percentage: 100.00000000000007
Sink 5 SODDISFATTO. Flusso netto: 0.6600000000000001, Demand: 0.66, percentage: 100.00000000000003
Sink 11 SODDISFATTO. Flusso netto: 1.03, Demand: 1.03, percentage: 100.0
Sink 15 SODDISFATTO. Flusso netto: 0.46, Demand: 0.46, percentage: 100.0
Sink 16 SODDISFATTO. Flusso netto: 8.400000000000002, Demand: 8.4, percentage: 100.00000000000003
Sink 19 SODDISFATTO. Flusso netto: 0.5399999999999991, Demand: 0.54, percentage: 99.99999999999983
Sink 23 SODDISFATTO. Flusso netto: 0.5999999999999999, Demand: 0.6, percentage: 99.99999999999997
Sink 24 SODDISFATTO. Flusso netto: 0.8, Demand: 0.8, percentage: 100.0
Sink 25 SODDISFATTO. Flusso netto: 3.5, Demand: 3.5, percentage: 100.0
Sink 26 SODDISFATTO. Flusso netto: 6.000000000000002, Demand: 6.0, percentage: 100.00000000000003
Sink 28 SODDISFATTO. Flusso netto: 0.4, Demand: 0.4, percentage: 100.0
Sink 30 SODDISFATTO. Flusso netto: 0.9799999999999986, Demand: 0.98, percentage: 99.99999999999987
Sink 31 SODDISFATTO. Flusso netto: 0.4, Demand: 0.4, percentage: 100.0
Sink 32 SODDISFATTO. Flusso netto: 0.9999999999999996, Demand: 1.0, percentage: 99.99999999999996
Sink 34 SODDISFATTO. Flusso netto: 1.74, Demand: 1.74, percentage: 100.0
Sink 35 SODDISFATTO. Flusso netto: 1.3, Demand: 1.3, percentage: 100.0
Sink 37 SODDISFATTO. Flusso netto: 1.0, Demand: 1.0, percentage: 100.0
Sink 39 SODDISFATTO. Flusso netto: 0.4, Demand: 0.4, percentage: 100.0
Sink 40 SODDISFATTO. Flusso netto: 0.5, Demand: 0.5, percentage: 100.0
Sink 41 SODDISFATTO. Flusso netto: 1.06, Demand: 1.06, percentage: 100.0
Sink 42 SODDISFATTO. Flusso netto: 2.8199999999999994, Demand: 2.82, percentage: 99.99999999999999
Sink 45 SODDISFATTO. Flusso netto: 0.68, Demand: 0.68, percentage: 100.0
Sink 46 SODDISFATTO. Flusso netto: 1.17, Demand: 1.17, percentage: 100.0
Sink 49 non è soddisfatto. Flusso netto: 6.6499999999999995, Demand: 7.0, percentage: 95.0
Flusso totale entrante nei SINK: 92.61000000000001
Flusso totale uscente nei SINK: 46.52
Flusso totale netto nei SINK: 46.09000000000001
Total DEMAND dei SINK: 46.44
Percentual di flusso ai SINK: 0.9924633936261846
Numero di Sink soddisfatti: 24.0, numero totale di sink: 25.0
Percentuale di Sink soddisfatti: 0.96

---------------------------------- DAY 3

Update Fixed Elements from Intrinsic Faults
Update Fixed Elements from Heavy Faults
Update Fixed Elements from Attack
Propagate Intrinsic Fault
Node NODO_2 has still failing due to Intrinsic Fault
pipeline ARCO_70 still has reduced capacity: 24.8 due to Intrinsic Fault
pipeline V_EDGE_53_0 still has reduced capacity: 24.8 due to Intrinsic Fault
pipeline ARCO_0 still has reduced capacity: 24.8 due to Intrinsic Fault
Propagate Heavy Faults
Propagate Attacks
Inject Intrinsic Failure To Source
Source NODO_2 is failing for an Intrinsic Fault in day: 3
pipeline ARCO_70 has reduced capacity due to NODO_2 Intrinsic fault
pipeline V_EDGE_53_0 has reduced capacity due to NODO_2 Intrinsic fault
pipeline ARCO_0 has reduced capacity due to NODO_2 Intrinsic fault
Inject Heavy Fault To Sources
Inject Attack Multiple To Source
Inject Intrinsic Fault To Pipeline
Inject Heavy Fault To Pipeline
Inject Attack To Pipeline
----------- Statistics ------------
	Sources Under Attack: 0
	Sources with Heavy Fault: 0
	Sources with Intrinsic Fault: 1
	Arcs with reduce capacity due to Attack: 0
	Arcs with reduce capacity due to Heavy Fault: 0
	Arcs with reduce capacity due to Intrinsic Fault: 3
	Arcs with Attacks: 0
	Arcs with Heavy Fault: 0
	Arcs with Intrinsic Fault: 0
--------- SOURCES STATISTICS ---------------
Demand del real Source[0]: -31.0, flusso erogato: 10.129999999999997, flusso entrante: 0.0, efficienza: 32.6774193548387 %
Demand del real Source[8]: -10.5, flusso erogato: 3.8600000000000003, flusso entrante: 0.0, efficienza: 36.76190476190476 %
Demand del real Source[9]: -7.1, flusso erogato: 16.229999999999997, flusso entrante: 9.129999999999997, efficienza: 228.59154929577463 %
Demand del real Source[17]: -25.0, flusso erogato: 25.000000000000007, flusso entrante: 0.0, efficienza: 100.00000000000003 %
Flusso totale entrante nei Real Source: 9.129999999999997
Flusso totale uscente dai Real Source: 55.220000000000006
Flusso netto sui real Source: -46.09000000000001
--- SINKS STATISTICS ---
Sink 3 SODDISFATTO. Flusso netto: 3.43, Demand: 3.43, percentage: 100.0
Sink 4 SODDISFATTO. Flusso netto: 0.5700000000000003, Demand: 0.57, percentage: 100.00000000000007
Sink 5 SODDISFATTO. Flusso netto: 0.6600000000000001, Demand: 0.66, percentage: 100.00000000000003
Sink 11 SODDISFATTO. Flusso netto: 1.03, Demand: 1.03, percentage: 100.0
Sink 15 SODDISFATTO. Flusso netto: 0.46, Demand: 0.46, percentage: 100.0
Sink 16 SODDISFATTO. Flusso netto: 8.400000000000002, Demand: 8.4, percentage: 100.00000000000003
Sink 19 SODDISFATTO. Flusso netto: 0.5399999999999991, Demand: 0.54, percentage: 99.99999999999983
Sink 23 SODDISFATTO. Flusso netto: 0.5999999999999999, Demand: 0.6, percentage: 99.99999999999997
Sink 24 SODDISFATTO. Flusso netto: 0.8, Demand: 0.8, percentage: 100.0
Sink 25 SODDISFATTO. Flusso netto: 3.5, Demand: 3.5, percentage: 100.0
Sink 26 SODDISFATTO. Flusso netto: 6.000000000000002, Demand: 6.0, percentage: 100.00000000000003
Sink 28 SODDISFATTO. Flusso netto: 0.4, Demand: 0.4, percentage: 100.0
Sink 30 SODDISFATTO. Flusso netto: 0.9799999999999986, Demand: 0.98, percentage: 99.99999999999987
Sink 31 SODDISFATTO. Flusso netto: 0.4, Demand: 0.4, percentage: 100.0
Sink 32 SODDISFATTO. Flusso netto: 0.9999999999999996, Demand: 1.0, percentage: 99.99999999999996
Sink 34 SODDISFATTO. Flusso netto: 1.74, Demand: 1.74, percentage: 100.0
Sink 35 SODDISFATTO. Flusso netto: 1.3, Demand: 1.3, percentage: 100.0
Sink 37 SODDISFATTO. Flusso netto: 1.0, Demand: 1.0, percentage: 100.0
Sink 39 SODDISFATTO. Flusso netto: 0.4, Demand: 0.4, percentage: 100.0
Sink 40 SODDISFATTO. Flusso netto: 0.5, Demand: 0.5, percentage: 100.0
Sink 41 SODDISFATTO. Flusso netto: 1.06, Demand: 1.06, percentage: 100.0
Sink 42 SODDISFATTO. Flusso netto: 2.8199999999999994, Demand: 2.82, percentage: 99.99999999999999
Sink 45 SODDISFATTO. Flusso netto: 0.68, Demand: 0.68, percentage: 100.0
Sink 46 SODDISFATTO. Flusso netto: 1.17, Demand: 1.17, percentage: 100.0
Sink 49 non è soddisfatto. Flusso netto: 6.6499999999999995, Demand: 7.0, percentage: 95.0
Flusso totale entrante nei SINK: 92.61000000000001
Flusso totale uscente nei SINK: 46.52
Flusso totale netto nei SINK: 46.09000000000001
Total DEMAND dei SINK: 46.44
Percentual di flusso ai SINK: 0.9924633936261846
Numero di Sink soddisfatti: 24.0, numero totale di sink: 25.0
Percentuale di Sink soddisfatti: 0.96

---------------------------------- DAY 4

Update Fixed Elements from Intrinsic Faults
Source NODO_2 fixed from Intrinsic Fault
Pipeline ARCO_70 fixed due to Source NODO_2 fixing from Intrinsic Fault
Pipeline V_EDGE_53_0 fixed due to Source NODO_2 fixing from Intrinsic Fault
Pipeline ARCO_0 fixed due to Source NODO_2 fixing from Intrinsic Fault
Update Fixed Elements from Heavy Faults
Update Fixed Elements from Attack
Propagate Intrinsic Fault
Propagate Heavy Faults
Propagate Attacks
Inject Intrinsic Failure To Source
Inject Heavy Fault To Sources
Inject Attack Multiple To Source
Inject Intrinsic Fault To Pipeline
Inject Heavy Fault To Pipeline
Inject Attack To Pipeline
----------- Statistics ------------
	Sources Under Attack: 0
	Sources with Heavy Fault: 0
	Sources with Intrinsic Fault: 0
	Arcs with reduce capacity due to Attack: 0
	Arcs with reduce capacity due to Heavy Fault: 0
	Arcs with reduce capacity due to Intrinsic Fault: 0
	Arcs with Attacks: 0
	Arcs with Heavy Fault: 0
	Arcs with Intrinsic Fault: 0
--------- SOURCES STATISTICS ---------------
Demand del real Source[0]: -31.0, flusso erogato: 10.129999999999997, flusso entrante: 0.0, efficienza: 32.6774193548387 %
Demand del real Source[8]: -10.5, flusso erogato: 3.8600000000000003, flusso entrante: 0.0, efficienza: 36.76190476190476 %
Demand del real Source[9]: -7.1, flusso erogato: 16.229999999999997, flusso entrante: 9.129999999999997, efficienza: 228.59154929577463 %
Demand del real Source[17]: -25.0, flusso erogato: 25.000000000000007, flusso entrante: 0.0, efficienza: 100.00000000000003 %
Flusso totale entrante nei Real Source: 9.129999999999997
Flusso totale uscente dai Real Source: 55.220000000000006
Flusso netto sui real Source: -46.09000000000001
--- SINKS STATISTICS ---
Sink 3 SODDISFATTO. Flusso netto: 3.43, Demand: 3.43, percentage: 100.0
Sink 4 SODDISFATTO. Flusso netto: 0.5700000000000003, Demand: 0.57, percentage: 100.00000000000007
Sink 5 SODDISFATTO. Flusso netto: 0.6600000000000001, Demand: 0.66, percentage: 100.00000000000003
Sink 11 SODDISFATTO. Flusso netto: 1.03, Demand: 1.03, percentage: 100.0
Sink 15 SODDISFATTO. Flusso netto: 0.46, Demand: 0.46, percentage: 100.0
Sink 16 SODDISFATTO. Flusso netto: 8.400000000000002, Demand: 8.4, percentage: 100.00000000000003
Sink 19 SODDISFATTO. Flusso netto: 0.5399999999999991, Demand: 0.54, percentage: 99.99999999999983
Sink 23 SODDISFATTO. Flusso netto: 0.5999999999999999, Demand: 0.6, percentage: 99.99999999999997
Sink 24 SODDISFATTO. Flusso netto: 0.8, Demand: 0.8, percentage: 100.0
Sink 25 SODDISFATTO. Flusso netto: 3.5, Demand: 3.5, percentage: 100.0
Sink 26 SODDISFATTO. Flusso netto: 6.000000000000002, Demand: 6.0, percentage: 100.00000000000003
Sink 28 SODDISFATTO. Flusso netto: 0.4, Demand: 0.4, percentage: 100.0
Sink 30 SODDISFATTO. Flusso netto: 0.9799999999999986, Demand: 0.98, percentage: 99.99999999999987
Sink 31 SODDISFATTO. Flusso netto: 0.4, Demand: 0.4, percentage: 100.0
Sink 32 SODDISFATTO. Flusso netto: 0.9999999999999996, Demand: 1.0, percentage: 99.99999999999996
Sink 34 SODDISFATTO. Flusso netto: 1.74, Demand: 1.74, percentage: 100.0
Sink 35 SODDISFATTO. Flusso netto: 1.3, Demand: 1.3, percentage: 100.0
Sink 37 SODDISFATTO. Flusso netto: 1.0, Demand: 1.0, percentage: 100.0
Sink 39 SODDISFATTO. Flusso netto: 0.4, Demand: 0.4, percentage: 100.0
Sink 40 SODDISFATTO. Flusso netto: 0.5, Demand: 0.5, percentage: 100.0
Sink 41 SODDISFATTO. Flusso netto: 1.06, Demand: 1.06, percentage: 100.0
Sink 42 SODDISFATTO. Flusso netto: 2.8199999999999994, Demand: 2.82, percentage: 99.99999999999999
Sink 45 SODDISFATTO. Flusso netto: 0.68, Demand: 0.68, percentage: 100.0
Sink 46 SODDISFATTO. Flusso netto: 1.17, Demand: 1.17, percentage: 100.0
Sink 49 non è soddisfatto. Flusso netto: 6.6499999999999995, Demand: 7.0, percentage: 95.0
Flusso totale entrante nei SINK: 92.61000000000001
Flusso totale uscente nei SINK: 46.52
Flusso totale netto nei SINK: 46.09000000000001
Total DEMAND dei SINK: 46.44
Percentual di flusso ai SINK: 0.9924633936261846
Numero di Sink soddisfatti: 24.0, numero totale di sink: 25.0
Percentuale di Sink soddisfatti: 0.96

---------------------------------- DAY 5

Update Fixed Elements from Intrinsic Faults
Update Fixed Elements from Heavy Faults
Update Fixed Elements from Attack
Propagate Intrinsic Fault
Propagate Heavy Faults
Propagate Attacks
Inject Intrinsic Failure To Source
Source NODO_2 is failing for an Intrinsic Fault in day: 5
pipeline ARCO_70 has reduced capacity due to NODO_2 Intrinsic fault
pipeline V_EDGE_53_0 has reduced capacity due to NODO_2 Intrinsic fault
pipeline ARCO_0 has reduced capacity due to NODO_2 Intrinsic fault
Inject Heavy Fault To Sources
Inject Attack Multiple To Source
Inject Intrinsic Fault To Pipeline
Inject Heavy Fault To Pipeline
Inject Attack To Pipeline
----------- Statistics ------------
	Sources Under Attack: 0
	Sources with Heavy Fault: 0
	Sources with Intrinsic Fault: 1
	Arcs with reduce capacity due to Attack: 0
	Arcs with reduce capacity due to Heavy Fault: 0
	Arcs with reduce capacity due to Intrinsic Fault: 3
	Arcs with Attacks: 0
	Arcs with Heavy Fault: 0
	Arcs with Intrinsic Fault: 0
--------- SOURCES STATISTICS ---------------
Demand del real Source[0]: -31.0, flusso erogato: 10.129999999999997, flusso entrante: 0.0, efficienza: 32.6774193548387 %
Demand del real Source[8]: -10.5, flusso erogato: 3.8600000000000003, flusso entrante: 0.0, efficienza: 36.76190476190476 %
Demand del real Source[9]: -7.1, flusso erogato: 16.229999999999997, flusso entrante: 9.129999999999997, efficienza: 228.59154929577463 %
Demand del real Source[17]: -25.0, flusso erogato: 25.000000000000007, flusso entrante: 0.0, efficienza: 100.00000000000003 %
Flusso totale entrante nei Real Source: 9.129999999999997
Flusso totale uscente dai Real Source: 55.220000000000006
Flusso netto sui real Source: -46.09000000000001
--- SINKS STATISTICS ---
Sink 3 SODDISFATTO. Flusso netto: 3.43, Demand: 3.43, percentage: 100.0
Sink 4 SODDISFATTO. Flusso netto: 0.5700000000000003, Demand: 0.57, percentage: 100.00000000000007
Sink 5 SODDISFATTO. Flusso netto: 0.6600000000000001, Demand: 0.66, percentage: 100.00000000000003
Sink 11 SODDISFATTO. Flusso netto: 1.03, Demand: 1.03, percentage: 100.0
Sink 15 SODDISFATTO. Flusso netto: 0.46, Demand: 0.46, percentage: 100.0
Sink 16 SODDISFATTO. Flusso netto: 8.400000000000002, Demand: 8.4, percentage: 100.00000000000003
Sink 19 SODDISFATTO. Flusso netto: 0.5399999999999991, Demand: 0.54, percentage: 99.99999999999983
Sink 23 SODDISFATTO. Flusso netto: 0.5999999999999999, Demand: 0.6, percentage: 99.99999999999997
Sink 24 SODDISFATTO. Flusso netto: 0.8, Demand: 0.8, percentage: 100.0
Sink 25 SODDISFATTO. Flusso netto: 3.5, Demand: 3.5, percentage: 100.0
Sink 26 SODDISFATTO. Flusso netto: 6.000000000000002, Demand: 6.0, percentage: 100.00000000000003
Sink 28 SODDISFATTO. Flusso netto: 0.4, Demand: 0.4, percentage: 100.0
Sink 30 SODDISFATTO. Flusso netto: 0.9799999999999986, Demand: 0.98, percentage: 99.99999999999987
Sink 31 SODDISFATTO. Flusso netto: 0.4, Demand: 0.4, percentage: 100.0
Sink 32 SODDISFATTO. Flusso netto: 0.9999999999999996, Demand: 1.0, percentage: 99.99999999999996
Sink 34 SODDISFATTO. Flusso netto: 1.74, Demand: 1.74, percentage: 100.0
Sink 35 SODDISFATTO. Flusso netto: 1.3, Demand: 1.3, percentage: 100.0
Sink 37 SODDISFATTO. Flusso netto: 1.0, Demand: 1.0, percentage: 100.0
Sink 39 SODDISFATTO. Flusso netto: 0.4, Demand: 0.4, percentage: 100.0
Sink 40 SODDISFATTO. Flusso netto: 0.5, Demand: 0.5, percentage: 100.0
Sink 41 SODDISFATTO. Flusso netto: 1.06, Demand: 1.06, percentage: 100.0
Sink 42 SODDISFATTO. Flusso netto: 2.8199999999999994, Demand: 2.82, percentage: 99.99999999999999
Sink 45 SODDISFATTO. Flusso netto: 0.68, Demand: 0.68, percentage: 100.0
Sink 46 SODDISFATTO. Flusso netto: 1.17, Demand: 1.17, percentage: 100.0
Sink 49 non è soddisfatto. Flusso netto: 6.6499999999999995, Demand: 7.0, percentage: 95.0
Flusso totale entrante nei SINK: 92.61000000000001
Flusso totale uscente nei SINK: 46.52
Flusso totale netto nei SINK: 46.09000000000001
Total DEMAND dei SINK: 46.44
Percentual di flusso ai SINK: 0.9924633936261846
Numero di Sink soddisfatti: 24.0, numero totale di sink: 25.0
Percentuale di Sink soddisfatti: 0.96

---------------------------------- DAY 6

Update Fixed Elements from Intrinsic Faults
Update Fixed Elements from Heavy Faults
Update Fixed Elements from Attack
Propagate Intrinsic Fault
Node NODO_2 has still failing due to Intrinsic Fault
pipeline ARCO_70 still has reduced capacity: 24.8 due to Intrinsic Fault
pipeline V_EDGE_53_0 still has reduced capacity: 24.8 due to Intrinsic Fault
pipeline ARCO_0 still has reduced capacity: 24.8 due to Intrinsic Fault
Propagate Heavy Faults
Propagate Attacks
Inject Intrinsic Failure To Source
Source NODO_11 is failing for an Intrinsic Fault in day: 6
pipeline ARCO_3 has reduced capacity due to NODO_11 Intrinsic fault
pipeline ARCO_90 has reduced capacity due to NODO_11 Intrinsic fault
pipeline ARCO_91 has reduced capacity due to NODO_11 Intrinsic fault
pipeline ARCO_92 has reduced capacity due to NODO_11 Intrinsic fault
pipeline V_EDGE_53_9 has reduced capacity due to NODO_11 Intrinsic fault
pipeline ARCO_20 has reduced capacity due to NODO_11 Intrinsic fault
pipeline ARCO_21 has reduced capacity due to NODO_11 Intrinsic fault
pipeline ARCO_22 has reduced capacity due to NODO_11 Intrinsic fault
pipeline ARCO_73 has reduced capacity due to NODO_11 Intrinsic fault
Inject Heavy Fault To Sources
Inject Attack Multiple To Source
Inject Intrinsic Fault To Pipeline
Inject Heavy Fault To Pipeline
Inject Attack To Pipeline
----------- Statistics ------------
	Sources Under Attack: 0
	Sources with Heavy Fault: 0
	Sources with Intrinsic Fault: 2
	Arcs with reduce capacity due to Attack: 0
	Arcs with reduce capacity due to Heavy Fault: 0
	Arcs with reduce capacity due to Intrinsic Fault: 12
	Arcs with Attacks: 0
	Arcs with Heavy Fault: 0
	Arcs with Intrinsic Fault: 0
--------- SOURCES STATISTICS ---------------
Demand del real Source[0]: -31.0, flusso erogato: 11.397999999999998, flusso entrante: 0.0, efficienza: 36.76774193548387 %
Demand del real Source[8]: -10.5, flusso erogato: 3.8600000000000003, flusso entrante: 0.0, efficienza: 36.76190476190476 %
Demand del real Source[9]: -7.1, flusso erogato: 16.077999999999996, flusso entrante: 10.397999999999998, efficienza: 226.45070422535207 %
Demand del real Source[17]: -25.0, flusso erogato: 25.000000000000007, flusso entrante: 0.0, efficienza: 100.00000000000003 %
Flusso totale entrante nei Real Source: 10.397999999999998
Flusso totale uscente dai Real Source: 56.336000000000006
Flusso netto sui real Source: -45.93800000000001
--- SINKS STATISTICS ---
Sink 3 SODDISFATTO. Flusso netto: 3.43, Demand: 3.43, percentage: 100.0
Sink 4 SODDISFATTO. Flusso netto: 0.5700000000000003, Demand: 0.57, percentage: 100.00000000000007
Sink 5 SODDISFATTO. Flusso netto: 0.6600000000000001, Demand: 0.66, percentage: 100.00000000000003
Sink 11 SODDISFATTO. Flusso netto: 1.03, Demand: 1.03, percentage: 100.0
Sink 15 SODDISFATTO. Flusso netto: 0.46, Demand: 0.46, percentage: 100.0
Sink 16 SODDISFATTO. Flusso netto: 8.400000000000002, Demand: 8.4, percentage: 100.00000000000003
Sink 19 SODDISFATTO. Flusso netto: 0.5399999999999991, Demand: 0.54, percentage: 99.99999999999983
Sink 23 SODDISFATTO. Flusso netto: 0.5999999999999999, Demand: 0.6, percentage: 99.99999999999997
Sink 24 SODDISFATTO. Flusso netto: 0.8, Demand: 0.8, percentage: 100.0
Sink 25 SODDISFATTO. Flusso netto: 3.5, Demand: 3.5, percentage: 100.0
Sink 26 SODDISFATTO. Flusso netto: 6.000000000000002, Demand: 6.0, percentage: 100.00000000000003
Sink 28 SODDISFATTO. Flusso netto: 0.4, Demand: 0.4, percentage: 100.0
Sink 30 SODDISFATTO. Flusso netto: 0.9799999999999986, Demand: 0.98, percentage: 99.99999999999987
Sink 31 SODDISFATTO. Flusso netto: 0.4, Demand: 0.4, percentage: 100.0
Sink 32 SODDISFATTO. Flusso netto: 0.9999999999999996, Demand: 1.0, percentage: 99.99999999999996
Sink 34 SODDISFATTO. Flusso netto: 1.74, Demand: 1.74, percentage: 100.0
Sink 35 SODDISFATTO. Flusso netto: 1.3, Demand: 1.3, percentage: 100.0
Sink 37 SODDISFATTO. Flusso netto: 1.0, Demand: 1.0, percentage: 100.0
Sink 39 SODDISFATTO. Flusso netto: 0.4, Demand: 0.4, percentage: 100.0
Sink 40 SODDISFATTO. Flusso netto: 0.5, Demand: 0.5, percentage: 100.0
Sink 41 SODDISFATTO. Flusso netto: 1.0599999999999996, Demand: 1.06, percentage: 99.99999999999996
Sink 42 SODDISFATTO. Flusso netto: 2.8200000000000003, Demand: 2.82, percentage: 100.00000000000003
Sink 45 SODDISFATTO. Flusso netto: 0.68, Demand: 0.68, percentage: 100.0
Sink 46 SODDISFATTO. Flusso netto: 1.17, Demand: 1.17, percentage: 100.0
Sink 49 non è soddisfatto. Flusso netto: 6.497999999999999, Demand: 7.0, percentage: 92.82857142857142
Flusso totale entrante nei SINK: 95.24200000000002
Flusso totale uscente nei SINK: 49.304
Flusso totale netto nei SINK: 45.93800000000002
Total DEMAND dei SINK: 46.44
Percentual di flusso ai SINK: 0.989190353143842
Numero di Sink soddisfatti: 24.0, numero totale di sink: 25.0
Percentuale di Sink soddisfatti: 0.96

---------------------------------- DAY 7

Update Fixed Elements from Intrinsic Faults
Update Fixed Elements from Heavy Faults
Update Fixed Elements from Attack
Propagate Intrinsic Fault
Node NODO_2 has still failing due to Intrinsic Fault
Node NODO_11 has still failing due to Intrinsic Fault
pipeline ARCO_70 still has reduced capacity: 24.8 due to Intrinsic Fault
pipeline V_EDGE_53_0 still has reduced capacity: 24.8 due to Intrinsic Fault
pipeline ARCO_0 still has reduced capacity: 24.8 due to Intrinsic Fault
pipeline ARCO_3 still has reduced capacity: 9.688 due to Intrinsic Fault
pipeline ARCO_90 still has reduced capacity: 1.6 due to Intrinsic Fault
pipeline ARCO_91 still has reduced capacity: 9.688 due to Intrinsic Fault
pipeline ARCO_92 still has reduced capacity: 39.328 due to Intrinsic Fault
pipeline V_EDGE_53_9 still has reduced capacity: 5.68 due to Intrinsic Fault
pipeline ARCO_20 still has reduced capacity: 1.6 due to Intrinsic Fault
pipeline ARCO_21 still has reduced capacity: 9.688 due to Intrinsic Fault
pipeline ARCO_22 still has reduced capacity: 39.328 due to Intrinsic Fault
pipeline ARCO_73 still has reduced capacity: 9.688 due to Intrinsic Fault
Propagate Heavy Faults
Propagate Attacks
Inject Intrinsic Failure To Source
Inject Heavy Fault To Sources
Inject Attack Multiple To Source
Inject Intrinsic Fault To Pipeline
Inject Heavy Fault To Pipeline
Inject Attack To Pipeline
----------- Statistics ------------
	Sources Under Attack: 0
	Sources with Heavy Fault: 0
	Sources with Intrinsic Fault: 2
	Arcs with reduce capacity due to Attack: 0
	Arcs with reduce capacity due to Heavy Fault: 0
	Arcs with reduce capacity due to Intrinsic Fault: 12
	Arcs with Attacks: 0
	Arcs with Heavy Fault: 0
	Arcs with Intrinsic Fault: 0
--------- SOURCES STATISTICS ---------------
Demand del real Source[0]: -31.0, flusso erogato: 11.397999999999998, flusso entrante: 0.0, efficienza: 36.76774193548387 %
Demand del real Source[8]: -10.5, flusso erogato: 3.8600000000000003, flusso entrante: 0.0, efficienza: 36.76190476190476 %
Demand del real Source[9]: -7.1, flusso erogato: 16.077999999999996, flusso entrante: 10.397999999999998, efficienza: 226.45070422535207 %
Demand del real Source[17]: -25.0, flusso erogato: 25.000000000000007, flusso entrante: 0.0, efficienza: 100.00000000000003 %
Flusso totale entrante nei Real Source: 10.397999999999998
Flusso totale uscente dai Real Source: 56.336000000000006
Flusso netto sui real Source: -45.93800000000001
--- SINKS STATISTICS ---
Sink 3 SODDISFATTO. Flusso netto: 3.43, Demand: 3.43, percentage: 100.0
Sink 4 SODDISFATTO. Flusso netto: 0.5700000000000003, Demand: 0.57, percentage: 100.00000000000007
Sink 5 SODDISFATTO. Flusso netto: 0.6600000000000001, Demand: 0.66, percentage: 100.00000000000003
Sink 11 SODDISFATTO. Flusso netto: 1.03, Demand: 1.03, percentage: 100.0
Sink 15 SODDISFATTO. Flusso netto: 0.46, Demand: 0.46, percentage: 100.0
Sink 16 SODDISFATTO. Flusso netto: 8.400000000000002, Demand: 8.4, percentage: 100.00000000000003
Sink 19 SODDISFATTO. Flusso netto: 0.5399999999999991, Demand: 0.54, percentage: 99.99999999999983
Sink 23 SODDISFATTO. Flusso netto: 0.5999999999999999, Demand: 0.6, percentage: 99.99999999999997
Sink 24 SODDISFATTO. Flusso netto: 0.8, Demand: 0.8, percentage: 100.0
Sink 25 SODDISFATTO. Flusso netto: 3.5, Demand: 3.5, percentage: 100.0
Sink 26 SODDISFATTO. Flusso netto: 6.000000000000002, Demand: 6.0, percentage: 100.00000000000003
Sink 28 SODDISFATTO. Flusso netto: 0.4, Demand: 0.4, percentage: 100.0
Sink 30 SODDISFATTO. Flusso netto: 0.9799999999999986, Demand: 0.98, percentage: 99.99999999999987
Sink 31 SODDISFATTO. Flusso netto: 0.4, Demand: 0.4, percentage: 100.0
Sink 32 SODDISFATTO. Flusso netto: 0.9999999999999996, Demand: 1.0, percentage: 99.99999999999996
Sink 34 SODDISFATTO. Flusso netto: 1.74, Demand: 1.74, percentage: 100.0
Sink 35 SODDISFATTO. Flusso netto: 1.3, Demand: 1.3, percentage: 100.0
Sink 37 SODDISFATTO. Flusso netto: 1.0, Demand: 1.0, percentage: 100.0
Sink 39 SODDISFATTO. Flusso netto: 0.4, Demand: 0.4, percentage: 100.0
Sink 40 SODDISFATTO. Flusso netto: 0.5, Demand: 0.5, percentage: 100.0
Sink 41 SODDISFATTO. Flusso netto: 1.0599999999999996, Demand: 1.06, percentage: 99.99999999999996
Sink 42 SODDISFATTO. Flusso netto: 2.8200000000000003, Demand: 2.82, percentage: 100.00000000000003
Sink 45 SODDISFATTO. Flusso netto: 0.68, Demand: 0.68, percentage: 100.0
Sink 46 SODDISFATTO. Flusso netto: 1.17, Demand: 1.17, percentage: 100.0
Sink 49 non è soddisfatto. Flusso netto: 6.497999999999999, Demand: 7.0, percentage: 92.82857142857142
Flusso totale entrante nei SINK: 95.24200000000002
Flusso totale uscente nei SINK: 49.304
Flusso totale netto nei SINK: 45.93800000000002
Total DEMAND dei SINK: 46.44
Percentual di flusso ai SINK: 0.989190353143842
Numero di Sink soddisfatti: 24.0, numero totale di sink: 25.0
Percentuale di Sink soddisfatti: 0.96

---------------------------------- DAY 8

Update Fixed Elements from Intrinsic Faults
Source NODO_2 fixed from Intrinsic Fault
Pipeline ARCO_70 fixed due to Source NODO_2 fixing from Intrinsic Fault
Pipeline V_EDGE_53_0 fixed due to Source NODO_2 fixing from Intrinsic Fault
Pipeline ARCO_0 fixed due to Source NODO_2 fixing from Intrinsic Fault
Update Fixed Elements from Heavy Faults
Update Fixed Elements from Attack
Propagate Intrinsic Fault
Node NODO_11 has still failing due to Intrinsic Fault
pipeline ARCO_3 still has reduced capacity: 9.688 due to Intrinsic Fault
pipeline ARCO_90 still has reduced capacity: 1.6 due to Intrinsic Fault
pipeline ARCO_91 still has reduced capacity: 9.688 due to Intrinsic Fault
pipeline ARCO_92 still has reduced capacity: 39.328 due to Intrinsic Fault
pipeline V_EDGE_53_9 still has reduced capacity: 5.68 due to Intrinsic Fault
pipeline ARCO_20 still has reduced capacity: 1.6 due to Intrinsic Fault
pipeline ARCO_21 still has reduced capacity: 9.688 due to Intrinsic Fault
pipeline ARCO_22 still has reduced capacity: 39.328 due to Intrinsic Fault
pipeline ARCO_73 still has reduced capacity: 9.688 due to Intrinsic Fault
Propagate Heavy Faults
Propagate Attacks
Inject Intrinsic Failure To Source
Source NODO_10 is failing for an Intrinsic Fault in day: 8
pipeline ARCO_17 has reduced capacity due to NODO_10 Intrinsic fault
pipeline ARCO_88 has reduced capacity due to NODO_10 Intrinsic fault
pipeline ARCO_89 has reduced capacity due to NODO_10 Intrinsic fault
pipeline V_EDGE_53_8 has reduced capacity due to NODO_10 Intrinsic fault
pipeline ARCO_18 has reduced capacity due to NODO_10 Intrinsic fault
pipeline ARCO_19 has reduced capacity due to NODO_10 Intrinsic fault
pipeline ARCO_87 has reduced capacity due to NODO_10 Intrinsic fault
Inject Heavy Fault To Sources
Inject Attack Multiple To Source
Inject Intrinsic Fault To Pipeline
Inject Heavy Fault To Pipeline
Inject Attack To Pipeline
----------- Statistics ------------
	Sources Under Attack: 0
	Sources with Heavy Fault: 0
	Sources with Intrinsic Fault: 2
	Arcs with reduce capacity due to Attack: 0
	Arcs with reduce capacity due to Heavy Fault: 0
	Arcs with reduce capacity due to Intrinsic Fault: 16
	Arcs with Attacks: 0
	Arcs with Heavy Fault: 0
	Arcs with Intrinsic Fault: 0
--------- SOURCES STATISTICS ---------------
Demand del real Source[0]: -31.0, flusso erogato: 12.427999999999997, flusso entrante: 0.0, efficienza: 40.09032258064516 %
Demand del real Source[8]: -10.5, flusso erogato: 0.0, flusso entrante: 0.0, efficienza: 0.0 %
Demand del real Source[9]: -7.1, flusso erogato: 17.107999999999997, flusso entrante: 11.427999999999999, efficienza: 240.9577464788732 %
Demand del real Source[17]: -25.0, flusso erogato: 25.000000000000007, flusso entrante: 0.0, efficienza: 100.00000000000003 %
Flusso totale entrante nei Real Source: 11.427999999999999
Flusso totale uscente dai Real Source: 54.536
Flusso netto sui real Source: -43.108000000000004
--- SINKS STATISTICS ---
Sink 3 SODDISFATTO. Flusso netto: 3.43, Demand: 3.43, percentage: 100.0
Sink 4 SODDISFATTO. Flusso netto: 0.5700000000000003, Demand: 0.57, percentage: 100.00000000000007
Sink 5 SODDISFATTO. Flusso netto: 0.6599999999999997, Demand: 0.66, percentage: 99.99999999999994
Sink 11 SODDISFATTO. Flusso netto: 1.03, Demand: 1.03, percentage: 100.0
Sink 15 SODDISFATTO. Flusso netto: 0.46, Demand: 0.46, percentage: 100.0
Sink 16 SODDISFATTO. Flusso netto: 8.400000000000002, Demand: 8.4, percentage: 100.00000000000003
Sink 19 SODDISFATTO. Flusso netto: 0.5399999999999991, Demand: 0.54, percentage: 99.99999999999983
Sink 23 SODDISFATTO. Flusso netto: 0.5999999999999999, Demand: 0.6, percentage: 99.99999999999997
Sink 24 SODDISFATTO. Flusso netto: 0.8, Demand: 0.8, percentage: 100.0
Sink 25 SODDISFATTO. Flusso netto: 3.5, Demand: 3.5, percentage: 100.0
Sink 26 SODDISFATTO. Flusso netto: 6.000000000000002, Demand: 6.0, percentage: 100.00000000000003
Sink 28 SODDISFATTO. Flusso netto: 0.4, Demand: 0.4, percentage: 100.0
Sink 30 SODDISFATTO. Flusso netto: 0.9799999999999986, Demand: 0.98, percentage: 99.99999999999987
Sink 31 SODDISFATTO. Flusso netto: 0.4, Demand: 0.4, percentage: 100.0
Sink 32 SODDISFATTO. Flusso netto: 0.9999999999999996, Demand: 1.0, percentage: 99.99999999999996
Sink 34 SODDISFATTO. Flusso netto: 1.74, Demand: 1.74, percentage: 100.0
Sink 35 SODDISFATTO. Flusso netto: 1.3, Demand: 1.3, percentage: 100.0
Sink 37 SODDISFATTO. Flusso netto: 1.0, Demand: 1.0, percentage: 100.0
Sink 39 SODDISFATTO. Flusso netto: 0.4, Demand: 0.4, percentage: 100.0
Sink 40 SODDISFATTO. Flusso netto: 0.5, Demand: 0.5, percentage: 100.0
Sink 41 SODDISFATTO. Flusso netto: 1.0599999999999996, Demand: 1.06, percentage: 99.99999999999996
Sink 42 SODDISFATTO. Flusso netto: 2.8200000000000003, Demand: 2.82, percentage: 100.00000000000003
Sink 45 SODDISFATTO. Flusso netto: 0.68, Demand: 0.68, percentage: 100.0
Sink 46 SODDISFATTO. Flusso netto: 1.17, Demand: 1.17, percentage: 100.0
Sink 49 non è soddisfatto. Flusso netto: 3.6679999999999997, Demand: 7.0, percentage: 52.39999999999999
Flusso totale entrante nei SINK: 91.75200000000002
Flusso totale uscente nei SINK: 48.64399999999999
Flusso totale netto nei SINK: 43.10800000000003
Total DEMAND dei SINK: 46.44
Percentual di flusso ai SINK: 0.9282515073212755
Numero di Sink soddisfatti: 24.0, numero totale di sink: 25.0
Percentuale di Sink soddisfatti: 0.96

---------------------------------- DAY 9

Update Fixed Elements from Intrinsic Faults
Source NODO_11 fixed from Intrinsic Fault
Pipeline ARCO_3 fixed due to Source NODO_11 fixing from Intrinsic Fault
Pipeline ARCO_90 fixed due to Source NODO_11 fixing from Intrinsic Fault
Pipeline ARCO_91 fixed due to Source NODO_11 fixing from Intrinsic Fault
Pipeline ARCO_92 fixed due to Source NODO_11 fixing from Intrinsic Fault
Pipeline V_EDGE_53_9 fixed due to Source NODO_11 fixing from Intrinsic Fault
Pipeline ARCO_20 fixed due to Source NODO_11 fixing from Intrinsic Fault
Pipeline ARCO_21 fixed due to Source NODO_11 fixing from Intrinsic Fault
Pipeline ARCO_22 fixed due to Source NODO_11 fixing from Intrinsic Fault
Pipeline ARCO_73 fixed due to Source NODO_11 fixing from Intrinsic Fault
Update Fixed Elements from Heavy Faults
Update Fixed Elements from Attack
Propagate Intrinsic Fault
Node NODO_10 has still failing due to Intrinsic Fault
pipeline ARCO_17 still has reduced capacity: 0.0 due to Intrinsic Fault
pipeline ARCO_88 still has reduced capacity: 0.0 due to Intrinsic Fault
pipeline ARCO_89 still has reduced capacity: 0.0 due to Intrinsic Fault
pipeline V_EDGE_53_8 still has reduced capacity: 0.0 due to Intrinsic Fault
pipeline ARCO_18 still has reduced capacity: 0.0 due to Intrinsic Fault
pipeline ARCO_19 still has reduced capacity: 0.0 due to Intrinsic Fault
pipeline ARCO_87 still has reduced capacity: 0.0 due to Intrinsic Fault
Propagate Heavy Faults
Propagate Attacks
Inject Intrinsic Failure To Source
Inject Heavy Fault To Sources
Inject Attack Multiple To Source
Inject Intrinsic Fault To Pipeline
Inject Heavy Fault To Pipeline
Inject Attack To Pipeline
----------- Statistics ------------
	Sources Under Attack: 0
	Sources with Heavy Fault: 0
	Sources with Intrinsic Fault: 1
	Arcs with reduce capacity due to Attack: 0
	Arcs with reduce capacity due to Heavy Fault: 0
	Arcs with reduce capacity due to Intrinsic Fault: 7
	Arcs with Attacks: 0
	Arcs with Heavy Fault: 0
	Arcs with Intrinsic Fault: 0
--------- SOURCES STATISTICS ---------------
Demand del real Source[0]: -31.0, flusso erogato: 11.159999999999998, flusso entrante: 0.0, efficienza: 35.99999999999999 %
Demand del real Source[8]: -10.5, flusso erogato: 0.0, flusso entrante: 0.0, efficienza: 0.0 %
Demand del real Source[9]: -7.1, flusso erogato: 17.259999999999998, flusso entrante: 10.159999999999998, efficienza: 243.09859154929575 %
Demand del real Source[17]: -25.0, flusso erogato: 25.000000000000007, flusso entrante: 0.0, efficienza: 100.00000000000003 %
Flusso totale entrante nei Real Source: 10.159999999999998
Flusso totale uscente dai Real Source: 53.42
Flusso netto sui real Source: -43.260000000000005
--- SINKS STATISTICS ---
Sink 3 SODDISFATTO. Flusso netto: 3.43, Demand: 3.43, percentage: 100.0
Sink 4 SODDISFATTO. Flusso netto: 0.5700000000000003, Demand: 0.57, percentage: 100.00000000000007
Sink 5 SODDISFATTO. Flusso netto: 0.6599999999999997, Demand: 0.66, percentage: 99.99999999999994
Sink 11 SODDISFATTO. Flusso netto: 1.03, Demand: 1.03, percentage: 100.0
Sink 15 SODDISFATTO. Flusso netto: 0.46, Demand: 0.46, percentage: 100.0
Sink 16 SODDISFATTO. Flusso netto: 8.400000000000002, Demand: 8.4, percentage: 100.00000000000003
Sink 19 SODDISFATTO. Flusso netto: 0.5399999999999991, Demand: 0.54, percentage: 99.99999999999983
Sink 23 SODDISFATTO. Flusso netto: 0.5999999999999999, Demand: 0.6, percentage: 99.99999999999997
Sink 24 SODDISFATTO. Flusso netto: 0.8, Demand: 0.8, percentage: 100.0
Sink 25 SODDISFATTO. Flusso netto: 3.5, Demand: 3.5, percentage: 100.0
Sink 26 SODDISFATTO. Flusso netto: 6.000000000000002, Demand: 6.0, percentage: 100.00000000000003
Sink 28 SODDISFATTO. Flusso netto: 0.4, Demand: 0.4, percentage: 100.0
Sink 30 SODDISFATTO. Flusso netto: 0.9799999999999986, Demand: 0.98, percentage: 99.99999999999987
Sink 31 SODDISFATTO. Flusso netto: 0.4, Demand: 0.4, percentage: 100.0
Sink 32 SODDISFATTO. Flusso netto: 0.9999999999999996, Demand: 1.0, percentage: 99.99999999999996
Sink 34 SODDISFATTO. Flusso netto: 1.74, Demand: 1.74, percentage: 100.0
Sink 35 SODDISFATTO. Flusso netto: 1.3, Demand: 1.3, percentage: 100.0
Sink 37 SODDISFATTO. Flusso netto: 1.0, Demand: 1.0, percentage: 100.0
Sink 39 SODDISFATTO. Flusso netto: 0.4, Demand: 0.4, percentage: 100.0
Sink 40 SODDISFATTO. Flusso netto: 0.5, Demand: 0.5, percentage: 100.0
Sink 41 SODDISFATTO. Flusso netto: 1.06, Demand: 1.06, percentage: 100.0
Sink 42 SODDISFATTO. Flusso netto: 2.8199999999999994, Demand: 2.82, percentage: 99.99999999999999
Sink 45 SODDISFATTO. Flusso netto: 0.68, Demand: 0.68, percentage: 100.0
Sink 46 SODDISFATTO. Flusso netto: 1.17, Demand: 1.17, percentage: 100.0
Sink 49 non è soddisfatto. Flusso netto: 3.82, Demand: 7.0, percentage: 54.57142857142857
Flusso totale entrante nei SINK: 89.12
Flusso totale uscente nei SINK: 45.86000000000001
Flusso totale netto nei SINK: 43.26
Total DEMAND dei SINK: 46.44
Percentual di flusso ai SINK: 0.9315245478036176
Numero di Sink soddisfatti: 24.0, numero totale di sink: 25.0
Percentuale di Sink soddisfatti: 0.96

---------------------------------- DAY 10

Update Fixed Elements from Intrinsic Faults
Update Fixed Elements from Heavy Faults
Update Fixed Elements from Attack
Propagate Intrinsic Fault
Node NODO_10 has still failing due to Intrinsic Fault
pipeline ARCO_17 still has reduced capacity: 0.0 due to Intrinsic Fault
pipeline ARCO_88 still has reduced capacity: 0.0 due to Intrinsic Fault
pipeline ARCO_89 still has reduced capacity: 0.0 due to Intrinsic Fault
pipeline V_EDGE_53_8 still has reduced capacity: 0.0 due to Intrinsic Fault
pipeline ARCO_18 still has reduced capacity: 0.0 due to Intrinsic Fault
pipeline ARCO_19 still has reduced capacity: 0.0 due to Intrinsic Fault
pipeline ARCO_87 still has reduced capacity: 0.0 due to Intrinsic Fault
Propagate Heavy Faults
Propagate Attacks
Inject Intrinsic Failure To Source
Inject Heavy Fault To Sources
Inject Attack Multiple To Source
Inject Intrinsic Fault To Pipeline
Inject Heavy Fault To Pipeline
Inject Attack To Pipeline
----------- Statistics ------------
	Sources Under Attack: 0
	Sources with Heavy Fault: 0
	Sources with Intrinsic Fault: 1
	Arcs with reduce capacity due to Attack: 0
	Arcs with reduce capacity due to Heavy Fault: 0
	Arcs with reduce capacity due to Intrinsic Fault: 7
	Arcs with Attacks: 0
	Arcs with Heavy Fault: 0
	Arcs with Intrinsic Fault: 0
--------- SOURCES STATISTICS ---------------
Demand del real Source[0]: -31.0, flusso erogato: 11.159999999999998, flusso entrante: 0.0, efficienza: 35.99999999999999 %
Demand del real Source[8]: -10.5, flusso erogato: 0.0, flusso entrante: 0.0, efficienza: 0.0 %
Demand del real Source[9]: -7.1, flusso erogato: 17.259999999999998, flusso entrante: 10.159999999999998, efficienza: 243.09859154929575 %
Demand del real Source[17]: -25.0, flusso erogato: 25.000000000000007, flusso entrante: 0.0, efficienza: 100.00000000000003 %
Flusso totale entrante nei Real Source: 10.159999999999998
Flusso totale uscente dai Real Source: 53.42
Flusso netto sui real Source: -43.260000000000005
--- SINKS STATISTICS ---
Sink 3 SODDISFATTO. Flusso netto: 3.43, Demand: 3.43, percentage: 100.0
Sink 4 SODDISFATTO. Flusso netto: 0.5700000000000003, Demand: 0.57, percentage: 100.00000000000007
Sink 5 SODDISFATTO. Flusso netto: 0.6599999999999997, Demand: 0.66, percentage: 99.99999999999994
Sink 11 SODDISFATTO. Flusso netto: 1.03, Demand: 1.03, percentage: 100.0
Sink 15 SODDISFATTO. Flusso netto: 0.46, Demand: 0.46, percentage: 100.0
Sink 16 SODDISFATTO. Flusso netto: 8.400000000000002, Demand: 8.4, percentage: 100.00000000000003
Sink 19 SODDISFATTO. Flusso netto: 0.5399999999999991, Demand: 0.54, percentage: 99.99999999999983
Sink 23 SODDISFATTO. Flusso netto: 0.5999999999999999, Demand: 0.6, percentage: 99.99999999999997
Sink 24 SODDISFATTO. Flusso netto: 0.8, Demand: 0.8, percentage: 100.0
Sink 25 SODDISFATTO. Flusso netto: 3.5, Demand: 3.5, percentage: 100.0
Sink 26 SODDISFATTO. Flusso netto: 6.000000000000002, Demand: 6.0, percentage: 100.00000000000003
Sink 28 SODDISFATTO. Flusso netto: 0.4, Demand: 0.4, percentage: 100.0
Sink 30 SODDISFATTO. Flusso netto: 0.9799999999999986, Demand: 0.98, percentage: 99.99999999999987
Sink 31 SODDISFATTO. Flusso netto: 0.4, Demand: 0.4, percentage: 100.0
Sink 32 SODDISFATTO. Flusso netto: 0.9999999999999996, Demand: 1.0, percentage: 99.99999999999996
Sink 34 SODDISFATTO. Flusso netto: 1.74, Demand: 1.74, percentage: 100.0
Sink 35 SODDISFATTO. Flusso netto: 1.3, Demand: 1.3, percentage: 100.0
Sink 37 SODDISFATTO. Flusso netto: 1.0, Demand: 1.0, percentage: 100.0
Sink 39 SODDISFATTO. Flusso netto: 0.4, Demand: 0.4, percentage: 100.0
Sink 40 SODDISFATTO. Flusso netto: 0.5, Demand: 0.5, percentage: 100.0
Sink 41 SODDISFATTO. Flusso netto: 1.06, Demand: 1.06, percentage: 100.0
Sink 42 SODDISFATTO. Flusso netto: 2.8199999999999994, Demand: 2.82, percentage: 99.99999999999999
Sink 45 SODDISFATTO. Flusso netto: 0.68, Demand: 0.68, percentage: 100.0
Sink 46 SODDISFATTO. Flusso netto: 1.17, Demand: 1.17, percentage: 100.0
Sink 49 non è soddisfatto. Flusso netto: 3.82, Demand: 7.0, percentage: 54.57142857142857
Flusso totale entrante nei SINK: 89.12
Flusso totale uscente nei SINK: 45.86000000000001
Flusso totale netto nei SINK: 43.26
Total DEMAND dei SINK: 46.44
Percentual di flusso ai SINK: 0.9315245478036176
Numero di Sink soddisfatti: 24.0, numero totale di sink: 25.0
Percentuale di Sink soddisfatti: 0.96

---------------------------------- DAY 11

Update Fixed Elements from Intrinsic Faults
Update Fixed Elements from Heavy Faults
Update Fixed Elements from Attack
Propagate Intrinsic Fault
Node NODO_10 has still failing due to Intrinsic Fault
pipeline ARCO_17 still has reduced capacity: 0.0 due to Intrinsic Fault
pipeline ARCO_88 still has reduced capacity: 0.0 due to Intrinsic Fault
pipeline ARCO_89 still has reduced capacity: 0.0 due to Intrinsic Fault
pipeline V_EDGE_53_8 still has reduced capacity: 0.0 due to Intrinsic Fault
pipeline ARCO_18 still has reduced capacity: 0.0 due to Intrinsic Fault
pipeline ARCO_19 still has reduced capacity: 0.0 due to Intrinsic Fault
pipeline ARCO_87 still has reduced capacity: 0.0 due to Intrinsic Fault
Propagate Heavy Faults
Propagate Attacks
Inject Intrinsic Failure To Source
Inject Heavy Fault To Sources
Inject Attack Multiple To Source
Inject Intrinsic Fault To Pipeline
Inject Heavy Fault To Pipeline
Inject Attack To Pipeline
----------- Statistics ------------
	Sources Under Attack: 0
	Sources with Heavy Fault: 0
	Sources with Intrinsic Fault: 1
	Arcs with reduce capacity due to Attack: 0
	Arcs with reduce capacity due to Heavy Fault: 0
	Arcs with reduce capacity due to Intrinsic Fault: 7
	Arcs with Attacks: 0
	Arcs with Heavy Fault: 0
	Arcs with Intrinsic Fault: 0
--------- SOURCES STATISTICS ---------------
Demand del real Source[0]: -31.0, flusso erogato: 11.159999999999998, flusso entrante: 0.0, efficienza: 35.99999999999999 %
Demand del real Source[8]: -10.5, flusso erogato: 0.0, flusso entrante: 0.0, efficienza: 0.0 %
Demand del real Source[9]: -7.1, flusso erogato: 17.259999999999998, flusso entrante: 10.159999999999998, efficienza: 243.09859154929575 %
Demand del real Source[17]: -25.0, flusso erogato: 25.000000000000007, flusso entrante: 0.0, efficienza: 100.00000000000003 %
Flusso totale entrante nei Real Source: 10.159999999999998
Flusso totale uscente dai Real Source: 53.42
Flusso netto sui real Source: -43.260000000000005
--- SINKS STATISTICS ---
Sink 3 SODDISFATTO. Flusso netto: 3.43, Demand: 3.43, percentage: 100.0
Sink 4 SODDISFATTO. Flusso netto: 0.5700000000000003, Demand: 0.57, percentage: 100.00000000000007
Sink 5 SODDISFATTO. Flusso netto: 0.6599999999999997, Demand: 0.66, percentage: 99.99999999999994
Sink 11 SODDISFATTO. Flusso netto: 1.03, Demand: 1.03, percentage: 100.0
Sink 15 SODDISFATTO. Flusso netto: 0.46, Demand: 0.46, percentage: 100.0
Sink 16 SODDISFATTO. Flusso netto: 8.400000000000002, Demand: 8.4, percentage: 100.00000000000003
Sink 19 SODDISFATTO. Flusso netto: 0.5399999999999991, Demand: 0.54, percentage: 99.99999999999983
Sink 23 SODDISFATTO. Flusso netto: 0.5999999999999999, Demand: 0.6, percentage: 99.99999999999997
Sink 24 SODDISFATTO. Flusso netto: 0.8, Demand: 0.8, percentage: 100.0
Sink 25 SODDISFATTO. Flusso netto: 3.5, Demand: 3.5, percentage: 100.0
Sink 26 SODDISFATTO. Flusso netto: 6.000000000000002, Demand: 6.0, percentage: 100.00000000000003
Sink 28 SODDISFATTO. Flusso netto: 0.4, Demand: 0.4, percentage: 100.0
Sink 30 SODDISFATTO. Flusso netto: 0.9799999999999986, Demand: 0.98, percentage: 99.99999999999987
Sink 31 SODDISFATTO. Flusso netto: 0.4, Demand: 0.4, percentage: 100.0
Sink 32 SODDISFATTO. Flusso netto: 0.9999999999999996, Demand: 1.0, percentage: 99.99999999999996
Sink 34 SODDISFATTO. Flusso netto: 1.74, Demand: 1.74, percentage: 100.0
Sink 35 SODDISFATTO. Flusso netto: 1.3, Demand: 1.3, percentage: 100.0
Sink 37 SODDISFATTO. Flusso netto: 1.0, Demand: 1.0, percentage: 100.0
Sink 39 SODDISFATTO. Flusso netto: 0.4, Demand: 0.4, percentage: 100.0
Sink 40 SODDISFATTO. Flusso netto: 0.5, Demand: 0.5, percentage: 100.0
Sink 41 SODDISFATTO. Flusso netto: 1.06, Demand: 1.06, percentage: 100.0
Sink 42 SODDISFATTO. Flusso netto: 2.8199999999999994, Demand: 2.82, percentage: 99.99999999999999
Sink 45 SODDISFATTO. Flusso netto: 0.68, Demand: 0.68, percentage: 100.0
Sink 46 SODDISFATTO. Flusso netto: 1.17, Demand: 1.17, percentage: 100.0
Sink 49 non è soddisfatto. Flusso netto: 3.82, Demand: 7.0, percentage: 54.57142857142857
Flusso totale entrante nei SINK: 89.12
Flusso totale uscente nei SINK: 45.86000000000001
Flusso totale netto nei SINK: 43.26
Total DEMAND dei SINK: 46.44
Percentual di flusso ai SINK: 0.9315245478036176
Numero di Sink soddisfatti: 24.0, numero totale di sink: 25.0
Percentuale di Sink soddisfatti: 0.96

---------------------------------- DAY 12

Update Fixed Elements from Intrinsic Faults
Update Fixed Elements from Heavy Faults
Update Fixed Elements from Attack
Propagate Intrinsic Fault
Node NODO_10 has still failing due to Intrinsic Fault
pipeline ARCO_17 still has reduced capacity: 0.0 due to Intrinsic Fault
pipeline ARCO_88 still has reduced capacity: 0.0 due to Intrinsic Fault
pipeline ARCO_89 still has reduced capacity: 0.0 due to Intrinsic Fault
pipeline V_EDGE_53_8 still has reduced capacity: 0.0 due to Intrinsic Fault
pipeline ARCO_18 still has reduced capacity: 0.0 due to Intrinsic Fault
pipeline ARCO_19 still has reduced capacity: 0.0 due to Intrinsic Fault
pipeline ARCO_87 still has reduced capacity: 0.0 due to Intrinsic Fault
Propagate Heavy Faults
Propagate Attacks
Inject Intrinsic Failure To Source
Inject Heavy Fault To Sources
Inject Attack Multiple To Source
Inject Intrinsic Fault To Pipeline
Inject Heavy Fault To Pipeline
Inject Attack To Pipeline
----------- Statistics ------------
	Sources Under Attack: 0
	Sources with Heavy Fault: 0
	Sources with Intrinsic Fault: 1
	Arcs with reduce capacity due to Attack: 0
	Arcs with reduce capacity due to Heavy Fault: 0
	Arcs with reduce capacity due to Intrinsic Fault: 7
	Arcs with Attacks: 0
	Arcs with Heavy Fault: 0
	Arcs with Intrinsic Fault: 0
--------- SOURCES STATISTICS ---------------
Demand del real Source[0]: -31.0, flusso erogato: 11.159999999999998, flusso entrante: 0.0, efficienza: 35.99999999999999 %
Demand del real Source[8]: -10.5, flusso erogato: 0.0, flusso entrante: 0.0, efficienza: 0.0 %
Demand del real Source[9]: -7.1, flusso erogato: 17.259999999999998, flusso entrante: 10.159999999999998, efficienza: 243.09859154929575 %
Demand del real Source[17]: -25.0, flusso erogato: 25.000000000000007, flusso entrante: 0.0, efficienza: 100.00000000000003 %
Flusso totale entrante nei Real Source: 10.159999999999998
Flusso totale uscente dai Real Source: 53.42
Flusso netto sui real Source: -43.260000000000005
--- SINKS STATISTICS ---
Sink 3 SODDISFATTO. Flusso netto: 3.43, Demand: 3.43, percentage: 100.0
Sink 4 SODDISFATTO. Flusso netto: 0.5700000000000003, Demand: 0.57, percentage: 100.00000000000007
Sink 5 SODDISFATTO. Flusso netto: 0.6599999999999997, Demand: 0.66, percentage: 99.99999999999994
Sink 11 SODDISFATTO. Flusso netto: 1.03, Demand: 1.03, percentage: 100.0
Sink 15 SODDISFATTO. Flusso netto: 0.46, Demand: 0.46, percentage: 100.0
Sink 16 SODDISFATTO. Flusso netto: 8.400000000000002, Demand: 8.4, percentage: 100.00000000000003
Sink 19 SODDISFATTO. Flusso netto: 0.5399999999999991, Demand: 0.54, percentage: 99.99999999999983
Sink 23 SODDISFATTO. Flusso netto: 0.5999999999999999, Demand: 0.6, percentage: 99.99999999999997
Sink 24 SODDISFATTO. Flusso netto: 0.8, Demand: 0.8, percentage: 100.0
Sink 25 SODDISFATTO. Flusso netto: 3.5, Demand: 3.5, percentage: 100.0
Sink 26 SODDISFATTO. Flusso netto: 6.000000000000002, Demand: 6.0, percentage: 100.00000000000003
Sink 28 SODDISFATTO. Flusso netto: 0.4, Demand: 0.4, percentage: 100.0
Sink 30 SODDISFATTO. Flusso netto: 0.9799999999999986, Demand: 0.98, percentage: 99.99999999999987
Sink 31 SODDISFATTO. Flusso netto: 0.4, Demand: 0.4, percentage: 100.0
Sink 32 SODDISFATTO. Flusso netto: 0.9999999999999996, Demand: 1.0, percentage: 99.99999999999996
Sink 34 SODDISFATTO. Flusso netto: 1.74, Demand: 1.74, percentage: 100.0
Sink 35 SODDISFATTO. Flusso netto: 1.3, Demand: 1.3, percentage: 100.0
Sink 37 SODDISFATTO. Flusso netto: 1.0, Demand: 1.0, percentage: 100.0
Sink 39 SODDISFATTO. Flusso netto: 0.4, Demand: 0.4, percentage: 100.0
Sink 40 SODDISFATTO. Flusso netto: 0.5, Demand: 0.5, percentage: 100.0
Sink 41 SODDISFATTO. Flusso netto: 1.06, Demand: 1.06, percentage: 100.0
Sink 42 SODDISFATTO. Flusso netto: 2.8199999999999994, Demand: 2.82, percentage: 99.99999999999999
Sink 45 SODDISFATTO. Flusso netto: 0.68, Demand: 0.68, percentage: 100.0
Sink 46 SODDISFATTO. Flusso netto: 1.17, Demand: 1.17, percentage: 100.0
Sink 49 non è soddisfatto. Flusso netto: 3.82, Demand: 7.0, percentage: 54.57142857142857
Flusso totale entrante nei SINK: 89.12
Flusso totale uscente nei SINK: 45.86000000000001
Flusso totale netto nei SINK: 43.26
Total DEMAND dei SINK: 46.44
Percentual di flusso ai SINK: 0.9315245478036176
Numero di Sink soddisfatti: 24.0, numero totale di sink: 25.0
Percentuale di Sink soddisfatti: 0.96

---------------------------------- DAY 13

Update Fixed Elements from Intrinsic Faults
Source NODO_10 fixed from Intrinsic Fault
Pipeline ARCO_17 fixed due to Source NODO_10 fixing from Intrinsic Fault
Pipeline ARCO_88 fixed due to Source NODO_10 fixing from Intrinsic Fault
Pipeline ARCO_89 fixed due to Source NODO_10 fixing from Intrinsic Fault
Pipeline V_EDGE_53_8 fixed due to Source NODO_10 fixing from Intrinsic Fault
Pipeline ARCO_18 fixed due to Source NODO_10 fixing from Intrinsic Fault
Pipeline ARCO_19 fixed due to Source NODO_10 fixing from Intrinsic Fault
Pipeline ARCO_87 fixed due to Source NODO_10 fixing from Intrinsic Fault
Update Fixed Elements from Heavy Faults
Update Fixed Elements from Attack
Propagate Intrinsic Fault
Propagate Heavy Faults
Propagate Attacks
Inject Intrinsic Failure To Source
Source NODO_10 is failing for an Intrinsic Fault in day: 13
pipeline ARCO_17 has reduced capacity due to NODO_10 Intrinsic fault
pipeline ARCO_88 has reduced capacity due to NODO_10 Intrinsic fault
pipeline ARCO_89 has reduced capacity due to NODO_10 Intrinsic fault
pipeline V_EDGE_53_8 has reduced capacity due to NODO_10 Intrinsic fault
pipeline ARCO_18 has reduced capacity due to NODO_10 Intrinsic fault
pipeline ARCO_19 has reduced capacity due to NODO_10 Intrinsic fault
pipeline ARCO_87 has reduced capacity due to NODO_10 Intrinsic fault
Inject Heavy Fault To Sources
Inject Attack Multiple To Source
Inject Intrinsic Fault To Pipeline
Inject Heavy Fault To Pipeline
Inject Attack To Pipeline
----------- Statistics ------------
	Sources Under Attack: 0
	Sources with Heavy Fault: 0
	Sources with Intrinsic Fault: 1
	Arcs with reduce capacity due to Attack: 0
	Arcs with reduce capacity due to Heavy Fault: 0
	Arcs with reduce capacity due to Intrinsic Fault: 7
	Arcs with Attacks: 0
	Arcs with Heavy Fault: 0
	Arcs with Intrinsic Fault: 0
--------- SOURCES STATISTICS ---------------
Demand del real Source[0]: -31.0, flusso erogato: 11.159999999999998, flusso entrante: 0.0, efficienza: 35.99999999999999 %
Demand del real Source[8]: -10.5, flusso erogato: 0.0, flusso entrante: 0.0, efficienza: 0.0 %
Demand del real Source[9]: -7.1, flusso erogato: 17.259999999999998, flusso entrante: 10.159999999999998, efficienza: 243.09859154929575 %
Demand del real Source[17]: -25.0, flusso erogato: 25.000000000000007, flusso entrante: 0.0, efficienza: 100.00000000000003 %
Flusso totale entrante nei Real Source: 10.159999999999998
Flusso totale uscente dai Real Source: 53.42
Flusso netto sui real Source: -43.260000000000005
--- SINKS STATISTICS ---
Sink 3 SODDISFATTO. Flusso netto: 3.43, Demand: 3.43, percentage: 100.0
Sink 4 SODDISFATTO. Flusso netto: 0.5700000000000003, Demand: 0.57, percentage: 100.00000000000007
Sink 5 SODDISFATTO. Flusso netto: 0.6599999999999997, Demand: 0.66, percentage: 99.99999999999994
Sink 11 SODDISFATTO. Flusso netto: 1.03, Demand: 1.03, percentage: 100.0
Sink 15 SODDISFATTO. Flusso netto: 0.46, Demand: 0.46, percentage: 100.0
Sink 16 SODDISFATTO. Flusso netto: 8.400000000000002, Demand: 8.4, percentage: 100.00000000000003
Sink 19 SODDISFATTO. Flusso netto: 0.5399999999999991, Demand: 0.54, percentage: 99.99999999999983
Sink 23 SODDISFATTO. Flusso netto: 0.5999999999999999, Demand: 0.6, percentage: 99.99999999999997
Sink 24 SODDISFATTO. Flusso netto: 0.8, Demand: 0.8, percentage: 100.0
Sink 25 SODDISFATTO. Flusso netto: 3.5, Demand: 3.5, percentage: 100.0
Sink 26 SODDISFATTO. Flusso netto: 6.000000000000002, Demand: 6.0, percentage: 100.00000000000003
Sink 28 SODDISFATTO. Flusso netto: 0.4, Demand: 0.4, percentage: 100.0
Sink 30 SODDISFATTO. Flusso netto: 0.9799999999999986, Demand: 0.98, percentage: 99.99999999999987
Sink 31 SODDISFATTO. Flusso netto: 0.4, Demand: 0.4, percentage: 100.0
Sink 32 SODDISFATTO. Flusso netto: 0.9999999999999996, Demand: 1.0, percentage: 99.99999999999996
Sink 34 SODDISFATTO. Flusso netto: 1.74, Demand: 1.74, percentage: 100.0
Sink 35 SODDISFATTO. Flusso netto: 1.3, Demand: 1.3, percentage: 100.0
Sink 37 SODDISFATTO. Flusso netto: 1.0, Demand: 1.0, percentage: 100.0
Sink 39 SODDISFATTO. Flusso netto: 0.4, Demand: 0.4, percentage: 100.0
Sink 40 SODDISFATTO. Flusso netto: 0.5, Demand: 0.5, percentage: 100.0
Sink 41 SODDISFATTO. Flusso netto: 1.06, Demand: 1.06, percentage: 100.0
Sink 42 SODDISFATTO. Flusso netto: 2.8199999999999994, Demand: 2.82, percentage: 99.99999999999999
Sink 45 SODDISFATTO. Flusso netto: 0.68, Demand: 0.68, percentage: 100.0
Sink 46 SODDISFATTO. Flusso netto: 1.17, Demand: 1.17, percentage: 100.0
Sink 49 non è soddisfatto. Flusso netto: 3.82, Demand: 7.0, percentage: 54.57142857142857
Flusso totale entrante nei SINK: 89.12
Flusso totale uscente nei SINK: 45.86000000000001
Flusso totale netto nei SINK: 43.26
Total DEMAND dei SINK: 46.44
Percentual di flusso ai SINK: 0.9315245478036176
Numero di Sink soddisfatti: 24.0, numero totale di sink: 25.0
Percentuale di Sink soddisfatti: 0.96

---------------------------------- DAY 14

Update Fixed Elements from Intrinsic Faults
Update Fixed Elements from Heavy Faults
Update Fixed Elements from Attack
Propagate Intrinsic Fault
Node NODO_10 has still failing due to Intrinsic Fault
pipeline ARCO_17 still has reduced capacity: 0.0 due to Intrinsic Fault
pipeline ARCO_88 still has reduced capacity: 0.0 due to Intrinsic Fault
pipeline ARCO_89 still has reduced capacity: 0.0 due to Intrinsic Fault
pipeline V_EDGE_53_8 still has reduced capacity: 0.0 due to Intrinsic Fault
pipeline ARCO_18 still has reduced capacity: 0.0 due to Intrinsic Fault
pipeline ARCO_19 still has reduced capacity: 0.0 due to Intrinsic Fault
pipeline ARCO_87 still has reduced capacity: 0.0 due to Intrinsic Fault
Propagate Heavy Faults
Propagate Attacks
Inject Intrinsic Failure To Source
Inject Heavy Fault To Sources
Inject Attack Multiple To Source
Inject Intrinsic Fault To Pipeline
Inject Heavy Fault To Pipeline
Inject Attack To Pipeline
----------- Statistics ------------
	Sources Under Attack: 0
	Sources with Heavy Fault: 0
	Sources with Intrinsic Fault: 1
	Arcs with reduce capacity due to Attack: 0
	Arcs with reduce capacity due to Heavy Fault: 0
	Arcs with reduce capacity due to Intrinsic Fault: 7
	Arcs with Attacks: 0
	Arcs with Heavy Fault: 0
	Arcs with Intrinsic Fault: 0
--------- SOURCES STATISTICS ---------------
Demand del real Source[0]: -31.0, flusso erogato: 11.159999999999998, flusso entrante: 0.0, efficienza: 35.99999999999999 %
Demand del real Source[8]: -10.5, flusso erogato: 0.0, flusso entrante: 0.0, efficienza: 0.0 %
Demand del real Source[9]: -7.1, flusso erogato: 17.259999999999998, flusso entrante: 10.159999999999998, efficienza: 243.09859154929575 %
Demand del real Source[17]: -25.0, flusso erogato: 25.000000000000007, flusso entrante: 0.0, efficienza: 100.00000000000003 %
Flusso totale entrante nei Real Source: 10.159999999999998
Flusso totale uscente dai Real Source: 53.42
Flusso netto sui real Source: -43.260000000000005
--- SINKS STATISTICS ---
Sink 3 SODDISFATTO. Flusso netto: 3.43, Demand: 3.43, percentage: 100.0
Sink 4 SODDISFATTO. Flusso netto: 0.5700000000000003, Demand: 0.57, percentage: 100.00000000000007
Sink 5 SODDISFATTO. Flusso netto: 0.6599999999999997, Demand: 0.66, percentage: 99.99999999999994
Sink 11 SODDISFATTO. Flusso netto: 1.03, Demand: 1.03, percentage: 100.0
Sink 15 SODDISFATTO. Flusso netto: 0.46, Demand: 0.46, percentage: 100.0
Sink 16 SODDISFATTO. Flusso netto: 8.400000000000002, Demand: 8.4, percentage: 100.00000000000003
Sink 19 SODDISFATTO. Flusso netto: 0.5399999999999991, Demand: 0.54, percentage: 99.99999999999983
Sink 23 SODDISFATTO. Flusso netto: 0.5999999999999999, Demand: 0.6, percentage: 99.99999999999997
Sink 24 SODDISFATTO. Flusso netto: 0.8, Demand: 0.8, percentage: 100.0
Sink 25 SODDISFATTO. Flusso netto: 3.5, Demand: 3.5, percentage: 100.0
Sink 26 SODDISFATTO. Flusso netto: 6.000000000000002, Demand: 6.0, percentage: 100.00000000000003
Sink 28 SODDISFATTO. Flusso netto: 0.4, Demand: 0.4, percentage: 100.0
Sink 30 SODDISFATTO. Flusso netto: 0.9799999999999986, Demand: 0.98, percentage: 99.99999999999987
Sink 31 SODDISFATTO. Flusso netto: 0.4, Demand: 0.4, percentage: 100.0
Sink 32 SODDISFATTO. Flusso netto: 0.9999999999999996, Demand: 1.0, percentage: 99.99999999999996
Sink 34 SODDISFATTO. Flusso netto: 1.74, Demand: 1.74, percentage: 100.0
Sink 35 SODDISFATTO. Flusso netto: 1.3, Demand: 1.3, percentage: 100.0
Sink 37 SODDISFATTO. Flusso netto: 1.0, Demand: 1.0, percentage: 100.0
Sink 39 SODDISFATTO. Flusso netto: 0.4, Demand: 0.4, percentage: 100.0
Sink 40 SODDISFATTO. Flusso netto: 0.5, Demand: 0.5, percentage: 100.0
Sink 41 SODDISFATTO. Flusso netto: 1.06, Demand: 1.06, percentage: 100.0
Sink 42 SODDISFATTO. Flusso netto: 2.8199999999999994, Demand: 2.82, percentage: 99.99999999999999
Sink 45 SODDISFATTO. Flusso netto: 0.68, Demand: 0.68, percentage: 100.0
Sink 46 SODDISFATTO. Flusso netto: 1.17, Demand: 1.17, percentage: 100.0
Sink 49 non è soddisfatto. Flusso netto: 3.82, Demand: 7.0, percentage: 54.57142857142857
Flusso totale entrante nei SINK: 89.12
Flusso totale uscente nei SINK: 45.86000000000001
Flusso totale netto nei SINK: 43.26
Total DEMAND dei SINK: 46.44
Percentual di flusso ai SINK: 0.9315245478036176
Numero di Sink soddisfatti: 24.0, numero totale di sink: 25.0
Percentuale di Sink soddisfatti: 0.96

---------------------------------- DAY 15

Update Fixed Elements from Intrinsic Faults
Update Fixed Elements from Heavy Faults
Update Fixed Elements from Attack
Propagate Intrinsic Fault
Node NODO_10 has still failing due to Intrinsic Fault
pipeline ARCO_17 still has reduced capacity: 0.0 due to Intrinsic Fault
pipeline ARCO_88 still has reduced capacity: 0.0 due to Intrinsic Fault
pipeline ARCO_89 still has reduced capacity: 0.0 due to Intrinsic Fault
pipeline V_EDGE_53_8 still has reduced capacity: 0.0 due to Intrinsic Fault
pipeline ARCO_18 still has reduced capacity: 0.0 due to Intrinsic Fault
pipeline ARCO_19 still has reduced capacity: 0.0 due to Intrinsic Fault
pipeline ARCO_87 still has reduced capacity: 0.0 due to Intrinsic Fault
Propagate Heavy Faults
Propagate Attacks
Inject Intrinsic Failure To Source
Inject Heavy Fault To Sources
Inject Attack Multiple To Source
Inject Intrinsic Fault To Pipeline
Inject Heavy Fault To Pipeline
Inject Attack To Pipeline
----------- Statistics ------------
	Sources Under Attack: 0
	Sources with Heavy Fault: 0
	Sources with Intrinsic Fault: 1
	Arcs with reduce capacity due to Attack: 0
	Arcs with reduce capacity due to Heavy Fault: 0
	Arcs with reduce capacity due to Intrinsic Fault: 7
	Arcs with Attacks: 0
	Arcs with Heavy Fault: 0
	Arcs with Intrinsic Fault: 0
--------- SOURCES STATISTICS ---------------
Demand del real Source[0]: -31.0, flusso erogato: 11.159999999999998, flusso entrante: 0.0, efficienza: 35.99999999999999 %
Demand del real Source[8]: -10.5, flusso erogato: 0.0, flusso entrante: 0.0, efficienza: 0.0 %
Demand del real Source[9]: -7.1, flusso erogato: 17.259999999999998, flusso entrante: 10.159999999999998, efficienza: 243.09859154929575 %
Demand del real Source[17]: -25.0, flusso erogato: 25.000000000000007, flusso entrante: 0.0, efficienza: 100.00000000000003 %
Flusso totale entrante nei Real Source: 10.159999999999998
Flusso totale uscente dai Real Source: 53.42
Flusso netto sui real Source: -43.260000000000005
--- SINKS STATISTICS ---
Sink 3 SODDISFATTO. Flusso netto: 3.43, Demand: 3.43, percentage: 100.0
Sink 4 SODDISFATTO. Flusso netto: 0.5700000000000003, Demand: 0.57, percentage: 100.00000000000007
Sink 5 SODDISFATTO. Flusso netto: 0.6599999999999997, Demand: 0.66, percentage: 99.99999999999994
Sink 11 SODDISFATTO. Flusso netto: 1.03, Demand: 1.03, percentage: 100.0
Sink 15 SODDISFATTO. Flusso netto: 0.46, Demand: 0.46, percentage: 100.0
Sink 16 SODDISFATTO. Flusso netto: 8.400000000000002, Demand: 8.4, percentage: 100.00000000000003
Sink 19 SODDISFATTO. Flusso netto: 0.5399999999999991, Demand: 0.54, percentage: 99.99999999999983
Sink 23 SODDISFATTO. Flusso netto: 0.5999999999999999, Demand: 0.6, percentage: 99.99999999999997
Sink 24 SODDISFATTO. Flusso netto: 0.8, Demand: 0.8, percentage: 100.0
Sink 25 SODDISFATTO. Flusso netto: 3.5, Demand: 3.5, percentage: 100.0
Sink 26 SODDISFATTO. Flusso netto: 6.000000000000002, Demand: 6.0, percentage: 100.00000000000003
Sink 28 SODDISFATTO. Flusso netto: 0.4, Demand: 0.4, percentage: 100.0
Sink 30 SODDISFATTO. Flusso netto: 0.9799999999999986, Demand: 0.98, percentage: 99.99999999999987
Sink 31 SODDISFATTO. Flusso netto: 0.4, Demand: 0.4, percentage: 100.0
Sink 32 SODDISFATTO. Flusso netto: 0.9999999999999996, Demand: 1.0, percentage: 99.99999999999996
Sink 34 SODDISFATTO. Flusso netto: 1.74, Demand: 1.74, percentage: 100.0
Sink 35 SODDISFATTO. Flusso netto: 1.3, Demand: 1.3, percentage: 100.0
Sink 37 SODDISFATTO. Flusso netto: 1.0, Demand: 1.0, percentage: 100.0
Sink 39 SODDISFATTO. Flusso netto: 0.4, Demand: 0.4, percentage: 100.0
Sink 40 SODDISFATTO. Flusso netto: 0.5, Demand: 0.5, percentage: 100.0
Sink 41 SODDISFATTO. Flusso netto: 1.06, Demand: 1.06, percentage: 100.0
Sink 42 SODDISFATTO. Flusso netto: 2.8199999999999994, Demand: 2.82, percentage: 99.99999999999999
Sink 45 SODDISFATTO. Flusso netto: 0.68, Demand: 0.68, percentage: 100.0
Sink 46 SODDISFATTO. Flusso netto: 1.17, Demand: 1.17, percentage: 100.0
Sink 49 non è soddisfatto. Flusso netto: 3.82, Demand: 7.0, percentage: 54.57142857142857
Flusso totale entrante nei SINK: 89.12
Flusso totale uscente nei SINK: 45.86000000000001
Flusso totale netto nei SINK: 43.26
Total DEMAND dei SINK: 46.44
Percentual di flusso ai SINK: 0.9315245478036176
Numero di Sink soddisfatti: 24.0, numero totale di sink: 25.0
Percentuale di Sink soddisfatti: 0.96

---------------------------------- DAY 16

Update Fixed Elements from Intrinsic Faults
Update Fixed Elements from Heavy Faults
Update Fixed Elements from Attack
Propagate Intrinsic Fault
Node NODO_10 has still failing due to Intrinsic Fault
pipeline ARCO_17 still has reduced capacity: 0.0 due to Intrinsic Fault
pipeline ARCO_88 still has reduced capacity: 0.0 due to Intrinsic Fault
pipeline ARCO_89 still has reduced capacity: 0.0 due to Intrinsic Fault
pipeline V_EDGE_53_8 still has reduced capacity: 0.0 due to Intrinsic Fault
pipeline ARCO_18 still has reduced capacity: 0.0 due to Intrinsic Fault
pipeline ARCO_19 still has reduced capacity: 0.0 due to Intrinsic Fault
pipeline ARCO_87 still has reduced capacity: 0.0 due to Intrinsic Fault
Propagate Heavy Faults
Propagate Attacks
Inject Intrinsic Failure To Source
Inject Heavy Fault To Sources
Inject Attack Multiple To Source
Inject Intrinsic Fault To Pipeline
Inject Heavy Fault To Pipeline
Inject Attack To Pipeline
----------- Statistics ------------
	Sources Under Attack: 0
	Sources with Heavy Fault: 0
	Sources with Intrinsic Fault: 1
	Arcs with reduce capacity due to Attack: 0
	Arcs with reduce capacity due to Heavy Fault: 0
	Arcs with reduce capacity due to Intrinsic Fault: 7
	Arcs with Attacks: 0
	Arcs with Heavy Fault: 0
	Arcs with Intrinsic Fault: 0
--------- SOURCES STATISTICS ---------------
Demand del real Source[0]: -31.0, flusso erogato: 11.159999999999998, flusso entrante: 0.0, efficienza: 35.99999999999999 %
Demand del real Source[8]: -10.5, flusso erogato: 0.0, flusso entrante: 0.0, efficienza: 0.0 %
Demand del real Source[9]: -7.1, flusso erogato: 17.259999999999998, flusso entrante: 10.159999999999998, efficienza: 243.09859154929575 %
Demand del real Source[17]: -25.0, flusso erogato: 25.000000000000007, flusso entrante: 0.0, efficienza: 100.00000000000003 %
Flusso totale entrante nei Real Source: 10.159999999999998
Flusso totale uscente dai Real Source: 53.42
Flusso netto sui real Source: -43.260000000000005
--- SINKS STATISTICS ---
Sink 3 SODDISFATTO. Flusso netto: 3.43, Demand: 3.43, percentage: 100.0
Sink 4 SODDISFATTO. Flusso netto: 0.5700000000000003, Demand: 0.57, percentage: 100.00000000000007
Sink 5 SODDISFATTO. Flusso netto: 0.6599999999999997, Demand: 0.66, percentage: 99.99999999999994
Sink 11 SODDISFATTO. Flusso netto: 1.03, Demand: 1.03, percentage: 100.0
Sink 15 SODDISFATTO. Flusso netto: 0.46, Demand: 0.46, percentage: 100.0
Sink 16 SODDISFATTO. Flusso netto: 8.400000000000002, Demand: 8.4, percentage: 100.00000000000003
Sink 19 SODDISFATTO. Flusso netto: 0.5399999999999991, Demand: 0.54, percentage: 99.99999999999983
Sink 23 SODDISFATTO. Flusso netto: 0.5999999999999999, Demand: 0.6, percentage: 99.99999999999997
Sink 24 SODDISFATTO. Flusso netto: 0.8, Demand: 0.8, percentage: 100.0
Sink 25 SODDISFATTO. Flusso netto: 3.5, Demand: 3.5, percentage: 100.0
Sink 26 SODDISFATTO. Flusso netto: 6.000000000000002, Demand: 6.0, percentage: 100.00000000000003
Sink 28 SODDISFATTO. Flusso netto: 0.4, Demand: 0.4, percentage: 100.0
Sink 30 SODDISFATTO. Flusso netto: 0.9799999999999986, Demand: 0.98, percentage: 99.99999999999987
Sink 31 SODDISFATTO. Flusso netto: 0.4, Demand: 0.4, percentage: 100.0
Sink 32 SODDISFATTO. Flusso netto: 0.9999999999999996, Demand: 1.0, percentage: 99.99999999999996
Sink 34 SODDISFATTO. Flusso netto: 1.74, Demand: 1.74, percentage: 100.0
Sink 35 SODDISFATTO. Flusso netto: 1.3, Demand: 1.3, percentage: 100.0
Sink 37 SODDISFATTO. Flusso netto: 1.0, Demand: 1.0, percentage: 100.0
Sink 39 SODDISFATTO. Flusso netto: 0.4, Demand: 0.4, percentage: 100.0
Sink 40 SODDISFATTO. Flusso netto: 0.5, Demand: 0.5, percentage: 100.0
Sink 41 SODDISFATTO. Flusso netto: 1.06, Demand: 1.06, percentage: 100.0
Sink 42 SODDISFATTO. Flusso netto: 2.8199999999999994, Demand: 2.82, percentage: 99.99999999999999
Sink 45 SODDISFATTO. Flusso netto: 0.68, Demand: 0.68, percentage: 100.0
Sink 46 SODDISFATTO. Flusso netto: 1.17, Demand: 1.17, percentage: 100.0
Sink 49 non è soddisfatto. Flusso netto: 3.82, Demand: 7.0, percentage: 54.57142857142857
Flusso totale entrante nei SINK: 89.12
Flusso totale uscente nei SINK: 45.86000000000001
Flusso totale netto nei SINK: 43.26
Total DEMAND dei SINK: 46.44
Percentual di flusso ai SINK: 0.9315245478036176
Numero di Sink soddisfatti: 24.0, numero totale di sink: 25.0
Percentuale di Sink soddisfatti: 0.96

---------------------------------- DAY 17

Update Fixed Elements from Intrinsic Faults
Update Fixed Elements from Heavy Faults
Update Fixed Elements from Attack
Propagate Intrinsic Fault
Node NODO_10 has still failing due to Intrinsic Fault
pipeline ARCO_17 still has reduced capacity: 0.0 due to Intrinsic Fault
pipeline ARCO_88 still has reduced capacity: 0.0 due to Intrinsic Fault
pipeline ARCO_89 still has reduced capacity: 0.0 due to Intrinsic Fault
pipeline V_EDGE_53_8 still has reduced capacity: 0.0 due to Intrinsic Fault
pipeline ARCO_18 still has reduced capacity: 0.0 due to Intrinsic Fault
pipeline ARCO_19 still has reduced capacity: 0.0 due to Intrinsic Fault
pipeline ARCO_87 still has reduced capacity: 0.0 due to Intrinsic Fault
Propagate Heavy Faults
Propagate Attacks
Inject Intrinsic Failure To Source
Source NODO_10 is failing for an Intrinsic Fault in day: 17
pipeline ARCO_17 has reduced capacity due to NODO_10 Intrinsic fault
pipeline ARCO_88 has reduced capacity due to NODO_10 Intrinsic fault
pipeline ARCO_89 has reduced capacity due to NODO_10 Intrinsic fault
pipeline V_EDGE_53_8 has reduced capacity due to NODO_10 Intrinsic fault
pipeline ARCO_18 has reduced capacity due to NODO_10 Intrinsic fault
pipeline ARCO_19 has reduced capacity due to NODO_10 Intrinsic fault
pipeline ARCO_87 has reduced capacity due to NODO_10 Intrinsic fault
Inject Heavy Fault To Sources
Inject Attack Multiple To Source
Inject Intrinsic Fault To Pipeline
Inject Heavy Fault To Pipeline
Inject Attack To Pipeline
----------- Statistics ------------
	Sources Under Attack: 0
	Sources with Heavy Fault: 0
	Sources with Intrinsic Fault: 1
	Arcs with reduce capacity due to Attack: 0
	Arcs with reduce capacity due to Heavy Fault: 0
	Arcs with reduce capacity due to Intrinsic Fault: 7
	Arcs with Attacks: 0
	Arcs with Heavy Fault: 0
	Arcs with Intrinsic Fault: 0
--------- SOURCES STATISTICS ---------------
Demand del real Source[0]: -31.0, flusso erogato: 11.159999999999998, flusso entrante: 0.0, efficienza: 35.99999999999999 %
Demand del real Source[8]: -10.5, flusso erogato: 0.0, flusso entrante: 0.0, efficienza: 0.0 %
Demand del real Source[9]: -7.1, flusso erogato: 17.259999999999998, flusso entrante: 10.159999999999998, efficienza: 243.09859154929575 %
Demand del real Source[17]: -25.0, flusso erogato: 25.000000000000007, flusso entrante: 0.0, efficienza: 100.00000000000003 %
Flusso totale entrante nei Real Source: 10.159999999999998
Flusso totale uscente dai Real Source: 53.42
Flusso netto sui real Source: -43.260000000000005
--- SINKS STATISTICS ---
Sink 3 SODDISFATTO. Flusso netto: 3.43, Demand: 3.43, percentage: 100.0
Sink 4 SODDISFATTO. Flusso netto: 0.5700000000000003, Demand: 0.57, percentage: 100.00000000000007
Sink 5 SODDISFATTO. Flusso netto: 0.6599999999999997, Demand: 0.66, percentage: 99.99999999999994
Sink 11 SODDISFATTO. Flusso netto: 1.03, Demand: 1.03, percentage: 100.0
Sink 15 SODDISFATTO. Flusso netto: 0.46, Demand: 0.46, percentage: 100.0
Sink 16 SODDISFATTO. Flusso netto: 8.400000000000002, Demand: 8.4, percentage: 100.00000000000003
Sink 19 SODDISFATTO. Flusso netto: 0.5399999999999991, Demand: 0.54, percentage: 99.99999999999983
Sink 23 SODDISFATTO. Flusso netto: 0.5999999999999999, Demand: 0.6, percentage: 99.99999999999997
Sink 24 SODDISFATTO. Flusso netto: 0.8, Demand: 0.8, percentage: 100.0
Sink 25 SODDISFATTO. Flusso netto: 3.5, Demand: 3.5, percentage: 100.0
Sink 26 SODDISFATTO. Flusso netto: 6.000000000000002, Demand: 6.0, percentage: 100.00000000000003
Sink 28 SODDISFATTO. Flusso netto: 0.4, Demand: 0.4, percentage: 100.0
Sink 30 SODDISFATTO. Flusso netto: 0.9799999999999986, Demand: 0.98, percentage: 99.99999999999987
Sink 31 SODDISFATTO. Flusso netto: 0.4, Demand: 0.4, percentage: 100.0
Sink 32 SODDISFATTO. Flusso netto: 0.9999999999999996, Demand: 1.0, percentage: 99.99999999999996
Sink 34 SODDISFATTO. Flusso netto: 1.74, Demand: 1.74, percentage: 100.0
Sink 35 SODDISFATTO. Flusso netto: 1.3, Demand: 1.3, percentage: 100.0
Sink 37 SODDISFATTO. Flusso netto: 1.0, Demand: 1.0, percentage: 100.0
Sink 39 SODDISFATTO. Flusso netto: 0.4, Demand: 0.4, percentage: 100.0
Sink 40 SODDISFATTO. Flusso netto: 0.5, Demand: 0.5, percentage: 100.0
Sink 41 SODDISFATTO. Flusso netto: 1.06, Demand: 1.06, percentage: 100.0
Sink 42 SODDISFATTO. Flusso netto: 2.8199999999999994, Demand: 2.82, percentage: 99.99999999999999
Sink 45 SODDISFATTO. Flusso netto: 0.68, Demand: 0.68, percentage: 100.0
Sink 46 SODDISFATTO. Flusso netto: 1.17, Demand: 1.17, percentage: 100.0
Sink 49 non è soddisfatto. Flusso netto: 3.82, Demand: 7.0, percentage: 54.57142857142857
Flusso totale entrante nei SINK: 89.12
Flusso totale uscente nei SINK: 45.86000000000001
Flusso totale netto nei SINK: 43.26
Total DEMAND dei SINK: 46.44
Percentual di flusso ai SINK: 0.9315245478036176
Numero di Sink soddisfatti: 24.0, numero totale di sink: 25.0
Percentuale di Sink soddisfatti: 0.96

---------------------------------- DAY 18

Update Fixed Elements from Intrinsic Faults
Source NODO_10 fixed from Intrinsic Fault
Pipeline ARCO_17 fixed due to Source NODO_10 fixing from Intrinsic Fault
Pipeline ARCO_88 fixed due to Source NODO_10 fixing from Intrinsic Fault
Pipeline ARCO_89 fixed due to Source NODO_10 fixing from Intrinsic Fault
Pipeline V_EDGE_53_8 fixed due to Source NODO_10 fixing from Intrinsic Fault
Pipeline ARCO_18 fixed due to Source NODO_10 fixing from Intrinsic Fault
Pipeline ARCO_19 fixed due to Source NODO_10 fixing from Intrinsic Fault
Pipeline ARCO_87 fixed due to Source NODO_10 fixing from Intrinsic Fault
Update Fixed Elements from Heavy Faults
Update Fixed Elements from Attack
Propagate Intrinsic Fault
Propagate Heavy Faults
Propagate Attacks
Inject Intrinsic Failure To Source
Inject Heavy Fault To Sources
Inject Attack Multiple To Source
Inject Intrinsic Fault To Pipeline
Inject Heavy Fault To Pipeline
Inject Attack To Pipeline
----------- Statistics ------------
	Sources Under Attack: 0
	Sources with Heavy Fault: 0
	Sources with Intrinsic Fault: 0
	Arcs with reduce capacity due to Attack: 0
	Arcs with reduce capacity due to Heavy Fault: 0
	Arcs with reduce capacity due to Intrinsic Fault: 0
	Arcs with Attacks: 0
	Arcs with Heavy Fault: 0
	Arcs with Intrinsic Fault: 0
--------- SOURCES STATISTICS ---------------
Demand del real Source[0]: -31.0, flusso erogato: 10.129999999999997, flusso entrante: 0.0, efficienza: 32.6774193548387 %
Demand del real Source[8]: -10.5, flusso erogato: 3.8600000000000003, flusso entrante: 0.0, efficienza: 36.76190476190476 %
Demand del real Source[9]: -7.1, flusso erogato: 16.229999999999997, flusso entrante: 9.129999999999997, efficienza: 228.59154929577463 %
Demand del real Source[17]: -25.0, flusso erogato: 25.000000000000007, flusso entrante: 0.0, efficienza: 100.00000000000003 %
Flusso totale entrante nei Real Source: 9.129999999999997
Flusso totale uscente dai Real Source: 55.220000000000006
Flusso netto sui real Source: -46.09000000000001
--- SINKS STATISTICS ---
Sink 3 SODDISFATTO. Flusso netto: 3.43, Demand: 3.43, percentage: 100.0
Sink 4 SODDISFATTO. Flusso netto: 0.5700000000000003, Demand: 0.57, percentage: 100.00000000000007
Sink 5 SODDISFATTO. Flusso netto: 0.6600000000000001, Demand: 0.66, percentage: 100.00000000000003
Sink 11 SODDISFATTO. Flusso netto: 1.03, Demand: 1.03, percentage: 100.0
Sink 15 SODDISFATTO. Flusso netto: 0.46, Demand: 0.46, percentage: 100.0
Sink 16 SODDISFATTO. Flusso netto: 8.400000000000002, Demand: 8.4, percentage: 100.00000000000003
Sink 19 SODDISFATTO. Flusso netto: 0.5399999999999991, Demand: 0.54, percentage: 99.99999999999983
Sink 23 SODDISFATTO. Flusso netto: 0.5999999999999999, Demand: 0.6, percentage: 99.99999999999997
Sink 24 SODDISFATTO. Flusso netto: 0.8, Demand: 0.8, percentage: 100.0
Sink 25 SODDISFATTO. Flusso netto: 3.5, Demand: 3.5, percentage: 100.0
Sink 26 SODDISFATTO. Flusso netto: 6.000000000000002, Demand: 6.0, percentage: 100.00000000000003
Sink 28 SODDISFATTO. Flusso netto: 0.4, Demand: 0.4, percentage: 100.0
Sink 30 SODDISFATTO. Flusso netto: 0.9799999999999986, Demand: 0.98, percentage: 99.99999999999987
Sink 31 SODDISFATTO. Flusso netto: 0.4, Demand: 0.4, percentage: 100.0
Sink 32 SODDISFATTO. Flusso netto: 0.9999999999999996, Demand: 1.0, percentage: 99.99999999999996
Sink 34 SODDISFATTO. Flusso netto: 1.74, Demand: 1.74, percentage: 100.0
Sink 35 SODDISFATTO. Flusso netto: 1.3, Demand: 1.3, percentage: 100.0
Sink 37 SODDISFATTO. Flusso netto: 1.0, Demand: 1.0, percentage: 100.0
Sink 39 SODDISFATTO. Flusso netto: 0.4, Demand: 0.4, percentage: 100.0
Sink 40 SODDISFATTO. Flusso netto: 0.5, Demand: 0.5, percentage: 100.0
Sink 41 SODDISFATTO. Flusso netto: 1.06, Demand: 1.06, percentage: 100.0
Sink 42 SODDISFATTO. Flusso netto: 2.8199999999999994, Demand: 2.82, percentage: 99.99999999999999
Sink 45 SODDISFATTO. Flusso netto: 0.68, Demand: 0.68, percentage: 100.0
Sink 46 SODDISFATTO. Flusso netto: 1.17, Demand: 1.17, percentage: 100.0
Sink 49 non è soddisfatto. Flusso netto: 6.6499999999999995, Demand: 7.0, percentage: 95.0
Flusso totale entrante nei SINK: 92.61000000000001
Flusso totale uscente nei SINK: 46.52
Flusso totale netto nei SINK: 46.09000000000001
Total DEMAND dei SINK: 46.44
Percentual di flusso ai SINK: 0.9924633936261846
Numero di Sink soddisfatti: 24.0, numero totale di sink: 25.0
Percentuale di Sink soddisfatti: 0.96

---------------------------------- DAY 19

Update Fixed Elements from Intrinsic Faults
Update Fixed Elements from Heavy Faults
Update Fixed Elements from Attack
Propagate Intrinsic Fault
Propagate Heavy Faults
Propagate Attacks
Inject Intrinsic Failure To Source
Source NODO_2 is failing for an Intrinsic Fault in day: 19
pipeline ARCO_70 has reduced capacity due to NODO_2 Intrinsic fault
pipeline V_EDGE_53_0 has reduced capacity due to NODO_2 Intrinsic fault
pipeline ARCO_0 has reduced capacity due to NODO_2 Intrinsic fault
Inject Heavy Fault To Sources
Inject Attack Multiple To Source
Inject Intrinsic Fault To Pipeline
Inject Heavy Fault To Pipeline
Inject Attack To Pipeline
----------- Statistics ------------
	Sources Under Attack: 0
	Sources with Heavy Fault: 0
	Sources with Intrinsic Fault: 1
	Arcs with reduce capacity due to Attack: 0
	Arcs with reduce capacity due to Heavy Fault: 0
	Arcs with reduce capacity due to Intrinsic Fault: 3
	Arcs with Attacks: 0
	Arcs with Heavy Fault: 0
	Arcs with Intrinsic Fault: 0
--------- SOURCES STATISTICS ---------------
Demand del real Source[0]: -31.0, flusso erogato: 10.129999999999997, flusso entrante: 0.0, efficienza: 32.6774193548387 %
Demand del real Source[8]: -10.5, flusso erogato: 3.8600000000000003, flusso entrante: 0.0, efficienza: 36.76190476190476 %
Demand del real Source[9]: -7.1, flusso erogato: 16.229999999999997, flusso entrante: 9.129999999999997, efficienza: 228.59154929577463 %
Demand del real Source[17]: -25.0, flusso erogato: 25.000000000000007, flusso entrante: 0.0, efficienza: 100.00000000000003 %
Flusso totale entrante nei Real Source: 9.129999999999997
Flusso totale uscente dai Real Source: 55.220000000000006
Flusso netto sui real Source: -46.09000000000001
--- SINKS STATISTICS ---
Sink 3 SODDISFATTO. Flusso netto: 3.43, Demand: 3.43, percentage: 100.0
Sink 4 SODDISFATTO. Flusso netto: 0.5700000000000003, Demand: 0.57, percentage: 100.00000000000007
Sink 5 SODDISFATTO. Flusso netto: 0.6600000000000001, Demand: 0.66, percentage: 100.00000000000003
Sink 11 SODDISFATTO. Flusso netto: 1.03, Demand: 1.03, percentage: 100.0
Sink 15 SODDISFATTO. Flusso netto: 0.46, Demand: 0.46, percentage: 100.0
Sink 16 SODDISFATTO. Flusso netto: 8.400000000000002, Demand: 8.4, percentage: 100.00000000000003
Sink 19 SODDISFATTO. Flusso netto: 0.5399999999999991, Demand: 0.54, percentage: 99.99999999999983
Sink 23 SODDISFATTO. Flusso netto: 0.5999999999999999, Demand: 0.6, percentage: 99.99999999999997
Sink 24 SODDISFATTO. Flusso netto: 0.8, Demand: 0.8, percentage: 100.0
Sink 25 SODDISFATTO. Flusso netto: 3.5, Demand: 3.5, percentage: 100.0
Sink 26 SODDISFATTO. Flusso netto: 6.000000000000002, Demand: 6.0, percentage: 100.00000000000003
Sink 28 SODDISFATTO. Flusso netto: 0.4, Demand: 0.4, percentage: 100.0
Sink 30 SODDISFATTO. Flusso netto: 0.9799999999999986, Demand: 0.98, percentage: 99.99999999999987
Sink 31 SODDISFATTO. Flusso netto: 0.4, Demand: 0.4, percentage: 100.0
Sink 32 SODDISFATTO. Flusso netto: 0.9999999999999996, Demand: 1.0, percentage: 99.99999999999996
Sink 34 SODDISFATTO. Flusso netto: 1.74, Demand: 1.74, percentage: 100.0
Sink 35 SODDISFATTO. Flusso netto: 1.3, Demand: 1.3, percentage: 100.0
Sink 37 SODDISFATTO. Flusso netto: 1.0, Demand: 1.0, percentage: 100.0
Sink 39 SODDISFATTO. Flusso netto: 0.4, Demand: 0.4, percentage: 100.0
Sink 40 SODDISFATTO. Flusso netto: 0.5, Demand: 0.5, percentage: 100.0
Sink 41 SODDISFATTO. Flusso netto: 1.06, Demand: 1.06, percentage: 100.0
Sink 42 SODDISFATTO. Flusso netto: 2.8199999999999994, Demand: 2.82, percentage: 99.99999999999999
Sink 45 SODDISFATTO. Flusso netto: 0.68, Demand: 0.68, percentage: 100.0
Sink 46 SODDISFATTO. Flusso netto: 1.17, Demand: 1.17, percentage: 100.0
Sink 49 non è soddisfatto. Flusso netto: 6.6499999999999995, Demand: 7.0, percentage: 95.0
Flusso totale entrante nei SINK: 92.61000000000001
Flusso totale uscente nei SINK: 46.52
Flusso totale netto nei SINK: 46.09000000000001
Total DEMAND dei SINK: 46.44
Percentual di flusso ai SINK: 0.9924633936261846
Numero di Sink soddisfatti: 24.0, numero totale di sink: 25.0
Percentuale di Sink soddisfatti: 0.96

---------------------------------- DAY 20

Update Fixed Elements from Intrinsic Faults
Update Fixed Elements from Heavy Faults
Update Fixed Elements from Attack
Propagate Intrinsic Fault
Node NODO_2 has still failing due to Intrinsic Fault
pipeline ARCO_70 still has reduced capacity: 24.8 due to Intrinsic Fault
pipeline V_EDGE_53_0 still has reduced capacity: 24.8 due to Intrinsic Fault
pipeline ARCO_0 still has reduced capacity: 24.8 due to Intrinsic Fault
Propagate Heavy Faults
Propagate Attacks
Inject Intrinsic Failure To Source
Source NODO_11 is failing for an Intrinsic Fault in day: 20
pipeline ARCO_3 has reduced capacity due to NODO_11 Intrinsic fault
pipeline ARCO_90 has reduced capacity due to NODO_11 Intrinsic fault
pipeline ARCO_91 has reduced capacity due to NODO_11 Intrinsic fault
pipeline ARCO_92 has reduced capacity due to NODO_11 Intrinsic fault
pipeline V_EDGE_53_9 has reduced capacity due to NODO_11 Intrinsic fault
pipeline ARCO_20 has reduced capacity due to NODO_11 Intrinsic fault
pipeline ARCO_21 has reduced capacity due to NODO_11 Intrinsic fault
pipeline ARCO_22 has reduced capacity due to NODO_11 Intrinsic fault
pipeline ARCO_73 has reduced capacity due to NODO_11 Intrinsic fault
Inject Heavy Fault To Sources
Inject Attack Multiple To Source
Inject Intrinsic Fault To Pipeline
Inject Heavy Fault To Pipeline
Inject Attack To Pipeline
----------- Statistics ------------
	Sources Under Attack: 0
	Sources with Heavy Fault: 0
	Sources with Intrinsic Fault: 2
	Arcs with reduce capacity due to Attack: 0
	Arcs with reduce capacity due to Heavy Fault: 0
	Arcs with reduce capacity due to Intrinsic Fault: 12
	Arcs with Attacks: 0
	Arcs with Heavy Fault: 0
	Arcs with Intrinsic Fault: 0
--------- SOURCES STATISTICS ---------------
Demand del real Source[0]: -31.0, flusso erogato: 11.397999999999998, flusso entrante: 0.0, efficienza: 36.76774193548387 %
Demand del real Source[8]: -10.5, flusso erogato: 3.8600000000000003, flusso entrante: 0.0, efficienza: 36.76190476190476 %
Demand del real Source[9]: -7.1, flusso erogato: 16.077999999999996, flusso entrante: 10.397999999999998, efficienza: 226.45070422535207 %
Demand del real Source[17]: -25.0, flusso erogato: 25.000000000000007, flusso entrante: 0.0, efficienza: 100.00000000000003 %
Flusso totale entrante nei Real Source: 10.397999999999998
Flusso totale uscente dai Real Source: 56.336000000000006
Flusso netto sui real Source: -45.93800000000001
--- SINKS STATISTICS ---
Sink 3 SODDISFATTO. Flusso netto: 3.43, Demand: 3.43, percentage: 100.0
Sink 4 SODDISFATTO. Flusso netto: 0.5700000000000003, Demand: 0.57, percentage: 100.00000000000007
Sink 5 SODDISFATTO. Flusso netto: 0.6600000000000001, Demand: 0.66, percentage: 100.00000000000003
Sink 11 SODDISFATTO. Flusso netto: 1.03, Demand: 1.03, percentage: 100.0
Sink 15 SODDISFATTO. Flusso netto: 0.46, Demand: 0.46, percentage: 100.0
Sink 16 SODDISFATTO. Flusso netto: 8.400000000000002, Demand: 8.4, percentage: 100.00000000000003
Sink 19 SODDISFATTO. Flusso netto: 0.5399999999999991, Demand: 0.54, percentage: 99.99999999999983
Sink 23 SODDISFATTO. Flusso netto: 0.5999999999999999, Demand: 0.6, percentage: 99.99999999999997
Sink 24 SODDISFATTO. Flusso netto: 0.8, Demand: 0.8, percentage: 100.0
Sink 25 SODDISFATTO. Flusso netto: 3.5, Demand: 3.5, percentage: 100.0
Sink 26 SODDISFATTO. Flusso netto: 6.000000000000002, Demand: 6.0, percentage: 100.00000000000003
Sink 28 SODDISFATTO. Flusso netto: 0.4, Demand: 0.4, percentage: 100.0
Sink 30 SODDISFATTO. Flusso netto: 0.9799999999999986, Demand: 0.98, percentage: 99.99999999999987
Sink 31 SODDISFATTO. Flusso netto: 0.4, Demand: 0.4, percentage: 100.0
Sink 32 SODDISFATTO. Flusso netto: 0.9999999999999996, Demand: 1.0, percentage: 99.99999999999996
Sink 34 SODDISFATTO. Flusso netto: 1.74, Demand: 1.74, percentage: 100.0
Sink 35 SODDISFATTO. Flusso netto: 1.3, Demand: 1.3, percentage: 100.0
Sink 37 SODDISFATTO. Flusso netto: 1.0, Demand: 1.0, percentage: 100.0
Sink 39 SODDISFATTO. Flusso netto: 0.4, Demand: 0.4, percentage: 100.0
Sink 40 SODDISFATTO. Flusso netto: 0.5, Demand: 0.5, percentage: 100.0
Sink 41 SODDISFATTO. Flusso netto: 1.0599999999999996, Demand: 1.06, percentage: 99.99999999999996
Sink 42 SODDISFATTO. Flusso netto: 2.8200000000000003, Demand: 2.82, percentage: 100.00000000000003
Sink 45 SODDISFATTO. Flusso netto: 0.68, Demand: 0.68, percentage: 100.0
Sink 46 SODDISFATTO. Flusso netto: 1.17, Demand: 1.17, percentage: 100.0
Sink 49 non è soddisfatto. Flusso netto: 6.497999999999999, Demand: 7.0, percentage: 92.82857142857142
Flusso totale entrante nei SINK: 95.24200000000002
Flusso totale uscente nei SINK: 49.304
Flusso totale netto nei SINK: 45.93800000000002
Total DEMAND dei SINK: 46.44
Percentual di flusso ai SINK: 0.989190353143842
Numero di Sink soddisfatti: 24.0, numero totale di sink: 25.0
Percentuale di Sink soddisfatti: 0.96

---------------------------------- DAY 21

Update Fixed Elements from Intrinsic Faults
Update Fixed Elements from Heavy Faults
Update Fixed Elements from Attack
Propagate Intrinsic Fault
Node NODO_2 has still failing due to Intrinsic Fault
Node NODO_11 has still failing due to Intrinsic Fault
pipeline ARCO_70 still has reduced capacity: 24.8 due to Intrinsic Fault
pipeline V_EDGE_53_0 still has reduced capacity: 24.8 due to Intrinsic Fault
pipeline ARCO_0 still has reduced capacity: 24.8 due to Intrinsic Fault
pipeline ARCO_3 still has reduced capacity: 9.688 due to Intrinsic Fault
pipeline ARCO_90 still has reduced capacity: 1.6 due to Intrinsic Fault
pipeline ARCO_91 still has reduced capacity: 9.688 due to Intrinsic Fault
pipeline ARCO_92 still has reduced capacity: 39.328 due to Intrinsic Fault
pipeline V_EDGE_53_9 still has reduced capacity: 5.68 due to Intrinsic Fault
pipeline ARCO_20 still has reduced capacity: 1.6 due to Intrinsic Fault
pipeline ARCO_21 still has reduced capacity: 9.688 due to Intrinsic Fault
pipeline ARCO_22 still has reduced capacity: 39.328 due to Intrinsic Fault
pipeline ARCO_73 still has reduced capacity: 9.688 due to Intrinsic Fault
Propagate Heavy Faults
Propagate Attacks
Inject Intrinsic Failure To Source
Source NODO_11 is failing for an Intrinsic Fault in day: 21
pipeline ARCO_3 has reduced capacity due to NODO_11 Intrinsic fault
pipeline ARCO_90 has reduced capacity due to NODO_11 Intrinsic fault
pipeline ARCO_91 has reduced capacity due to NODO_11 Intrinsic fault
pipeline ARCO_92 has reduced capacity due to NODO_11 Intrinsic fault
pipeline V_EDGE_53_9 has reduced capacity due to NODO_11 Intrinsic fault
pipeline ARCO_20 has reduced capacity due to NODO_11 Intrinsic fault
pipeline ARCO_21 has reduced capacity due to NODO_11 Intrinsic fault
pipeline ARCO_22 has reduced capacity due to NODO_11 Intrinsic fault
pipeline ARCO_73 has reduced capacity due to NODO_11 Intrinsic fault
Inject Heavy Fault To Sources
Inject Attack Multiple To Source
Inject Intrinsic Fault To Pipeline
Inject Heavy Fault To Pipeline
Inject Attack To Pipeline
----------- Statistics ------------
	Sources Under Attack: 0
	Sources with Heavy Fault: 0
	Sources with Intrinsic Fault: 2
	Arcs with reduce capacity due to Attack: 0
	Arcs with reduce capacity due to Heavy Fault: 0
	Arcs with reduce capacity due to Intrinsic Fault: 12
	Arcs with Attacks: 0
	Arcs with Heavy Fault: 0
	Arcs with Intrinsic Fault: 0
--------- SOURCES STATISTICS ---------------
Demand del real Source[0]: -31.0, flusso erogato: 10.596399999999997, flusso entrante: 0.0, efficienza: 34.18193548387096 %
Demand del real Source[8]: -10.5, flusso erogato: 3.8600000000000003, flusso entrante: 0.0, efficienza: 36.76190476190476 %
Demand del real Source[9]: -7.1, flusso erogato: 14.140399999999998, flusso entrante: 9.5964, efficienza: 199.16056338028167 %
Demand del real Source[17]: -25.0, flusso erogato: 25.000000000000007, flusso entrante: 0.0, efficienza: 100.00000000000003 %
Flusso totale entrante nei Real Source: 9.5964
Flusso totale uscente dai Real Source: 53.5968
Flusso netto sui real Source: -44.0004
--- SINKS STATISTICS ---
Sink 3 SODDISFATTO. Flusso netto: 3.43, Demand: 3.43, percentage: 100.0
Sink 4 SODDISFATTO. Flusso netto: 0.5699999999999998, Demand: 0.57, percentage: 99.99999999999997
Sink 5 SODDISFATTO. Flusso netto: 0.6600000000000001, Demand: 0.66, percentage: 100.00000000000003
Sink 11 SODDISFATTO. Flusso netto: 1.03, Demand: 1.03, percentage: 100.0
Sink 15 SODDISFATTO. Flusso netto: 0.46, Demand: 0.46, percentage: 100.0
Sink 16 SODDISFATTO. Flusso netto: 8.400000000000002, Demand: 8.4, percentage: 100.00000000000003
Sink 19 SODDISFATTO. Flusso netto: 0.5399999999999991, Demand: 0.54, percentage: 99.99999999999983
Sink 23 SODDISFATTO. Flusso netto: 0.5999999999999999, Demand: 0.6, percentage: 99.99999999999997
Sink 24 SODDISFATTO. Flusso netto: 0.8, Demand: 0.8, percentage: 100.0
Sink 25 SODDISFATTO. Flusso netto: 3.5, Demand: 3.5, percentage: 100.0
Sink 26 SODDISFATTO. Flusso netto: 6.000000000000002, Demand: 6.0, percentage: 100.00000000000003
Sink 28 SODDISFATTO. Flusso netto: 0.4, Demand: 0.4, percentage: 100.0
Sink 30 SODDISFATTO. Flusso netto: 0.9799999999999986, Demand: 0.98, percentage: 99.99999999999987
Sink 31 SODDISFATTO. Flusso netto: 0.4, Demand: 0.4, percentage: 100.0
Sink 32 SODDISFATTO. Flusso netto: 0.9999999999999996, Demand: 1.0, percentage: 99.99999999999996
Sink 34 SODDISFATTO. Flusso netto: 1.74, Demand: 1.74, percentage: 100.0
Sink 35 SODDISFATTO. Flusso netto: 1.3, Demand: 1.3, percentage: 100.0
Sink 37 SODDISFATTO. Flusso netto: 1.0, Demand: 1.0, percentage: 100.0
Sink 39 SODDISFATTO. Flusso netto: 0.4, Demand: 0.4, percentage: 100.0
Sink 40 SODDISFATTO. Flusso netto: 0.5, Demand: 0.5, percentage: 100.0
Sink 41 SODDISFATTO. Flusso netto: 1.0599999999999996, Demand: 1.06, percentage: 99.99999999999996
Sink 42 SODDISFATTO. Flusso netto: 2.8200000000000003, Demand: 2.82, percentage: 100.00000000000003
Sink 45 SODDISFATTO. Flusso netto: 0.68, Demand: 0.68, percentage: 100.0
Sink 46 SODDISFATTO. Flusso netto: 1.17, Demand: 1.17, percentage: 100.0
Sink 49 non è soddisfatto. Flusso netto: 4.5604, Demand: 7.0, percentage: 65.14857142857142
Flusso totale entrante nei SINK: 87.4916
Flusso totale uscente nei SINK: 43.4912
Flusso totale netto nei SINK: 44.000400000000006
Total DEMAND dei SINK: 46.44
Percentual di flusso ai SINK: 0.9474677002583981
Numero di Sink soddisfatti: 24.0, numero totale di sink: 25.0
Percentuale di Sink soddisfatti: 0.96

---------------------------------- DAY 22

Update Fixed Elements from Intrinsic Faults
Source NODO_2 fixed from Intrinsic Fault
Pipeline ARCO_70 fixed due to Source NODO_2 fixing from Intrinsic Fault
Pipeline V_EDGE_53_0 fixed due to Source NODO_2 fixing from Intrinsic Fault
Pipeline ARCO_0 fixed due to Source NODO_2 fixing from Intrinsic Fault
Update Fixed Elements from Heavy Faults
Update Fixed Elements from Attack
Propagate Intrinsic Fault
Node NODO_11 has still failing due to Intrinsic Fault
pipeline ARCO_3 still has reduced capacity: 9.688 due to Intrinsic Fault
pipeline ARCO_90 still has reduced capacity: 1.6 due to Intrinsic Fault
pipeline ARCO_91 still has reduced capacity: 9.688 due to Intrinsic Fault
pipeline ARCO_92 still has reduced capacity: 39.328 due to Intrinsic Fault
pipeline V_EDGE_53_9 still has reduced capacity: 5.68 due to Intrinsic Fault
pipeline ARCO_20 still has reduced capacity: 1.6 due to Intrinsic Fault
pipeline ARCO_21 still has reduced capacity: 9.688 due to Intrinsic Fault
pipeline ARCO_22 still has reduced capacity: 39.328 due to Intrinsic Fault
pipeline ARCO_73 still has reduced capacity: 9.688 due to Intrinsic Fault
Propagate Heavy Faults
Propagate Attacks
Inject Intrinsic Failure To Source
Source NODO_2 is failing for an Intrinsic Fault in day: 22
pipeline ARCO_70 has reduced capacity due to NODO_2 Intrinsic fault
pipeline V_EDGE_53_0 has reduced capacity due to NODO_2 Intrinsic fault
pipeline ARCO_0 has reduced capacity due to NODO_2 Intrinsic fault
Source NODO_11 is failing for an Intrinsic Fault in day: 22
pipeline ARCO_3 has reduced capacity due to NODO_11 Intrinsic fault
pipeline ARCO_90 has reduced capacity due to NODO_11 Intrinsic fault
pipeline ARCO_91 has reduced capacity due to NODO_11 Intrinsic fault
pipeline ARCO_92 has reduced capacity due to NODO_11 Intrinsic fault
pipeline V_EDGE_53_9 has reduced capacity due to NODO_11 Intrinsic fault
pipeline ARCO_20 has reduced capacity due to NODO_11 Intrinsic fault
pipeline ARCO_21 has reduced capacity due to NODO_11 Intrinsic fault
pipeline ARCO_22 has reduced capacity due to NODO_11 Intrinsic fault
pipeline ARCO_73 has reduced capacity due to NODO_11 Intrinsic fault
Inject Heavy Fault To Sources
Inject Attack Multiple To Source
Inject Intrinsic Fault To Pipeline
Inject Heavy Fault To Pipeline
Inject Attack To Pipeline
----------- Statistics ------------
	Sources Under Attack: 0
	Sources with Heavy Fault: 0
	Sources with Intrinsic Fault: 2
	Arcs with reduce capacity due to Attack: 0
	Arcs with reduce capacity due to Heavy Fault: 0
	Arcs with reduce capacity due to Intrinsic Fault: 12
	Arcs with Attacks: 0
	Arcs with Heavy Fault: 0
	Arcs with Intrinsic Fault: 0
--------- SOURCES STATISTICS ---------------
Demand del real Source[0]: -31.0, flusso erogato: 10.596399999999997, flusso entrante: 0.0, efficienza: 34.18193548387096 %
Demand del real Source[8]: -10.5, flusso erogato: 3.8600000000000003, flusso entrante: 0.0, efficienza: 36.76190476190476 %
Demand del real Source[9]: -7.1, flusso erogato: 14.140399999999998, flusso entrante: 9.5964, efficienza: 199.16056338028167 %
Demand del real Source[17]: -25.0, flusso erogato: 25.000000000000007, flusso entrante: 0.0, efficienza: 100.00000000000003 %
Flusso totale entrante nei Real Source: 9.5964
Flusso totale uscente dai Real Source: 53.5968
Flusso netto sui real Source: -44.0004
--- SINKS STATISTICS ---
Sink 3 SODDISFATTO. Flusso netto: 3.43, Demand: 3.43, percentage: 100.0
Sink 4 SODDISFATTO. Flusso netto: 0.5699999999999998, Demand: 0.57, percentage: 99.99999999999997
Sink 5 SODDISFATTO. Flusso netto: 0.6600000000000001, Demand: 0.66, percentage: 100.00000000000003
Sink 11 SODDISFATTO. Flusso netto: 1.03, Demand: 1.03, percentage: 100.0
Sink 15 SODDISFATTO. Flusso netto: 0.46, Demand: 0.46, percentage: 100.0
Sink 16 SODDISFATTO. Flusso netto: 8.400000000000002, Demand: 8.4, percentage: 100.00000000000003
Sink 19 SODDISFATTO. Flusso netto: 0.5399999999999991, Demand: 0.54, percentage: 99.99999999999983
Sink 23 SODDISFATTO. Flusso netto: 0.5999999999999999, Demand: 0.6, percentage: 99.99999999999997
Sink 24 SODDISFATTO. Flusso netto: 0.8, Demand: 0.8, percentage: 100.0
Sink 25 SODDISFATTO. Flusso netto: 3.5, Demand: 3.5, percentage: 100.0
Sink 26 SODDISFATTO. Flusso netto: 6.000000000000002, Demand: 6.0, percentage: 100.00000000000003
Sink 28 SODDISFATTO. Flusso netto: 0.4, Demand: 0.4, percentage: 100.0
Sink 30 SODDISFATTO. Flusso netto: 0.9799999999999986, Demand: 0.98, percentage: 99.99999999999987
Sink 31 SODDISFATTO. Flusso netto: 0.4, Demand: 0.4, percentage: 100.0
Sink 32 SODDISFATTO. Flusso netto: 0.9999999999999996, Demand: 1.0, percentage: 99.99999999999996
Sink 34 SODDISFATTO. Flusso netto: 1.74, Demand: 1.74, percentage: 100.0
Sink 35 SODDISFATTO. Flusso netto: 1.3, Demand: 1.3, percentage: 100.0
Sink 37 SODDISFATTO. Flusso netto: 1.0, Demand: 1.0, percentage: 100.0
Sink 39 SODDISFATTO. Flusso netto: 0.4, Demand: 0.4, percentage: 100.0
Sink 40 SODDISFATTO. Flusso netto: 0.5, Demand: 0.5, percentage: 100.0
Sink 41 SODDISFATTO. Flusso netto: 1.0599999999999996, Demand: 1.06, percentage: 99.99999999999996
Sink 42 SODDISFATTO. Flusso netto: 2.8200000000000003, Demand: 2.82, percentage: 100.00000000000003
Sink 45 SODDISFATTO. Flusso netto: 0.68, Demand: 0.68, percentage: 100.0
Sink 46 SODDISFATTO. Flusso netto: 1.17, Demand: 1.17, percentage: 100.0
Sink 49 non è soddisfatto. Flusso netto: 4.5604, Demand: 7.0, percentage: 65.14857142857142
Flusso totale entrante nei SINK: 87.4916
Flusso totale uscente nei SINK: 43.4912
Flusso totale netto nei SINK: 44.000400000000006
Total DEMAND dei SINK: 46.44
Percentual di flusso ai SINK: 0.9474677002583981
Numero di Sink soddisfatti: 24.0, numero totale di sink: 25.0
Percentuale di Sink soddisfatti: 0.96

---------------------------------- DAY 23

Update Fixed Elements from Intrinsic Faults
Source NODO_11 fixed from Intrinsic Fault
Pipeline ARCO_3 fixed due to Source NODO_11 fixing from Intrinsic Fault
Pipeline ARCO_90 fixed due to Source NODO_11 fixing from Intrinsic Fault
Pipeline ARCO_91 fixed due to Source NODO_11 fixing from Intrinsic Fault
Pipeline ARCO_92 fixed due to Source NODO_11 fixing from Intrinsic Fault
Pipeline V_EDGE_53_9 fixed due to Source NODO_11 fixing from Intrinsic Fault
Pipeline ARCO_20 fixed due to Source NODO_11 fixing from Intrinsic Fault
Pipeline ARCO_21 fixed due to Source NODO_11 fixing from Intrinsic Fault
Pipeline ARCO_22 fixed due to Source NODO_11 fixing from Intrinsic Fault
Pipeline ARCO_73 fixed due to Source NODO_11 fixing from Intrinsic Fault
Update Fixed Elements from Heavy Faults
Update Fixed Elements from Attack
Propagate Intrinsic Fault
Node NODO_2 has still failing due to Intrinsic Fault
pipeline ARCO_70 still has reduced capacity: 24.8 due to Intrinsic Fault
pipeline V_EDGE_53_0 still has reduced capacity: 24.8 due to Intrinsic Fault
pipeline ARCO_0 still has reduced capacity: 24.8 due to Intrinsic Fault
Propagate Heavy Faults
Propagate Attacks
Inject Intrinsic Failure To Source
Inject Heavy Fault To Sources
Inject Attack Multiple To Source
Inject Intrinsic Fault To Pipeline
Inject Heavy Fault To Pipeline
Inject Attack To Pipeline
----------- Statistics ------------
	Sources Under Attack: 0
	Sources with Heavy Fault: 0
	Sources with Intrinsic Fault: 1
	Arcs with reduce capacity due to Attack: 0
	Arcs with reduce capacity due to Heavy Fault: 0
	Arcs with reduce capacity due to Intrinsic Fault: 3
	Arcs with Attacks: 0
	Arcs with Heavy Fault: 0
	Arcs with Intrinsic Fault: 0
--------- SOURCES STATISTICS ---------------
Demand del real Source[0]: -31.0, flusso erogato: 10.129999999999997, flusso entrante: 0.0, efficienza: 32.6774193548387 %
Demand del real Source[8]: -10.5, flusso erogato: 3.8600000000000003, flusso entrante: 0.0, efficienza: 36.76190476190476 %
Demand del real Source[9]: -7.1, flusso erogato: 16.229999999999997, flusso entrante: 9.129999999999997, efficienza: 228.59154929577463 %
Demand del real Source[17]: -25.0, flusso erogato: 25.000000000000007, flusso entrante: 0.0, efficienza: 100.00000000000003 %
Flusso totale entrante nei Real Source: 9.129999999999997
Flusso totale uscente dai Real Source: 55.220000000000006
Flusso netto sui real Source: -46.09000000000001
--- SINKS STATISTICS ---
Sink 3 SODDISFATTO. Flusso netto: 3.43, Demand: 3.43, percentage: 100.0
Sink 4 SODDISFATTO. Flusso netto: 0.5700000000000003, Demand: 0.57, percentage: 100.00000000000007
Sink 5 SODDISFATTO. Flusso netto: 0.6600000000000001, Demand: 0.66, percentage: 100.00000000000003
Sink 11 SODDISFATTO. Flusso netto: 1.03, Demand: 1.03, percentage: 100.0
Sink 15 SODDISFATTO. Flusso netto: 0.46, Demand: 0.46, percentage: 100.0
Sink 16 SODDISFATTO. Flusso netto: 8.400000000000002, Demand: 8.4, percentage: 100.00000000000003
Sink 19 SODDISFATTO. Flusso netto: 0.5399999999999991, Demand: 0.54, percentage: 99.99999999999983
Sink 23 SODDISFATTO. Flusso netto: 0.5999999999999999, Demand: 0.6, percentage: 99.99999999999997
Sink 24 SODDISFATTO. Flusso netto: 0.8, Demand: 0.8, percentage: 100.0
Sink 25 SODDISFATTO. Flusso netto: 3.5, Demand: 3.5, percentage: 100.0
Sink 26 SODDISFATTO. Flusso netto: 6.000000000000002, Demand: 6.0, percentage: 100.00000000000003
Sink 28 SODDISFATTO. Flusso netto: 0.4, Demand: 0.4, percentage: 100.0
Sink 30 SODDISFATTO. Flusso netto: 0.9799999999999986, Demand: 0.98, percentage: 99.99999999999987
Sink 31 SODDISFATTO. Flusso netto: 0.4, Demand: 0.4, percentage: 100.0
Sink 32 SODDISFATTO. Flusso netto: 0.9999999999999996, Demand: 1.0, percentage: 99.99999999999996
Sink 34 SODDISFATTO. Flusso netto: 1.74, Demand: 1.74, percentage: 100.0
Sink 35 SODDISFATTO. Flusso netto: 1.3, Demand: 1.3, percentage: 100.0
Sink 37 SODDISFATTO. Flusso netto: 1.0, Demand: 1.0, percentage: 100.0
Sink 39 SODDISFATTO. Flusso netto: 0.4, Demand: 0.4, percentage: 100.0
Sink 40 SODDISFATTO. Flusso netto: 0.5, Demand: 0.5, percentage: 100.0
Sink 41 SODDISFATTO. Flusso netto: 1.06, Demand: 1.06, percentage: 100.0
Sink 42 SODDISFATTO. Flusso netto: 2.8199999999999994, Demand: 2.82, percentage: 99.99999999999999
Sink 45 SODDISFATTO. Flusso netto: 0.68, Demand: 0.68, percentage: 100.0
Sink 46 SODDISFATTO. Flusso netto: 1.17, Demand: 1.17, percentage: 100.0
Sink 49 non è soddisfatto. Flusso netto: 6.6499999999999995, Demand: 7.0, percentage: 95.0
Flusso totale entrante nei SINK: 92.61000000000001
Flusso totale uscente nei SINK: 46.52
Flusso totale netto nei SINK: 46.09000000000001
Total DEMAND dei SINK: 46.44
Percentual di flusso ai SINK: 0.9924633936261846
Numero di Sink soddisfatti: 24.0, numero totale di sink: 25.0
Percentuale di Sink soddisfatti: 0.96

---------------------------------- DAY 24

Update Fixed Elements from Intrinsic Faults
Update Fixed Elements from Heavy Faults
Update Fixed Elements from Attack
Propagate Intrinsic Fault
Node NODO_2 has still failing due to Intrinsic Fault
pipeline ARCO_70 still has reduced capacity: 24.8 due to Intrinsic Fault
pipeline V_EDGE_53_0 still has reduced capacity: 24.8 due to Intrinsic Fault
pipeline ARCO_0 still has reduced capacity: 24.8 due to Intrinsic Fault
Propagate Heavy Faults
Propagate Attacks
Inject Intrinsic Failure To Source
Source NODO_10 is failing for an Intrinsic Fault in day: 24
pipeline ARCO_17 has reduced capacity due to NODO_10 Intrinsic fault
pipeline ARCO_88 has reduced capacity due to NODO_10 Intrinsic fault
pipeline ARCO_89 has reduced capacity due to NODO_10 Intrinsic fault
pipeline V_EDGE_53_8 has reduced capacity due to NODO_10 Intrinsic fault
pipeline ARCO_18 has reduced capacity due to NODO_10 Intrinsic fault
pipeline ARCO_19 has reduced capacity due to NODO_10 Intrinsic fault
pipeline ARCO_87 has reduced capacity due to NODO_10 Intrinsic fault
Inject Heavy Fault To Sources
Inject Attack Multiple To Source
Inject Intrinsic Fault To Pipeline
Inject Heavy Fault To Pipeline
Inject Attack To Pipeline
----------- Statistics ------------
	Sources Under Attack: 0
	Sources with Heavy Fault: 0
	Sources with Intrinsic Fault: 2
	Arcs with reduce capacity due to Attack: 0
	Arcs with reduce capacity due to Heavy Fault: 0
	Arcs with reduce capacity due to Intrinsic Fault: 10
	Arcs with Attacks: 0
	Arcs with Heavy Fault: 0
	Arcs with Intrinsic Fault: 0
--------- SOURCES STATISTICS ---------------
Demand del real Source[0]: -31.0, flusso erogato: 11.159999999999998, flusso entrante: 0.0, efficienza: 35.99999999999999 %
Demand del real Source[8]: -10.5, flusso erogato: 0.0, flusso entrante: 0.0, efficienza: 0.0 %
Demand del real Source[9]: -7.1, flusso erogato: 17.259999999999998, flusso entrante: 10.159999999999998, efficienza: 243.09859154929575 %
Demand del real Source[17]: -25.0, flusso erogato: 25.000000000000007, flusso entrante: 0.0, efficienza: 100.00000000000003 %
Flusso totale entrante nei Real Source: 10.159999999999998
Flusso totale uscente dai Real Source: 53.42
Flusso netto sui real Source: -43.260000000000005
--- SINKS STATISTICS ---
Sink 3 SODDISFATTO. Flusso netto: 3.43, Demand: 3.43, percentage: 100.0
Sink 4 SODDISFATTO. Flusso netto: 0.5700000000000003, Demand: 0.57, percentage: 100.00000000000007
Sink 5 SODDISFATTO. Flusso netto: 0.6599999999999997, Demand: 0.66, percentage: 99.99999999999994
Sink 11 SODDISFATTO. Flusso netto: 1.03, Demand: 1.03, percentage: 100.0
Sink 15 SODDISFATTO. Flusso netto: 0.46, Demand: 0.46, percentage: 100.0
Sink 16 SODDISFATTO. Flusso netto: 8.400000000000002, Demand: 8.4, percentage: 100.00000000000003
Sink 19 SODDISFATTO. Flusso netto: 0.5399999999999991, Demand: 0.54, percentage: 99.99999999999983
Sink 23 SODDISFATTO. Flusso netto: 0.5999999999999999, Demand: 0.6, percentage: 99.99999999999997
Sink 24 SODDISFATTO. Flusso netto: 0.8, Demand: 0.8, percentage: 100.0
Sink 25 SODDISFATTO. Flusso netto: 3.5, Demand: 3.5, percentage: 100.0
Sink 26 SODDISFATTO. Flusso netto: 6.000000000000002, Demand: 6.0, percentage: 100.00000000000003
Sink 28 SODDISFATTO. Flusso netto: 0.4, Demand: 0.4, percentage: 100.0
Sink 30 SODDISFATTO. Flusso netto: 0.9799999999999986, Demand: 0.98, percentage: 99.99999999999987
Sink 31 SODDISFATTO. Flusso netto: 0.4, Demand: 0.4, percentage: 100.0
Sink 32 SODDISFATTO. Flusso netto: 0.9999999999999996, Demand: 1.0, percentage: 99.99999999999996
Sink 34 SODDISFATTO. Flusso netto: 1.74, Demand: 1.74, percentage: 100.0
Sink 35 SODDISFATTO. Flusso netto: 1.3, Demand: 1.3, percentage: 100.0
Sink 37 SODDISFATTO. Flusso netto: 1.0, Demand: 1.0, percentage: 100.0
Sink 39 SODDISFATTO. Flusso netto: 0.4, Demand: 0.4, percentage: 100.0
Sink 40 SODDISFATTO. Flusso netto: 0.5, Demand: 0.5, percentage: 100.0
Sink 41 SODDISFATTO. Flusso netto: 1.06, Demand: 1.06, percentage: 100.0
Sink 42 SODDISFATTO. Flusso netto: 2.8199999999999994, Demand: 2.82, percentage: 99.99999999999999
Sink 45 SODDISFATTO. Flusso netto: 0.68, Demand: 0.68, percentage: 100.0
Sink 46 SODDISFATTO. Flusso netto: 1.17, Demand: 1.17, percentage: 100.0
Sink 49 non è soddisfatto. Flusso netto: 3.82, Demand: 7.0, percentage: 54.57142857142857
Flusso totale entrante nei SINK: 89.12
Flusso totale uscente nei SINK: 45.86000000000001
Flusso totale netto nei SINK: 43.26
Total DEMAND dei SINK: 46.44
Percentual di flusso ai SINK: 0.9315245478036176
Numero di Sink soddisfatti: 24.0, numero totale di sink: 25.0
Percentuale di Sink soddisfatti: 0.96

---------------------------------- DAY 25

Update Fixed Elements from Intrinsic Faults
Source NODO_2 fixed from Intrinsic Fault
Pipeline ARCO_70 fixed due to Source NODO_2 fixing from Intrinsic Fault
Pipeline V_EDGE_53_0 fixed due to Source NODO_2 fixing from Intrinsic Fault
Pipeline ARCO_0 fixed due to Source NODO_2 fixing from Intrinsic Fault
Update Fixed Elements from Heavy Faults
Update Fixed Elements from Attack
Propagate Intrinsic Fault
Node NODO_10 has still failing due to Intrinsic Fault
pipeline ARCO_17 still has reduced capacity: 0.0 due to Intrinsic Fault
pipeline ARCO_88 still has reduced capacity: 0.0 due to Intrinsic Fault
pipeline ARCO_89 still has reduced capacity: 0.0 due to Intrinsic Fault
pipeline V_EDGE_53_8 still has reduced capacity: 0.0 due to Intrinsic Fault
pipeline ARCO_18 still has reduced capacity: 0.0 due to Intrinsic Fault
pipeline ARCO_19 still has reduced capacity: 0.0 due to Intrinsic Fault
pipeline ARCO_87 still has reduced capacity: 0.0 due to Intrinsic Fault
Propagate Heavy Faults
Propagate Attacks
Inject Intrinsic Failure To Source
Inject Heavy Fault To Sources
Inject Attack Multiple To Source
Inject Intrinsic Fault To Pipeline
Inject Heavy Fault To Pipeline
Inject Attack To Pipeline
----------- Statistics ------------
	Sources Under Attack: 0
	Sources with Heavy Fault: 0
	Sources with Intrinsic Fault: 1
	Arcs with reduce capacity due to Attack: 0
	Arcs with reduce capacity due to Heavy Fault: 0
	Arcs with reduce capacity due to Intrinsic Fault: 7
	Arcs with Attacks: 0
	Arcs with Heavy Fault: 0
	Arcs with Intrinsic Fault: 0
--------- SOURCES STATISTICS ---------------
Demand del real Source[0]: -31.0, flusso erogato: 11.159999999999998, flusso entrante: 0.0, efficienza: 35.99999999999999 %
Demand del real Source[8]: -10.5, flusso erogato: 0.0, flusso entrante: 0.0, efficienza: 0.0 %
Demand del real Source[9]: -7.1, flusso erogato: 17.259999999999998, flusso entrante: 10.159999999999998, efficienza: 243.09859154929575 %
Demand del real Source[17]: -25.0, flusso erogato: 25.000000000000007, flusso entrante: 0.0, efficienza: 100.00000000000003 %
Flusso totale entrante nei Real Source: 10.159999999999998
Flusso totale uscente dai Real Source: 53.42
Flusso netto sui real Source: -43.260000000000005
--- SINKS STATISTICS ---
Sink 3 SODDISFATTO. Flusso netto: 3.43, Demand: 3.43, percentage: 100.0
Sink 4 SODDISFATTO. Flusso netto: 0.5700000000000003, Demand: 0.57, percentage: 100.00000000000007
Sink 5 SODDISFATTO. Flusso netto: 0.6599999999999997, Demand: 0.66, percentage: 99.99999999999994
Sink 11 SODDISFATTO. Flusso netto: 1.03, Demand: 1.03, percentage: 100.0
Sink 15 SODDISFATTO. Flusso netto: 0.46, Demand: 0.46, percentage: 100.0
Sink 16 SODDISFATTO. Flusso netto: 8.400000000000002, Demand: 8.4, percentage: 100.00000000000003
Sink 19 SODDISFATTO. Flusso netto: 0.5399999999999991, Demand: 0.54, percentage: 99.99999999999983
Sink 23 SODDISFATTO. Flusso netto: 0.5999999999999999, Demand: 0.6, percentage: 99.99999999999997
Sink 24 SODDISFATTO. Flusso netto: 0.8, Demand: 0.8, percentage: 100.0
Sink 25 SODDISFATTO. Flusso netto: 3.5, Demand: 3.5, percentage: 100.0
Sink 26 SODDISFATTO. Flusso netto: 6.000000000000002, Demand: 6.0, percentage: 100.00000000000003
Sink 28 SODDISFATTO. Flusso netto: 0.4, Demand: 0.4, percentage: 100.0
Sink 30 SODDISFATTO. Flusso netto: 0.9799999999999986, Demand: 0.98, percentage: 99.99999999999987
Sink 31 SODDISFATTO. Flusso netto: 0.4, Demand: 0.4, percentage: 100.0
Sink 32 SODDISFATTO. Flusso netto: 0.9999999999999996, Demand: 1.0, percentage: 99.99999999999996
Sink 34 SODDISFATTO. Flusso netto: 1.74, Demand: 1.74, percentage: 100.0
Sink 35 SODDISFATTO. Flusso netto: 1.3, Demand: 1.3, percentage: 100.0
Sink 37 SODDISFATTO. Flusso netto: 1.0, Demand: 1.0, percentage: 100.0
Sink 39 SODDISFATTO. Flusso netto: 0.4, Demand: 0.4, percentage: 100.0
Sink 40 SODDISFATTO. Flusso netto: 0.5, Demand: 0.5, percentage: 100.0
Sink 41 SODDISFATTO. Flusso netto: 1.06, Demand: 1.06, percentage: 100.0
Sink 42 SODDISFATTO. Flusso netto: 2.8199999999999994, Demand: 2.82, percentage: 99.99999999999999
Sink 45 SODDISFATTO. Flusso netto: 0.68, Demand: 0.68, percentage: 100.0
Sink 46 SODDISFATTO. Flusso netto: 1.17, Demand: 1.17, percentage: 100.0
Sink 49 non è soddisfatto. Flusso netto: 3.82, Demand: 7.0, percentage: 54.57142857142857
Flusso totale entrante nei SINK: 89.12
Flusso totale uscente nei SINK: 45.86000000000001
Flusso totale netto nei SINK: 43.26
Total DEMAND dei SINK: 46.44
Percentual di flusso ai SINK: 0.9315245478036176
Numero di Sink soddisfatti: 24.0, numero totale di sink: 25.0
Percentuale di Sink soddisfatti: 0.96

---------------------------------- DAY 26

Update Fixed Elements from Intrinsic Faults
Update Fixed Elements from Heavy Faults
Update Fixed Elements from Attack
Propagate Intrinsic Fault
Node NODO_10 has still failing due to Intrinsic Fault
pipeline ARCO_17 still has reduced capacity: 0.0 due to Intrinsic Fault
pipeline ARCO_88 still has reduced capacity: 0.0 due to Intrinsic Fault
pipeline ARCO_89 still has reduced capacity: 0.0 due to Intrinsic Fault
pipeline V_EDGE_53_8 still has reduced capacity: 0.0 due to Intrinsic Fault
pipeline ARCO_18 still has reduced capacity: 0.0 due to Intrinsic Fault
pipeline ARCO_19 still has reduced capacity: 0.0 due to Intrinsic Fault
pipeline ARCO_87 still has reduced capacity: 0.0 due to Intrinsic Fault
Propagate Heavy Faults
Propagate Attacks
Inject Intrinsic Failure To Source
Source NODO_2 is failing for an Intrinsic Fault in day: 26
pipeline ARCO_70 has reduced capacity due to NODO_2 Intrinsic fault
pipeline V_EDGE_53_0 has reduced capacity due to NODO_2 Intrinsic fault
pipeline ARCO_0 has reduced capacity due to NODO_2 Intrinsic fault
Inject Heavy Fault To Sources
Inject Attack Multiple To Source
Inject Intrinsic Fault To Pipeline
Inject Heavy Fault To Pipeline
Inject Attack To Pipeline
----------- Statistics ------------
	Sources Under Attack: 0
	Sources with Heavy Fault: 0
	Sources with Intrinsic Fault: 2
	Arcs with reduce capacity due to Attack: 0
	Arcs with reduce capacity due to Heavy Fault: 0
	Arcs with reduce capacity due to Intrinsic Fault: 10
	Arcs with Attacks: 0
	Arcs with Heavy Fault: 0
	Arcs with Intrinsic Fault: 0
--------- SOURCES STATISTICS ---------------
Demand del real Source[0]: -31.0, flusso erogato: 11.159999999999998, flusso entrante: 0.0, efficienza: 35.99999999999999 %
Demand del real Source[8]: -10.5, flusso erogato: 0.0, flusso entrante: 0.0, efficienza: 0.0 %
Demand del real Source[9]: -7.1, flusso erogato: 17.259999999999998, flusso entrante: 10.159999999999998, efficienza: 243.09859154929575 %
Demand del real Source[17]: -25.0, flusso erogato: 25.000000000000007, flusso entrante: 0.0, efficienza: 100.00000000000003 %
Flusso totale entrante nei Real Source: 10.159999999999998
Flusso totale uscente dai Real Source: 53.42
Flusso netto sui real Source: -43.260000000000005
--- SINKS STATISTICS ---
Sink 3 SODDISFATTO. Flusso netto: 3.43, Demand: 3.43, percentage: 100.0
Sink 4 SODDISFATTO. Flusso netto: 0.5700000000000003, Demand: 0.57, percentage: 100.00000000000007
Sink 5 SODDISFATTO. Flusso netto: 0.6599999999999997, Demand: 0.66, percentage: 99.99999999999994
Sink 11 SODDISFATTO. Flusso netto: 1.03, Demand: 1.03, percentage: 100.0
Sink 15 SODDISFATTO. Flusso netto: 0.46, Demand: 0.46, percentage: 100.0
Sink 16 SODDISFATTO. Flusso netto: 8.400000000000002, Demand: 8.4, percentage: 100.00000000000003
Sink 19 SODDISFATTO. Flusso netto: 0.5399999999999991, Demand: 0.54, percentage: 99.99999999999983
Sink 23 SODDISFATTO. Flusso netto: 0.5999999999999999, Demand: 0.6, percentage: 99.99999999999997
Sink 24 SODDISFATTO. Flusso netto: 0.8, Demand: 0.8, percentage: 100.0
Sink 25 SODDISFATTO. Flusso netto: 3.5, Demand: 3.5, percentage: 100.0
Sink 26 SODDISFATTO. Flusso netto: 6.000000000000002, Demand: 6.0, percentage: 100.00000000000003
Sink 28 SODDISFATTO. Flusso netto: 0.4, Demand: 0.4, percentage: 100.0
Sink 30 SODDISFATTO. Flusso netto: 0.9799999999999986, Demand: 0.98, percentage: 99.99999999999987
Sink 31 SODDISFATTO. Flusso netto: 0.4, Demand: 0.4, percentage: 100.0
Sink 32 SODDISFATTO. Flusso netto: 0.9999999999999996, Demand: 1.0, percentage: 99.99999999999996
Sink 34 SODDISFATTO. Flusso netto: 1.74, Demand: 1.74, percentage: 100.0
Sink 35 SODDISFATTO. Flusso netto: 1.3, Demand: 1.3, percentage: 100.0
Sink 37 SODDISFATTO. Flusso netto: 1.0, Demand: 1.0, percentage: 100.0
Sink 39 SODDISFATTO. Flusso netto: 0.4, Demand: 0.4, percentage: 100.0
Sink 40 SODDISFATTO. Flusso netto: 0.5, Demand: 0.5, percentage: 100.0
Sink 41 SODDISFATTO. Flusso netto: 1.06, Demand: 1.06, percentage: 100.0
Sink 42 SODDISFATTO. Flusso netto: 2.8199999999999994, Demand: 2.82, percentage: 99.99999999999999
Sink 45 SODDISFATTO. Flusso netto: 0.68, Demand: 0.68, percentage: 100.0
Sink 46 SODDISFATTO. Flusso netto: 1.17, Demand: 1.17, percentage: 100.0
Sink 49 non è soddisfatto. Flusso netto: 3.82, Demand: 7.0, percentage: 54.57142857142857
Flusso totale entrante nei SINK: 89.12
Flusso totale uscente nei SINK: 45.86000000000001
Flusso totale netto nei SINK: 43.26
Total DEMAND dei SINK: 46.44
Percentual di flusso ai SINK: 0.9315245478036176
Numero di Sink soddisfatti: 24.0, numero totale di sink: 25.0
Percentuale di Sink soddisfatti: 0.96

---------------------------------- DAY 27

Update Fixed Elements from Intrinsic Faults
Update Fixed Elements from Heavy Faults
Update Fixed Elements from Attack
Propagate Intrinsic Fault
Node NODO_10 has still failing due to Intrinsic Fault
Node NODO_2 has still failing due to Intrinsic Fault
pipeline ARCO_17 still has reduced capacity: 0.0 due to Intrinsic Fault
pipeline ARCO_88 still has reduced capacity: 0.0 due to Intrinsic Fault
pipeline ARCO_89 still has reduced capacity: 0.0 due to Intrinsic Fault
pipeline V_EDGE_53_8 still has reduced capacity: 0.0 due to Intrinsic Fault
pipeline ARCO_18 still has reduced capacity: 0.0 due to Intrinsic Fault
pipeline ARCO_19 still has reduced capacity: 0.0 due to Intrinsic Fault
pipeline ARCO_87 still has reduced capacity: 0.0 due to Intrinsic Fault
pipeline ARCO_70 still has reduced capacity: 24.8 due to Intrinsic Fault
pipeline V_EDGE_53_0 still has reduced capacity: 24.8 due to Intrinsic Fault
pipeline ARCO_0 still has reduced capacity: 24.8 due to Intrinsic Fault
Propagate Heavy Faults
Propagate Attacks
Inject Intrinsic Failure To Source
Inject Heavy Fault To Sources
Inject Attack Multiple To Source
Inject Intrinsic Fault To Pipeline
Inject Heavy Fault To Pipeline
Inject Attack To Pipeline
----------- Statistics ------------
	Sources Under Attack: 0
	Sources with Heavy Fault: 0
	Sources with Intrinsic Fault: 2
	Arcs with reduce capacity due to Attack: 0
	Arcs with reduce capacity due to Heavy Fault: 0
	Arcs with reduce capacity due to Intrinsic Fault: 10
	Arcs with Attacks: 0
	Arcs with Heavy Fault: 0
	Arcs with Intrinsic Fault: 0
--------- SOURCES STATISTICS ---------------
Demand del real Source[0]: -31.0, flusso erogato: 11.159999999999998, flusso entrante: 0.0, efficienza: 35.99999999999999 %
Demand del real Source[8]: -10.5, flusso erogato: 0.0, flusso entrante: 0.0, efficienza: 0.0 %
Demand del real Source[9]: -7.1, flusso erogato: 17.259999999999998, flusso entrante: 10.159999999999998, efficienza: 243.09859154929575 %
Demand del real Source[17]: -25.0, flusso erogato: 25.000000000000007, flusso entrante: 0.0, efficienza: 100.00000000000003 %
Flusso totale entrante nei Real Source: 10.159999999999998
Flusso totale uscente dai Real Source: 53.42
Flusso netto sui real Source: -43.260000000000005
--- SINKS STATISTICS ---
Sink 3 SODDISFATTO. Flusso netto: 3.43, Demand: 3.43, percentage: 100.0
Sink 4 SODDISFATTO. Flusso netto: 0.5700000000000003, Demand: 0.57, percentage: 100.00000000000007
Sink 5 SODDISFATTO. Flusso netto: 0.6599999999999997, Demand: 0.66, percentage: 99.99999999999994
Sink 11 SODDISFATTO. Flusso netto: 1.03, Demand: 1.03, percentage: 100.0
Sink 15 SODDISFATTO. Flusso netto: 0.46, Demand: 0.46, percentage: 100.0
Sink 16 SODDISFATTO. Flusso netto: 8.400000000000002, Demand: 8.4, percentage: 100.00000000000003
Sink 19 SODDISFATTO. Flusso netto: 0.5399999999999991, Demand: 0.54, percentage: 99.99999999999983
Sink 23 SODDISFATTO. Flusso netto: 0.5999999999999999, Demand: 0.6, percentage: 99.99999999999997
Sink 24 SODDISFATTO. Flusso netto: 0.8, Demand: 0.8, percentage: 100.0
Sink 25 SODDISFATTO. Flusso netto: 3.5, Demand: 3.5, percentage: 100.0
Sink 26 SODDISFATTO. Flusso netto: 6.000000000000002, Demand: 6.0, percentage: 100.00000000000003
Sink 28 SODDISFATTO. Flusso netto: 0.4, Demand: 0.4, percentage: 100.0
Sink 30 SODDISFATTO. Flusso netto: 0.9799999999999986, Demand: 0.98, percentage: 99.99999999999987
Sink 31 SODDISFATTO. Flusso netto: 0.4, Demand: 0.4, percentage: 100.0
Sink 32 SODDISFATTO. Flusso netto: 0.9999999999999996, Demand: 1.0, percentage: 99.99999999999996
Sink 34 SODDISFATTO. Flusso netto: 1.74, Demand: 1.74, percentage: 100.0
Sink 35 SODDISFATTO. Flusso netto: 1.3, Demand: 1.3, percentage: 100.0
Sink 37 SODDISFATTO. Flusso netto: 1.0, Demand: 1.0, percentage: 100.0
Sink 39 SODDISFATTO. Flusso netto: 0.4, Demand: 0.4, percentage: 100.0
Sink 40 SODDISFATTO. Flusso netto: 0.5, Demand: 0.5, percentage: 100.0
Sink 41 SODDISFATTO. Flusso netto: 1.06, Demand: 1.06, percentage: 100.0
Sink 42 SODDISFATTO. Flusso netto: 2.8199999999999994, Demand: 2.82, percentage: 99.99999999999999
Sink 45 SODDISFATTO. Flusso netto: 0.68, Demand: 0.68, percentage: 100.0
Sink 46 SODDISFATTO. Flusso netto: 1.17, Demand: 1.17, percentage: 100.0
Sink 49 non è soddisfatto. Flusso netto: 3.82, Demand: 7.0, percentage: 54.57142857142857
Flusso totale entrante nei SINK: 89.12
Flusso totale uscente nei SINK: 45.86000000000001
Flusso totale netto nei SINK: 43.26
Total DEMAND dei SINK: 46.44
Percentual di flusso ai SINK: 0.9315245478036176
Numero di Sink soddisfatti: 24.0, numero totale di sink: 25.0
Percentuale di Sink soddisfatti: 0.96

---------------------------------- DAY 28

Update Fixed Elements from Intrinsic Faults
Update Fixed Elements from Heavy Faults
Update Fixed Elements from Attack
Propagate Intrinsic Fault
Node NODO_10 has still failing due to Intrinsic Fault
Node NODO_2 has still failing due to Intrinsic Fault
pipeline ARCO_17 still has reduced capacity: 0.0 due to Intrinsic Fault
pipeline ARCO_88 still has reduced capacity: 0.0 due to Intrinsic Fault
pipeline ARCO_89 still has reduced capacity: 0.0 due to Intrinsic Fault
pipeline V_EDGE_53_8 still has reduced capacity: 0.0 due to Intrinsic Fault
pipeline ARCO_18 still has reduced capacity: 0.0 due to Intrinsic Fault
pipeline ARCO_19 still has reduced capacity: 0.0 due to Intrinsic Fault
pipeline ARCO_87 still has reduced capacity: 0.0 due to Intrinsic Fault
pipeline ARCO_70 still has reduced capacity: 24.8 due to Intrinsic Fault
pipeline V_EDGE_53_0 still has reduced capacity: 24.8 due to Intrinsic Fault
pipeline ARCO_0 still has reduced capacity: 24.8 due to Intrinsic Fault
Propagate Heavy Faults
Propagate Attacks
Inject Intrinsic Failure To Source
Source NODO_2 is failing for an Intrinsic Fault in day: 28
pipeline ARCO_70 has reduced capacity due to NODO_2 Intrinsic fault
pipeline V_EDGE_53_0 has reduced capacity due to NODO_2 Intrinsic fault
pipeline ARCO_0 has reduced capacity due to NODO_2 Intrinsic fault
Source NODO_11 is failing for an Intrinsic Fault in day: 28
pipeline ARCO_3 has reduced capacity due to NODO_11 Intrinsic fault
pipeline ARCO_90 has reduced capacity due to NODO_11 Intrinsic fault
pipeline ARCO_91 has reduced capacity due to NODO_11 Intrinsic fault
pipeline ARCO_92 has reduced capacity due to NODO_11 Intrinsic fault
pipeline V_EDGE_53_9 has reduced capacity due to NODO_11 Intrinsic fault
pipeline ARCO_20 has reduced capacity due to NODO_11 Intrinsic fault
pipeline ARCO_21 has reduced capacity due to NODO_11 Intrinsic fault
pipeline ARCO_22 has reduced capacity due to NODO_11 Intrinsic fault
pipeline ARCO_73 has reduced capacity due to NODO_11 Intrinsic fault
Inject Heavy Fault To Sources
Inject Attack Multiple To Source
Inject Intrinsic Fault To Pipeline
Inject Heavy Fault To Pipeline
Inject Attack To Pipeline
----------- Statistics ------------
	Sources Under Attack: 0
	Sources with Heavy Fault: 0
	Sources with Intrinsic Fault: 3
	Arcs with reduce capacity due to Attack: 0
	Arcs with reduce capacity due to Heavy Fault: 0
	Arcs with reduce capacity due to Intrinsic Fault: 19
	Arcs with Attacks: 0
	Arcs with Heavy Fault: 0
	Arcs with Intrinsic Fault: 0
--------- SOURCES STATISTICS ---------------
Demand del real Source[0]: -31.0, flusso erogato: 12.427999999999997, flusso entrante: 0.0, efficienza: 40.09032258064516 %
Demand del real Source[8]: -10.5, flusso erogato: 0.0, flusso entrante: 0.0, efficienza: 0.0 %
Demand del real Source[9]: -7.1, flusso erogato: 17.107999999999997, flusso entrante: 11.427999999999999, efficienza: 240.9577464788732 %
Demand del real Source[17]: -25.0, flusso erogato: 25.000000000000007, flusso entrante: 0.0, efficienza: 100.00000000000003 %
Flusso totale entrante nei Real Source: 11.427999999999999
Flusso totale uscente dai Real Source: 54.536
Flusso netto sui real Source: -43.108000000000004
--- SINKS STATISTICS ---
Sink 3 SODDISFATTO. Flusso netto: 3.43, Demand: 3.43, percentage: 100.0
Sink 4 SODDISFATTO. Flusso netto: 0.5700000000000003, Demand: 0.57, percentage: 100.00000000000007
Sink 5 SODDISFATTO. Flusso netto: 0.6599999999999997, Demand: 0.66, percentage: 99.99999999999994
Sink 11 SODDISFATTO. Flusso netto: 1.03, Demand: 1.03, percentage: 100.0
Sink 15 SODDISFATTO. Flusso netto: 0.46, Demand: 0.46, percentage: 100.0
Sink 16 SODDISFATTO. Flusso netto: 8.400000000000002, Demand: 8.4, percentage: 100.00000000000003
Sink 19 SODDISFATTO. Flusso netto: 0.5399999999999991, Demand: 0.54, percentage: 99.99999999999983
Sink 23 SODDISFATTO. Flusso netto: 0.5999999999999999, Demand: 0.6, percentage: 99.99999999999997
Sink 24 SODDISFATTO. Flusso netto: 0.8, Demand: 0.8, percentage: 100.0
Sink 25 SODDISFATTO. Flusso netto: 3.5, Demand: 3.5, percentage: 100.0
Sink 26 SODDISFATTO. Flusso netto: 6.000000000000002, Demand: 6.0, percentage: 100.00000000000003
Sink 28 SODDISFATTO. Flusso netto: 0.4, Demand: 0.4, percentage: 100.0
Sink 30 SODDISFATTO. Flusso netto: 0.9799999999999986, Demand: 0.98, percentage: 99.99999999999987
Sink 31 SODDISFATTO. Flusso netto: 0.4, Demand: 0.4, percentage: 100.0
Sink 32 SODDISFATTO. Flusso netto: 0.9999999999999996, Demand: 1.0, percentage: 99.99999999999996
Sink 34 SODDISFATTO. Flusso netto: 1.74, Demand: 1.74, percentage: 100.0
Sink 35 SODDISFATTO. Flusso netto: 1.3, Demand: 1.3, percentage: 100.0
Sink 37 SODDISFATTO. Flusso netto: 1.0, Demand: 1.0, percentage: 100.0
Sink 39 SODDISFATTO. Flusso netto: 0.4, Demand: 0.4, percentage: 100.0
Sink 40 SODDISFATTO. Flusso netto: 0.5, Demand: 0.5, percentage: 100.0
Sink 41 SODDISFATTO. Flusso netto: 1.0599999999999996, Demand: 1.06, percentage: 99.99999999999996
Sink 42 SODDISFATTO. Flusso netto: 2.8200000000000003, Demand: 2.82, percentage: 100.00000000000003
Sink 45 SODDISFATTO. Flusso netto: 0.68, Demand: 0.68, percentage: 100.0
Sink 46 SODDISFATTO. Flusso netto: 1.17, Demand: 1.17, percentage: 100.0
Sink 49 non è soddisfatto. Flusso netto: 3.6679999999999997, Demand: 7.0, percentage: 52.39999999999999
Flusso totale entrante nei SINK: 91.75200000000002
Flusso totale uscente nei SINK: 48.64399999999999
Flusso totale netto nei SINK: 43.10800000000003
Total DEMAND dei SINK: 46.44
Percentual di flusso ai SINK: 0.9282515073212755
Numero di Sink soddisfatti: 24.0, numero totale di sink: 25.0
Percentuale di Sink soddisfatti: 0.96

---------------------------------- DAY 29

Update Fixed Elements from Intrinsic Faults
Source NODO_10 fixed from Intrinsic Fault
Pipeline ARCO_17 fixed due to Source NODO_10 fixing from Intrinsic Fault
Pipeline ARCO_88 fixed due to Source NODO_10 fixing from Intrinsic Fault
Pipeline ARCO_89 fixed due to Source NODO_10 fixing from Intrinsic Fault
Pipeline V_EDGE_53_8 fixed due to Source NODO_10 fixing from Intrinsic Fault
Pipeline ARCO_18 fixed due to Source NODO_10 fixing from Intrinsic Fault
Pipeline ARCO_19 fixed due to Source NODO_10 fixing from Intrinsic Fault
Pipeline ARCO_87 fixed due to Source NODO_10 fixing from Intrinsic Fault
Source NODO_2 fixed from Intrinsic Fault
Pipeline ARCO_70 fixed due to Source NODO_2 fixing from Intrinsic Fault
Pipeline V_EDGE_53_0 fixed due to Source NODO_2 fixing from Intrinsic Fault
Pipeline ARCO_0 fixed due to Source NODO_2 fixing from Intrinsic Fault
Update Fixed Elements from Heavy Faults
Update Fixed Elements from Attack
Propagate Intrinsic Fault
Node NODO_11 has still failing due to Intrinsic Fault
pipeline ARCO_3 still has reduced capacity: 9.688 due to Intrinsic Fault
pipeline ARCO_90 still has reduced capacity: 1.6 due to Intrinsic Fault
pipeline ARCO_91 still has reduced capacity: 9.688 due to Intrinsic Fault
pipeline ARCO_92 still has reduced capacity: 39.328 due to Intrinsic Fault
pipeline V_EDGE_53_9 still has reduced capacity: 5.68 due to Intrinsic Fault
pipeline ARCO_20 still has reduced capacity: 1.6 due to Intrinsic Fault
pipeline ARCO_21 still has reduced capacity: 9.688 due to Intrinsic Fault
pipeline ARCO_22 still has reduced capacity: 39.328 due to Intrinsic Fault
pipeline ARCO_73 still has reduced capacity: 9.688 due to Intrinsic Fault
Propagate Heavy Faults
Propagate Attacks
Inject Intrinsic Failure To Source
Inject Heavy Fault To Sources
Inject Attack Multiple To Source
Inject Intrinsic Fault To Pipeline
Inject Heavy Fault To Pipeline
Inject Attack To Pipeline
----------- Statistics ------------
	Sources Under Attack: 0
	Sources with Heavy Fault: 0
	Sources with Intrinsic Fault: 1
	Arcs with reduce capacity due to Attack: 0
	Arcs with reduce capacity due to Heavy Fault: 0
	Arcs with reduce capacity due to Intrinsic Fault: 9
	Arcs with Attacks: 0
	Arcs with Heavy Fault: 0
	Arcs with Intrinsic Fault: 0
--------- SOURCES STATISTICS ---------------
Demand del real Source[0]: -31.0, flusso erogato: 11.397999999999998, flusso entrante: 0.0, efficienza: 36.76774193548387 %
Demand del real Source[8]: -10.5, flusso erogato: 3.8600000000000003, flusso entrante: 0.0, efficienza: 36.76190476190476 %
Demand del real Source[9]: -7.1, flusso erogato: 16.077999999999996, flusso entrante: 10.397999999999998, efficienza: 226.45070422535207 %
Demand del real Source[17]: -25.0, flusso erogato: 25.000000000000007, flusso entrante: 0.0, efficienza: 100.00000000000003 %
Flusso totale entrante nei Real Source: 10.397999999999998
Flusso totale uscente dai Real Source: 56.336000000000006
Flusso netto sui real Source: -45.93800000000001
--- SINKS STATISTICS ---
Sink 3 SODDISFATTO. Flusso netto: 3.43, Demand: 3.43, percentage: 100.0
Sink 4 SODDISFATTO. Flusso netto: 0.5700000000000003, Demand: 0.57, percentage: 100.00000000000007
Sink 5 SODDISFATTO. Flusso netto: 0.6600000000000001, Demand: 0.66, percentage: 100.00000000000003
Sink 11 SODDISFATTO. Flusso netto: 1.03, Demand: 1.03, percentage: 100.0
Sink 15 SODDISFATTO. Flusso netto: 0.46, Demand: 0.46, percentage: 100.0
Sink 16 SODDISFATTO. Flusso netto: 8.400000000000002, Demand: 8.4, percentage: 100.00000000000003
Sink 19 SODDISFATTO. Flusso netto: 0.5399999999999991, Demand: 0.54, percentage: 99.99999999999983
Sink 23 SODDISFATTO. Flusso netto: 0.5999999999999999, Demand: 0.6, percentage: 99.99999999999997
Sink 24 SODDISFATTO. Flusso netto: 0.8, Demand: 0.8, percentage: 100.0
Sink 25 SODDISFATTO. Flusso netto: 3.5, Demand: 3.5, percentage: 100.0
Sink 26 SODDISFATTO. Flusso netto: 6.000000000000002, Demand: 6.0, percentage: 100.00000000000003
Sink 28 SODDISFATTO. Flusso netto: 0.4, Demand: 0.4, percentage: 100.0
Sink 30 SODDISFATTO. Flusso netto: 0.9799999999999986, Demand: 0.98, percentage: 99.99999999999987
Sink 31 SODDISFATTO. Flusso netto: 0.4, Demand: 0.4, percentage: 100.0
Sink 32 SODDISFATTO. Flusso netto: 0.9999999999999996, Demand: 1.0, percentage: 99.99999999999996
Sink 34 SODDISFATTO. Flusso netto: 1.74, Demand: 1.74, percentage: 100.0
Sink 35 SODDISFATTO. Flusso netto: 1.3, Demand: 1.3, percentage: 100.0
Sink 37 SODDISFATTO. Flusso netto: 1.0, Demand: 1.0, percentage: 100.0
Sink 39 SODDISFATTO. Flusso netto: 0.4, Demand: 0.4, percentage: 100.0
Sink 40 SODDISFATTO. Flusso netto: 0.5, Demand: 0.5, percentage: 100.0
Sink 41 SODDISFATTO. Flusso netto: 1.0599999999999996, Demand: 1.06, percentage: 99.99999999999996
Sink 42 SODDISFATTO. Flusso netto: 2.8200000000000003, Demand: 2.82, percentage: 100.00000000000003
Sink 45 SODDISFATTO. Flusso netto: 0.68, Demand: 0.68, percentage: 100.0
Sink 46 SODDISFATTO. Flusso netto: 1.17, Demand: 1.17, percentage: 100.0
Sink 49 non è soddisfatto. Flusso netto: 6.497999999999999, Demand: 7.0, percentage: 92.82857142857142
Flusso totale entrante nei SINK: 95.24200000000002
Flusso totale uscente nei SINK: 49.304
Flusso totale netto nei SINK: 45.93800000000002
Total DEMAND dei SINK: 46.44
Percentual di flusso ai SINK: 0.989190353143842
Numero di Sink soddisfatti: 24.0, numero totale di sink: 25.0
Percentuale di Sink soddisfatti: 0.96

---------------------------------- DAY 30

Update Fixed Elements from Intrinsic Faults
Update Fixed Elements from Heavy Faults
Update Fixed Elements from Attack
Propagate Intrinsic Fault
Node NODO_11 has still failing due to Intrinsic Fault
pipeline ARCO_3 still has reduced capacity: 9.688 due to Intrinsic Fault
pipeline ARCO_90 still has reduced capacity: 1.6 due to Intrinsic Fault
pipeline ARCO_91 still has reduced capacity: 9.688 due to Intrinsic Fault
pipeline ARCO_92 still has reduced capacity: 39.328 due to Intrinsic Fault
pipeline V_EDGE_53_9 still has reduced capacity: 5.68 due to Intrinsic Fault
pipeline ARCO_20 still has reduced capacity: 1.6 due to Intrinsic Fault
pipeline ARCO_21 still has reduced capacity: 9.688 due to Intrinsic Fault
pipeline ARCO_22 still has reduced capacity: 39.328 due to Intrinsic Fault
pipeline ARCO_73 still has reduced capacity: 9.688 due to Intrinsic Fault
Propagate Heavy Faults
Propagate Attacks
Inject Intrinsic Failure To Source
Inject Heavy Fault To Sources
Inject Attack Multiple To Source
Inject Intrinsic Fault To Pipeline
Inject Heavy Fault To Pipeline
Inject Attack To Pipeline
----------- Statistics ------------
	Sources Under Attack: 0
	Sources with Heavy Fault: 0
	Sources with Intrinsic Fault: 1
	Arcs with reduce capacity due to Attack: 0
	Arcs with reduce capacity due to Heavy Fault: 0
	Arcs with reduce capacity due to Intrinsic Fault: 9
	Arcs with Attacks: 0
	Arcs with Heavy Fault: 0
	Arcs with Intrinsic Fault: 0
--------- SOURCES STATISTICS ---------------
Demand del real Source[0]: -31.0, flusso erogato: 11.397999999999998, flusso entrante: 0.0, efficienza: 36.76774193548387 %
Demand del real Source[8]: -10.5, flusso erogato: 3.8600000000000003, flusso entrante: 0.0, efficienza: 36.76190476190476 %
Demand del real Source[9]: -7.1, flusso erogato: 16.077999999999996, flusso entrante: 10.397999999999998, efficienza: 226.45070422535207 %
Demand del real Source[17]: -25.0, flusso erogato: 25.000000000000007, flusso entrante: 0.0, efficienza: 100.00000000000003 %
Flusso totale entrante nei Real Source: 10.397999999999998
Flusso totale uscente dai Real Source: 56.336000000000006
Flusso netto sui real Source: -45.93800000000001
--- SINKS STATISTICS ---
Sink 3 SODDISFATTO. Flusso netto: 3.43, Demand: 3.43, percentage: 100.0
Sink 4 SODDISFATTO. Flusso netto: 0.5700000000000003, Demand: 0.57, percentage: 100.00000000000007
Sink 5 SODDISFATTO. Flusso netto: 0.6600000000000001, Demand: 0.66, percentage: 100.00000000000003
Sink 11 SODDISFATTO. Flusso netto: 1.03, Demand: 1.03, percentage: 100.0
Sink 15 SODDISFATTO. Flusso netto: 0.46, Demand: 0.46, percentage: 100.0
Sink 16 SODDISFATTO. Flusso netto: 8.400000000000002, Demand: 8.4, percentage: 100.00000000000003
Sink 19 SODDISFATTO. Flusso netto: 0.5399999999999991, Demand: 0.54, percentage: 99.99999999999983
Sink 23 SODDISFATTO. Flusso netto: 0.5999999999999999, Demand: 0.6, percentage: 99.99999999999997
Sink 24 SODDISFATTO. Flusso netto: 0.8, Demand: 0.8, percentage: 100.0
Sink 25 SODDISFATTO. Flusso netto: 3.5, Demand: 3.5, percentage: 100.0
Sink 26 SODDISFATTO. Flusso netto: 6.000000000000002, Demand: 6.0, percentage: 100.00000000000003
Sink 28 SODDISFATTO. Flusso netto: 0.4, Demand: 0.4, percentage: 100.0
Sink 30 SODDISFATTO. Flusso netto: 0.9799999999999986, Demand: 0.98, percentage: 99.99999999999987
Sink 31 SODDISFATTO. Flusso netto: 0.4, Demand: 0.4, percentage: 100.0
Sink 32 SODDISFATTO. Flusso netto: 0.9999999999999996, Demand: 1.0, percentage: 99.99999999999996
Sink 34 SODDISFATTO. Flusso netto: 1.74, Demand: 1.74, percentage: 100.0
Sink 35 SODDISFATTO. Flusso netto: 1.3, Demand: 1.3, percentage: 100.0
Sink 37 SODDISFATTO. Flusso netto: 1.0, Demand: 1.0, percentage: 100.0
Sink 39 SODDISFATTO. Flusso netto: 0.4, Demand: 0.4, percentage: 100.0
Sink 40 SODDISFATTO. Flusso netto: 0.5, Demand: 0.5, percentage: 100.0
Sink 41 SODDISFATTO. Flusso netto: 1.0599999999999996, Demand: 1.06, percentage: 99.99999999999996
Sink 42 SODDISFATTO. Flusso netto: 2.8200000000000003, Demand: 2.82, percentage: 100.00000000000003
Sink 45 SODDISFATTO. Flusso netto: 0.68, Demand: 0.68, percentage: 100.0
Sink 46 SODDISFATTO. Flusso netto: 1.17, Demand: 1.17, percentage: 100.0
Sink 49 non è soddisfatto. Flusso netto: 6.497999999999999, Demand: 7.0, percentage: 92.82857142857142
Flusso totale entrante nei SINK: 95.24200000000002
Flusso totale uscente nei SINK: 49.304
Flusso totale netto nei SINK: 45.93800000000002
Total DEMAND dei SINK: 46.44
Percentual di flusso ai SINK: 0.989190353143842
Numero di Sink soddisfatti: 24.0, numero totale di sink: 25.0
Percentuale di Sink soddisfatti: 0.96

---------------------------------- DAY 31

Update Fixed Elements from Intrinsic Faults
Source NODO_11 fixed from Intrinsic Fault
Pipeline ARCO_3 fixed due to Source NODO_11 fixing from Intrinsic Fault
Pipeline ARCO_90 fixed due to Source NODO_11 fixing from Intrinsic Fault
Pipeline ARCO_91 fixed due to Source NODO_11 fixing from Intrinsic Fault
Pipeline ARCO_92 fixed due to Source NODO_11 fixing from Intrinsic Fault
Pipeline V_EDGE_53_9 fixed due to Source NODO_11 fixing from Intrinsic Fault
Pipeline ARCO_20 fixed due to Source NODO_11 fixing from Intrinsic Fault
Pipeline ARCO_21 fixed due to Source NODO_11 fixing from Intrinsic Fault
Pipeline ARCO_22 fixed due to Source NODO_11 fixing from Intrinsic Fault
Pipeline ARCO_73 fixed due to Source NODO_11 fixing from Intrinsic Fault
Update Fixed Elements from Heavy Faults
Update Fixed Elements from Attack
Propagate Intrinsic Fault
Propagate Heavy Faults
Propagate Attacks
Inject Intrinsic Failure To Source
Inject Heavy Fault To Sources
Inject Attack Multiple To Source
Inject Intrinsic Fault To Pipeline
Inject Heavy Fault To Pipeline
Inject Attack To Pipeline
----------- Statistics ------------
	Sources Under Attack: 0
	Sources with Heavy Fault: 0
	Sources with Intrinsic Fault: 0
	Arcs with reduce capacity due to Attack: 0
	Arcs with reduce capacity due to Heavy Fault: 0
	Arcs with reduce capacity due to Intrinsic Fault: 0
	Arcs with Attacks: 0
	Arcs with Heavy Fault: 0
	Arcs with Intrinsic Fault: 0
--------- SOURCES STATISTICS ---------------
Demand del real Source[0]: -31.0, flusso erogato: 10.129999999999997, flusso entrante: 0.0, efficienza: 32.6774193548387 %
Demand del real Source[8]: -10.5, flusso erogato: 3.8600000000000003, flusso entrante: 0.0, efficienza: 36.76190476190476 %
Demand del real Source[9]: -7.1, flusso erogato: 16.229999999999997, flusso entrante: 9.129999999999997, efficienza: 228.59154929577463 %
Demand del real Source[17]: -25.0, flusso erogato: 25.000000000000007, flusso entrante: 0.0, efficienza: 100.00000000000003 %
Flusso totale entrante nei Real Source: 9.129999999999997
Flusso totale uscente dai Real Source: 55.220000000000006
Flusso netto sui real Source: -46.09000000000001
--- SINKS STATISTICS ---
Sink 3 SODDISFATTO. Flusso netto: 3.43, Demand: 3.43, percentage: 100.0
Sink 4 SODDISFATTO. Flusso netto: 0.5700000000000003, Demand: 0.57, percentage: 100.00000000000007
Sink 5 SODDISFATTO. Flusso netto: 0.6600000000000001, Demand: 0.66, percentage: 100.00000000000003
Sink 11 SODDISFATTO. Flusso netto: 1.03, Demand: 1.03, percentage: 100.0
Sink 15 SODDISFATTO. Flusso netto: 0.46, Demand: 0.46, percentage: 100.0
Sink 16 SODDISFATTO. Flusso netto: 8.400000000000002, Demand: 8.4, percentage: 100.00000000000003
Sink 19 SODDISFATTO. Flusso netto: 0.5399999999999991, Demand: 0.54, percentage: 99.99999999999983
Sink 23 SODDISFATTO. Flusso netto: 0.5999999999999999, Demand: 0.6, percentage: 99.99999999999997
Sink 24 SODDISFATTO. Flusso netto: 0.8, Demand: 0.8, percentage: 100.0
Sink 25 SODDISFATTO. Flusso netto: 3.5, Demand: 3.5, percentage: 100.0
Sink 26 SODDISFATTO. Flusso netto: 6.000000000000002, Demand: 6.0, percentage: 100.00000000000003
Sink 28 SODDISFATTO. Flusso netto: 0.4, Demand: 0.4, percentage: 100.0
Sink 30 SODDISFATTO. Flusso netto: 0.9799999999999986, Demand: 0.98, percentage: 99.99999999999987
Sink 31 SODDISFATTO. Flusso netto: 0.4, Demand: 0.4, percentage: 100.0
Sink 32 SODDISFATTO. Flusso netto: 0.9999999999999996, Demand: 1.0, percentage: 99.99999999999996
Sink 34 SODDISFATTO. Flusso netto: 1.74, Demand: 1.74, percentage: 100.0
Sink 35 SODDISFATTO. Flusso netto: 1.3, Demand: 1.3, percentage: 100.0
Sink 37 SODDISFATTO. Flusso netto: 1.0, Demand: 1.0, percentage: 100.0
Sink 39 SODDISFATTO. Flusso netto: 0.4, Demand: 0.4, percentage: 100.0
Sink 40 SODDISFATTO. Flusso netto: 0.5, Demand: 0.5, percentage: 100.0
Sink 41 SODDISFATTO. Flusso netto: 1.06, Demand: 1.06, percentage: 100.0
Sink 42 SODDISFATTO. Flusso netto: 2.8199999999999994, Demand: 2.82, percentage: 99.99999999999999
Sink 45 SODDISFATTO. Flusso netto: 0.68, Demand: 0.68, percentage: 100.0
Sink 46 SODDISFATTO. Flusso netto: 1.17, Demand: 1.17, percentage: 100.0
Sink 49 non è soddisfatto. Flusso netto: 6.6499999999999995, Demand: 7.0, percentage: 95.0
Flusso totale entrante nei SINK: 92.61000000000001
Flusso totale uscente nei SINK: 46.52
Flusso totale netto nei SINK: 46.09000000000001
Total DEMAND dei SINK: 46.44
Percentual di flusso ai SINK: 0.9924633936261846
Numero di Sink soddisfatti: 24.0, numero totale di sink: 25.0
Percentuale di Sink soddisfatti: 0.96

---------------------------------- DAY 32

Update Fixed Elements from Intrinsic Faults
Update Fixed Elements from Heavy Faults
Update Fixed Elements from Attack
Propagate Intrinsic Fault
Propagate Heavy Faults
Propagate Attacks
Inject Intrinsic Failure To Source
Inject Heavy Fault To Sources
Inject Attack Multiple To Source
Inject Intrinsic Fault To Pipeline
Inject Heavy Fault To Pipeline
Inject Attack To Pipeline
----------- Statistics ------------
	Sources Under Attack: 0
	Sources with Heavy Fault: 0
	Sources with Intrinsic Fault: 0
	Arcs with reduce capacity due to Attack: 0
	Arcs with reduce capacity due to Heavy Fault: 0
	Arcs with reduce capacity due to Intrinsic Fault: 0
	Arcs with Attacks: 0
	Arcs with Heavy Fault: 0
	Arcs with Intrinsic Fault: 0
--------- SOURCES STATISTICS ---------------
Demand del real Source[0]: -31.0, flusso erogato: 10.129999999999997, flusso entrante: 0.0, efficienza: 32.6774193548387 %
Demand del real Source[8]: -10.5, flusso erogato: 3.8600000000000003, flusso entrante: 0.0, efficienza: 36.76190476190476 %
Demand del real Source[9]: -7.1, flusso erogato: 16.229999999999997, flusso entrante: 9.129999999999997, efficienza: 228.59154929577463 %
Demand del real Source[17]: -25.0, flusso erogato: 25.000000000000007, flusso entrante: 0.0, efficienza: 100.00000000000003 %
Flusso totale entrante nei Real Source: 9.129999999999997
Flusso totale uscente dai Real Source: 55.220000000000006
Flusso netto sui real Source: -46.09000000000001
--- SINKS STATISTICS ---
Sink 3 SODDISFATTO. Flusso netto: 3.43, Demand: 3.43, percentage: 100.0
Sink 4 SODDISFATTO. Flusso netto: 0.5700000000000003, Demand: 0.57, percentage: 100.00000000000007
Sink 5 SODDISFATTO. Flusso netto: 0.6600000000000001, Demand: 0.66, percentage: 100.00000000000003
Sink 11 SODDISFATTO. Flusso netto: 1.03, Demand: 1.03, percentage: 100.0
Sink 15 SODDISFATTO. Flusso netto: 0.46, Demand: 0.46, percentage: 100.0
Sink 16 SODDISFATTO. Flusso netto: 8.400000000000002, Demand: 8.4, percentage: 100.00000000000003
Sink 19 SODDISFATTO. Flusso netto: 0.5399999999999991, Demand: 0.54, percentage: 99.99999999999983
Sink 23 SODDISFATTO. Flusso netto: 0.5999999999999999, Demand: 0.6, percentage: 99.99999999999997
Sink 24 SODDISFATTO. Flusso netto: 0.8, Demand: 0.8, percentage: 100.0
Sink 25 SODDISFATTO. Flusso netto: 3.5, Demand: 3.5, percentage: 100.0
Sink 26 SODDISFATTO. Flusso netto: 6.000000000000002, Demand: 6.0, percentage: 100.00000000000003
Sink 28 SODDISFATTO. Flusso netto: 0.4, Demand: 0.4, percentage: 100.0
Sink 30 SODDISFATTO. Flusso netto: 0.9799999999999986, Demand: 0.98, percentage: 99.99999999999987
Sink 31 SODDISFATTO. Flusso netto: 0.4, Demand: 0.4, percentage: 100.0
Sink 32 SODDISFATTO. Flusso netto: 0.9999999999999996, Demand: 1.0, percentage: 99.99999999999996
Sink 34 SODDISFATTO. Flusso netto: 1.74, Demand: 1.74, percentage: 100.0
Sink 35 SODDISFATTO. Flusso netto: 1.3, Demand: 1.3, percentage: 100.0
Sink 37 SODDISFATTO. Flusso netto: 1.0, Demand: 1.0, percentage: 100.0
Sink 39 SODDISFATTO. Flusso netto: 0.4, Demand: 0.4, percentage: 100.0
Sink 40 SODDISFATTO. Flusso netto: 0.5, Demand: 0.5, percentage: 100.0
Sink 41 SODDISFATTO. Flusso netto: 1.06, Demand: 1.06, percentage: 100.0
Sink 42 SODDISFATTO. Flusso netto: 2.8199999999999994, Demand: 2.82, percentage: 99.99999999999999
Sink 45 SODDISFATTO. Flusso netto: 0.68, Demand: 0.68, percentage: 100.0
Sink 46 SODDISFATTO. Flusso netto: 1.17, Demand: 1.17, percentage: 100.0
Sink 49 non è soddisfatto. Flusso netto: 6.6499999999999995, Demand: 7.0, percentage: 95.0
Flusso totale entrante nei SINK: 92.61000000000001
Flusso totale uscente nei SINK: 46.52
Flusso totale netto nei SINK: 46.09000000000001
Total DEMAND dei SINK: 46.44
Percentual di flusso ai SINK: 0.9924633936261846
Numero di Sink soddisfatti: 24.0, numero totale di sink: 25.0
Percentuale di Sink soddisfatti: 0.96

---------------------------------- DAY 33

Update Fixed Elements from Intrinsic Faults
Update Fixed Elements from Heavy Faults
Update Fixed Elements from Attack
Propagate Intrinsic Fault
Propagate Heavy Faults
Propagate Attacks
Inject Intrinsic Failure To Source
Source NODO_2 is failing for an Intrinsic Fault in day: 33
pipeline ARCO_70 has reduced capacity due to NODO_2 Intrinsic fault
pipeline V_EDGE_53_0 has reduced capacity due to NODO_2 Intrinsic fault
pipeline ARCO_0 has reduced capacity due to NODO_2 Intrinsic fault
Inject Heavy Fault To Sources
Inject Attack Multiple To Source
Inject Intrinsic Fault To Pipeline
Inject Heavy Fault To Pipeline
Inject Attack To Pipeline
----------- Statistics ------------
	Sources Under Attack: 0
	Sources with Heavy Fault: 0
	Sources with Intrinsic Fault: 1
	Arcs with reduce capacity due to Attack: 0
	Arcs with reduce capacity due to Heavy Fault: 0
	Arcs with reduce capacity due to Intrinsic Fault: 3
	Arcs with Attacks: 0
	Arcs with Heavy Fault: 0
	Arcs with Intrinsic Fault: 0
--------- SOURCES STATISTICS ---------------
Demand del real Source[0]: -31.0, flusso erogato: 10.129999999999997, flusso entrante: 0.0, efficienza: 32.6774193548387 %
Demand del real Source[8]: -10.5, flusso erogato: 3.8600000000000003, flusso entrante: 0.0, efficienza: 36.76190476190476 %
Demand del real Source[9]: -7.1, flusso erogato: 16.229999999999997, flusso entrante: 9.129999999999997, efficienza: 228.59154929577463 %
Demand del real Source[17]: -25.0, flusso erogato: 25.000000000000007, flusso entrante: 0.0, efficienza: 100.00000000000003 %
Flusso totale entrante nei Real Source: 9.129999999999997
Flusso totale uscente dai Real Source: 55.220000000000006
Flusso netto sui real Source: -46.09000000000001
--- SINKS STATISTICS ---
Sink 3 SODDISFATTO. Flusso netto: 3.43, Demand: 3.43, percentage: 100.0
Sink 4 SODDISFATTO. Flusso netto: 0.5700000000000003, Demand: 0.57, percentage: 100.00000000000007
Sink 5 SODDISFATTO. Flusso netto: 0.6600000000000001, Demand: 0.66, percentage: 100.00000000000003
Sink 11 SODDISFATTO. Flusso netto: 1.03, Demand: 1.03, percentage: 100.0
Sink 15 SODDISFATTO. Flusso netto: 0.46, Demand: 0.46, percentage: 100.0
Sink 16 SODDISFATTO. Flusso netto: 8.400000000000002, Demand: 8.4, percentage: 100.00000000000003
Sink 19 SODDISFATTO. Flusso netto: 0.5399999999999991, Demand: 0.54, percentage: 99.99999999999983
Sink 23 SODDISFATTO. Flusso netto: 0.5999999999999999, Demand: 0.6, percentage: 99.99999999999997
Sink 24 SODDISFATTO. Flusso netto: 0.8, Demand: 0.8, percentage: 100.0
Sink 25 SODDISFATTO. Flusso netto: 3.5, Demand: 3.5, percentage: 100.0
Sink 26 SODDISFATTO. Flusso netto: 6.000000000000002, Demand: 6.0, percentage: 100.00000000000003
Sink 28 SODDISFATTO. Flusso netto: 0.4, Demand: 0.4, percentage: 100.0
Sink 30 SODDISFATTO. Flusso netto: 0.9799999999999986, Demand: 0.98, percentage: 99.99999999999987
Sink 31 SODDISFATTO. Flusso netto: 0.4, Demand: 0.4, percentage: 100.0
Sink 32 SODDISFATTO. Flusso netto: 0.9999999999999996, Demand: 1.0, percentage: 99.99999999999996
Sink 34 SODDISFATTO. Flusso netto: 1.74, Demand: 1.74, percentage: 100.0
Sink 35 SODDISFATTO. Flusso netto: 1.3, Demand: 1.3, percentage: 100.0
Sink 37 SODDISFATTO. Flusso netto: 1.0, Demand: 1.0, percentage: 100.0
Sink 39 SODDISFATTO. Flusso netto: 0.4, Demand: 0.4, percentage: 100.0
Sink 40 SODDISFATTO. Flusso netto: 0.5, Demand: 0.5, percentage: 100.0
Sink 41 SODDISFATTO. Flusso netto: 1.06, Demand: 1.06, percentage: 100.0
Sink 42 SODDISFATTO. Flusso netto: 2.8199999999999994, Demand: 2.82, percentage: 99.99999999999999
Sink 45 SODDISFATTO. Flusso netto: 0.68, Demand: 0.68, percentage: 100.0
Sink 46 SODDISFATTO. Flusso netto: 1.17, Demand: 1.17, percentage: 100.0
Sink 49 non è soddisfatto. Flusso netto: 6.6499999999999995, Demand: 7.0, percentage: 95.0
Flusso totale entrante nei SINK: 92.61000000000001
Flusso totale uscente nei SINK: 46.52
Flusso totale netto nei SINK: 46.09000000000001
Total DEMAND dei SINK: 46.44
Percentual di flusso ai SINK: 0.9924633936261846
Numero di Sink soddisfatti: 24.0, numero totale di sink: 25.0
Percentuale di Sink soddisfatti: 0.96

---------------------------------- DAY 34

Update Fixed Elements from Intrinsic Faults
Update Fixed Elements from Heavy Faults
Update Fixed Elements from Attack
Propagate Intrinsic Fault
Node NODO_2 has still failing due to Intrinsic Fault
pipeline ARCO_70 still has reduced capacity: 24.8 due to Intrinsic Fault
pipeline V_EDGE_53_0 still has reduced capacity: 24.8 due to Intrinsic Fault
pipeline ARCO_0 still has reduced capacity: 24.8 due to Intrinsic Fault
Propagate Heavy Faults
Propagate Attacks
Inject Intrinsic Failure To Source
Inject Heavy Fault To Sources
Inject Attack Multiple To Source
Inject Intrinsic Fault To Pipeline
Inject Heavy Fault To Pipeline
Inject Attack To Pipeline
----------- Statistics ------------
	Sources Under Attack: 0
	Sources with Heavy Fault: 0
	Sources with Intrinsic Fault: 1
	Arcs with reduce capacity due to Attack: 0
	Arcs with reduce capacity due to Heavy Fault: 0
	Arcs with reduce capacity due to Intrinsic Fault: 3
	Arcs with Attacks: 0
	Arcs with Heavy Fault: 0
	Arcs with Intrinsic Fault: 0
--------- SOURCES STATISTICS ---------------
Demand del real Source[0]: -31.0, flusso erogato: 10.129999999999997, flusso entrante: 0.0, efficienza: 32.6774193548387 %
Demand del real Source[8]: -10.5, flusso erogato: 3.8600000000000003, flusso entrante: 0.0, efficienza: 36.76190476190476 %
Demand del real Source[9]: -7.1, flusso erogato: 16.229999999999997, flusso entrante: 9.129999999999997, efficienza: 228.59154929577463 %
Demand del real Source[17]: -25.0, flusso erogato: 25.000000000000007, flusso entrante: 0.0, efficienza: 100.00000000000003 %
Flusso totale entrante nei Real Source: 9.129999999999997
Flusso totale uscente dai Real Source: 55.220000000000006
Flusso netto sui real Source: -46.09000000000001
--- SINKS STATISTICS ---
Sink 3 SODDISFATTO. Flusso netto: 3.43, Demand: 3.43, percentage: 100.0
Sink 4 SODDISFATTO. Flusso netto: 0.5700000000000003, Demand: 0.57, percentage: 100.00000000000007
Sink 5 SODDISFATTO. Flusso netto: 0.6600000000000001, Demand: 0.66, percentage: 100.00000000000003
Sink 11 SODDISFATTO. Flusso netto: 1.03, Demand: 1.03, percentage: 100.0
Sink 15 SODDISFATTO. Flusso netto: 0.46, Demand: 0.46, percentage: 100.0
Sink 16 SODDISFATTO. Flusso netto: 8.400000000000002, Demand: 8.4, percentage: 100.00000000000003
Sink 19 SODDISFATTO. Flusso netto: 0.5399999999999991, Demand: 0.54, percentage: 99.99999999999983
Sink 23 SODDISFATTO. Flusso netto: 0.5999999999999999, Demand: 0.6, percentage: 99.99999999999997
Sink 24 SODDISFATTO. Flusso netto: 0.8, Demand: 0.8, percentage: 100.0
Sink 25 SODDISFATTO. Flusso netto: 3.5, Demand: 3.5, percentage: 100.0
Sink 26 SODDISFATTO. Flusso netto: 6.000000000000002, Demand: 6.0, percentage: 100.00000000000003
Sink 28 SODDISFATTO. Flusso netto: 0.4, Demand: 0.4, percentage: 100.0
Sink 30 SODDISFATTO. Flusso netto: 0.9799999999999986, Demand: 0.98, percentage: 99.99999999999987
Sink 31 SODDISFATTO. Flusso netto: 0.4, Demand: 0.4, percentage: 100.0
Sink 32 SODDISFATTO. Flusso netto: 0.9999999999999996, Demand: 1.0, percentage: 99.99999999999996
Sink 34 SODDISFATTO. Flusso netto: 1.74, Demand: 1.74, percentage: 100.0
Sink 35 SODDISFATTO. Flusso netto: 1.3, Demand: 1.3, percentage: 100.0
Sink 37 SODDISFATTO. Flusso netto: 1.0, Demand: 1.0, percentage: 100.0
Sink 39 SODDISFATTO. Flusso netto: 0.4, Demand: 0.4, percentage: 100.0
Sink 40 SODDISFATTO. Flusso netto: 0.5, Demand: 0.5, percentage: 100.0
Sink 41 SODDISFATTO. Flusso netto: 1.06, Demand: 1.06, percentage: 100.0
Sink 42 SODDISFATTO. Flusso netto: 2.8199999999999994, Demand: 2.82, percentage: 99.99999999999999
Sink 45 SODDISFATTO. Flusso netto: 0.68, Demand: 0.68, percentage: 100.0
Sink 46 SODDISFATTO. Flusso netto: 1.17, Demand: 1.17, percentage: 100.0
Sink 49 non è soddisfatto. Flusso netto: 6.6499999999999995, Demand: 7.0, percentage: 95.0
Flusso totale entrante nei SINK: 92.61000000000001
Flusso totale uscente nei SINK: 46.52
Flusso totale netto nei SINK: 46.09000000000001
Total DEMAND dei SINK: 46.44
Percentual di flusso ai SINK: 0.9924633936261846
Numero di Sink soddisfatti: 24.0, numero totale di sink: 25.0
Percentuale di Sink soddisfatti: 0.96

---------------------------------- DAY 35

Update Fixed Elements from Intrinsic Faults
Update Fixed Elements from Heavy Faults
Update Fixed Elements from Attack
Propagate Intrinsic Fault
Node NODO_2 has still failing due to Intrinsic Fault
pipeline ARCO_70 still has reduced capacity: 24.8 due to Intrinsic Fault
pipeline V_EDGE_53_0 still has reduced capacity: 24.8 due to Intrinsic Fault
pipeline ARCO_0 still has reduced capacity: 24.8 due to Intrinsic Fault
Propagate Heavy Faults
Propagate Attacks
Inject Intrinsic Failure To Source
Source NODO_2 is failing for an Intrinsic Fault in day: 35
pipeline ARCO_70 has reduced capacity due to NODO_2 Intrinsic fault
pipeline V_EDGE_53_0 has reduced capacity due to NODO_2 Intrinsic fault
pipeline ARCO_0 has reduced capacity due to NODO_2 Intrinsic fault
Source NODO_11 is failing for an Intrinsic Fault in day: 35
pipeline ARCO_3 has reduced capacity due to NODO_11 Intrinsic fault
pipeline ARCO_90 has reduced capacity due to NODO_11 Intrinsic fault
pipeline ARCO_91 has reduced capacity due to NODO_11 Intrinsic fault
pipeline ARCO_92 has reduced capacity due to NODO_11 Intrinsic fault
pipeline V_EDGE_53_9 has reduced capacity due to NODO_11 Intrinsic fault
pipeline ARCO_20 has reduced capacity due to NODO_11 Intrinsic fault
pipeline ARCO_21 has reduced capacity due to NODO_11 Intrinsic fault
pipeline ARCO_22 has reduced capacity due to NODO_11 Intrinsic fault
pipeline ARCO_73 has reduced capacity due to NODO_11 Intrinsic fault
Inject Heavy Fault To Sources
Inject Attack Multiple To Source
Inject Intrinsic Fault To Pipeline
Inject Heavy Fault To Pipeline
Inject Attack To Pipeline
----------- Statistics ------------
	Sources Under Attack: 0
	Sources with Heavy Fault: 0
	Sources with Intrinsic Fault: 2
	Arcs with reduce capacity due to Attack: 0
	Arcs with reduce capacity due to Heavy Fault: 0
	Arcs with reduce capacity due to Intrinsic Fault: 12
	Arcs with Attacks: 0
	Arcs with Heavy Fault: 0
	Arcs with Intrinsic Fault: 0
--------- SOURCES STATISTICS ---------------
Demand del real Source[0]: -31.0, flusso erogato: 11.397999999999998, flusso entrante: 0.0, efficienza: 36.76774193548387 %
Demand del real Source[8]: -10.5, flusso erogato: 3.8600000000000003, flusso entrante: 0.0, efficienza: 36.76190476190476 %
Demand del real Source[9]: -7.1, flusso erogato: 16.077999999999996, flusso entrante: 10.397999999999998, efficienza: 226.45070422535207 %
Demand del real Source[17]: -25.0, flusso erogato: 25.000000000000007, flusso entrante: 0.0, efficienza: 100.00000000000003 %
Flusso totale entrante nei Real Source: 10.397999999999998
Flusso totale uscente dai Real Source: 56.336000000000006
Flusso netto sui real Source: -45.93800000000001
--- SINKS STATISTICS ---
Sink 3 SODDISFATTO. Flusso netto: 3.43, Demand: 3.43, percentage: 100.0
Sink 4 SODDISFATTO. Flusso netto: 0.5700000000000003, Demand: 0.57, percentage: 100.00000000000007
Sink 5 SODDISFATTO. Flusso netto: 0.6600000000000001, Demand: 0.66, percentage: 100.00000000000003
Sink 11 SODDISFATTO. Flusso netto: 1.03, Demand: 1.03, percentage: 100.0
Sink 15 SODDISFATTO. Flusso netto: 0.46, Demand: 0.46, percentage: 100.0
Sink 16 SODDISFATTO. Flusso netto: 8.400000000000002, Demand: 8.4, percentage: 100.00000000000003
Sink 19 SODDISFATTO. Flusso netto: 0.5399999999999991, Demand: 0.54, percentage: 99.99999999999983
Sink 23 SODDISFATTO. Flusso netto: 0.5999999999999999, Demand: 0.6, percentage: 99.99999999999997
Sink 24 SODDISFATTO. Flusso netto: 0.8, Demand: 0.8, percentage: 100.0
Sink 25 SODDISFATTO. Flusso netto: 3.5, Demand: 3.5, percentage: 100.0
Sink 26 SODDISFATTO. Flusso netto: 6.000000000000002, Demand: 6.0, percentage: 100.00000000000003
Sink 28 SODDISFATTO. Flusso netto: 0.4, Demand: 0.4, percentage: 100.0
Sink 30 SODDISFATTO. Flusso netto: 0.9799999999999986, Demand: 0.98, percentage: 99.99999999999987
Sink 31 SODDISFATTO. Flusso netto: 0.4, Demand: 0.4, percentage: 100.0
Sink 32 SODDISFATTO. Flusso netto: 0.9999999999999996, Demand: 1.0, percentage: 99.99999999999996
Sink 34 SODDISFATTO. Flusso netto: 1.74, Demand: 1.74, percentage: 100.0
Sink 35 SODDISFATTO. Flusso netto: 1.3, Demand: 1.3, percentage: 100.0
Sink 37 SODDISFATTO. Flusso netto: 1.0, Demand: 1.0, percentage: 100.0
Sink 39 SODDISFATTO. Flusso netto: 0.4, Demand: 0.4, percentage: 100.0
Sink 40 SODDISFATTO. Flusso netto: 0.5, Demand: 0.5, percentage: 100.0
Sink 41 SODDISFATTO. Flusso netto: 1.0599999999999996, Demand: 1.06, percentage: 99.99999999999996
Sink 42 SODDISFATTO. Flusso netto: 2.8200000000000003, Demand: 2.82, percentage: 100.00000000000003
Sink 45 SODDISFATTO. Flusso netto: 0.68, Demand: 0.68, percentage: 100.0
Sink 46 SODDISFATTO. Flusso netto: 1.17, Demand: 1.17, percentage: 100.0
Sink 49 non è soddisfatto. Flusso netto: 6.497999999999999, Demand: 7.0, percentage: 92.82857142857142
Flusso totale entrante nei SINK: 95.24200000000002
Flusso totale uscente nei SINK: 49.304
Flusso totale netto nei SINK: 45.93800000000002
Total DEMAND dei SINK: 46.44
Percentual di flusso ai SINK: 0.989190353143842
Numero di Sink soddisfatti: 24.0, numero totale di sink: 25.0
Percentuale di Sink soddisfatti: 0.96

---------------------------------- DAY 36

Update Fixed Elements from Intrinsic Faults
Source NODO_2 fixed from Intrinsic Fault
Pipeline ARCO_70 fixed due to Source NODO_2 fixing from Intrinsic Fault
Pipeline V_EDGE_53_0 fixed due to Source NODO_2 fixing from Intrinsic Fault
Pipeline ARCO_0 fixed due to Source NODO_2 fixing from Intrinsic Fault
Update Fixed Elements from Heavy Faults
Update Fixed Elements from Attack
Propagate Intrinsic Fault
Node NODO_11 has still failing due to Intrinsic Fault
pipeline ARCO_3 still has reduced capacity: 9.688 due to Intrinsic Fault
pipeline ARCO_90 still has reduced capacity: 1.6 due to Intrinsic Fault
pipeline ARCO_91 still has reduced capacity: 9.688 due to Intrinsic Fault
pipeline ARCO_92 still has reduced capacity: 39.328 due to Intrinsic Fault
pipeline V_EDGE_53_9 still has reduced capacity: 5.68 due to Intrinsic Fault
pipeline ARCO_20 still has reduced capacity: 1.6 due to Intrinsic Fault
pipeline ARCO_21 still has reduced capacity: 9.688 due to Intrinsic Fault
pipeline ARCO_22 still has reduced capacity: 39.328 due to Intrinsic Fault
pipeline ARCO_73 still has reduced capacity: 9.688 due to Intrinsic Fault
Propagate Heavy Faults
Propagate Attacks
Inject Intrinsic Failure To Source
Inject Heavy Fault To Sources
Inject Attack Multiple To Source
Inject Intrinsic Fault To Pipeline
Inject Heavy Fault To Pipeline
Inject Attack To Pipeline
----------- Statistics ------------
	Sources Under Attack: 0
	Sources with Heavy Fault: 0
	Sources with Intrinsic Fault: 1
	Arcs with reduce capacity due to Attack: 0
	Arcs with reduce capacity due to Heavy Fault: 0
	Arcs with reduce capacity due to Intrinsic Fault: 9
	Arcs with Attacks: 0
	Arcs with Heavy Fault: 0
	Arcs with Intrinsic Fault: 0
--------- SOURCES STATISTICS ---------------
Demand del real Source[0]: -31.0, flusso erogato: 11.397999999999998, flusso entrante: 0.0, efficienza: 36.76774193548387 %
Demand del real Source[8]: -10.5, flusso erogato: 3.8600000000000003, flusso entrante: 0.0, efficienza: 36.76190476190476 %
Demand del real Source[9]: -7.1, flusso erogato: 16.077999999999996, flusso entrante: 10.397999999999998, efficienza: 226.45070422535207 %
Demand del real Source[17]: -25.0, flusso erogato: 25.000000000000007, flusso entrante: 0.0, efficienza: 100.00000000000003 %
Flusso totale entrante nei Real Source: 10.397999999999998
Flusso totale uscente dai Real Source: 56.336000000000006
Flusso netto sui real Source: -45.93800000000001
--- SINKS STATISTICS ---
Sink 3 SODDISFATTO. Flusso netto: 3.43, Demand: 3.43, percentage: 100.0
Sink 4 SODDISFATTO. Flusso netto: 0.5700000000000003, Demand: 0.57, percentage: 100.00000000000007
Sink 5 SODDISFATTO. Flusso netto: 0.6600000000000001, Demand: 0.66, percentage: 100.00000000000003
Sink 11 SODDISFATTO. Flusso netto: 1.03, Demand: 1.03, percentage: 100.0
Sink 15 SODDISFATTO. Flusso netto: 0.46, Demand: 0.46, percentage: 100.0
Sink 16 SODDISFATTO. Flusso netto: 8.400000000000002, Demand: 8.4, percentage: 100.00000000000003
Sink 19 SODDISFATTO. Flusso netto: 0.5399999999999991, Demand: 0.54, percentage: 99.99999999999983
Sink 23 SODDISFATTO. Flusso netto: 0.5999999999999999, Demand: 0.6, percentage: 99.99999999999997
Sink 24 SODDISFATTO. Flusso netto: 0.8, Demand: 0.8, percentage: 100.0
Sink 25 SODDISFATTO. Flusso netto: 3.5, Demand: 3.5, percentage: 100.0
Sink 26 SODDISFATTO. Flusso netto: 6.000000000000002, Demand: 6.0, percentage: 100.00000000000003
Sink 28 SODDISFATTO. Flusso netto: 0.4, Demand: 0.4, percentage: 100.0
Sink 30 SODDISFATTO. Flusso netto: 0.9799999999999986, Demand: 0.98, percentage: 99.99999999999987
Sink 31 SODDISFATTO. Flusso netto: 0.4, Demand: 0.4, percentage: 100.0
Sink 32 SODDISFATTO. Flusso netto: 0.9999999999999996, Demand: 1.0, percentage: 99.99999999999996
Sink 34 SODDISFATTO. Flusso netto: 1.74, Demand: 1.74, percentage: 100.0
Sink 35 SODDISFATTO. Flusso netto: 1.3, Demand: 1.3, percentage: 100.0
Sink 37 SODDISFATTO. Flusso netto: 1.0, Demand: 1.0, percentage: 100.0
Sink 39 SODDISFATTO. Flusso netto: 0.4, Demand: 0.4, percentage: 100.0
Sink 40 SODDISFATTO. Flusso netto: 0.5, Demand: 0.5, percentage: 100.0
Sink 41 SODDISFATTO. Flusso netto: 1.0599999999999996, Demand: 1.06, percentage: 99.99999999999996
Sink 42 SODDISFATTO. Flusso netto: 2.8200000000000003, Demand: 2.82, percentage: 100.00000000000003
Sink 45 SODDISFATTO. Flusso netto: 0.68, Demand: 0.68, percentage: 100.0
Sink 46 SODDISFATTO. Flusso netto: 1.17, Demand: 1.17, percentage: 100.0
Sink 49 non è soddisfatto. Flusso netto: 6.497999999999999, Demand: 7.0, percentage: 92.82857142857142
Flusso totale entrante nei SINK: 95.24200000000002
Flusso totale uscente nei SINK: 49.304
Flusso totale netto nei SINK: 45.93800000000002
Total DEMAND dei SINK: 46.44
Percentual di flusso ai SINK: 0.989190353143842
Numero di Sink soddisfatti: 24.0, numero totale di sink: 25.0
Percentuale di Sink soddisfatti: 0.96

---------------------------------- DAY 37

Update Fixed Elements from Intrinsic Faults
Update Fixed Elements from Heavy Faults
Update Fixed Elements from Attack
Propagate Intrinsic Fault
Node NODO_11 has still failing due to Intrinsic Fault
pipeline ARCO_3 still has reduced capacity: 9.688 due to Intrinsic Fault
pipeline ARCO_90 still has reduced capacity: 1.6 due to Intrinsic Fault
pipeline ARCO_91 still has reduced capacity: 9.688 due to Intrinsic Fault
pipeline ARCO_92 still has reduced capacity: 39.328 due to Intrinsic Fault
pipeline V_EDGE_53_9 still has reduced capacity: 5.68 due to Intrinsic Fault
pipeline ARCO_20 still has reduced capacity: 1.6 due to Intrinsic Fault
pipeline ARCO_21 still has reduced capacity: 9.688 due to Intrinsic Fault
pipeline ARCO_22 still has reduced capacity: 39.328 due to Intrinsic Fault
pipeline ARCO_73 still has reduced capacity: 9.688 due to Intrinsic Fault
Propagate Heavy Faults
Propagate Attacks
Inject Intrinsic Failure To Source
Inject Heavy Fault To Sources
Inject Attack Multiple To Source
Inject Intrinsic Fault To Pipeline
Inject Heavy Fault To Pipeline
Inject Attack To Pipeline
----------- Statistics ------------
	Sources Under Attack: 0
	Sources with Heavy Fault: 0
	Sources with Intrinsic Fault: 1
	Arcs with reduce capacity due to Attack: 0
	Arcs with reduce capacity due to Heavy Fault: 0
	Arcs with reduce capacity due to Intrinsic Fault: 9
	Arcs with Attacks: 0
	Arcs with Heavy Fault: 0
	Arcs with Intrinsic Fault: 0
--------- SOURCES STATISTICS ---------------
Demand del real Source[0]: -31.0, flusso erogato: 11.397999999999998, flusso entrante: 0.0, efficienza: 36.76774193548387 %
Demand del real Source[8]: -10.5, flusso erogato: 3.8600000000000003, flusso entrante: 0.0, efficienza: 36.76190476190476 %
Demand del real Source[9]: -7.1, flusso erogato: 16.077999999999996, flusso entrante: 10.397999999999998, efficienza: 226.45070422535207 %
Demand del real Source[17]: -25.0, flusso erogato: 25.000000000000007, flusso entrante: 0.0, efficienza: 100.00000000000003 %
Flusso totale entrante nei Real Source: 10.397999999999998
Flusso totale uscente dai Real Source: 56.336000000000006
Flusso netto sui real Source: -45.93800000000001
--- SINKS STATISTICS ---
Sink 3 SODDISFATTO. Flusso netto: 3.43, Demand: 3.43, percentage: 100.0
Sink 4 SODDISFATTO. Flusso netto: 0.5700000000000003, Demand: 0.57, percentage: 100.00000000000007
Sink 5 SODDISFATTO. Flusso netto: 0.6600000000000001, Demand: 0.66, percentage: 100.00000000000003
Sink 11 SODDISFATTO. Flusso netto: 1.03, Demand: 1.03, percentage: 100.0
Sink 15 SODDISFATTO. Flusso netto: 0.46, Demand: 0.46, percentage: 100.0
Sink 16 SODDISFATTO. Flusso netto: 8.400000000000002, Demand: 8.4, percentage: 100.00000000000003
Sink 19 SODDISFATTO. Flusso netto: 0.5399999999999991, Demand: 0.54, percentage: 99.99999999999983
Sink 23 SODDISFATTO. Flusso netto: 0.5999999999999999, Demand: 0.6, percentage: 99.99999999999997
Sink 24 SODDISFATTO. Flusso netto: 0.8, Demand: 0.8, percentage: 100.0
Sink 25 SODDISFATTO. Flusso netto: 3.5, Demand: 3.5, percentage: 100.0
Sink 26 SODDISFATTO. Flusso netto: 6.000000000000002, Demand: 6.0, percentage: 100.00000000000003
Sink 28 SODDISFATTO. Flusso netto: 0.4, Demand: 0.4, percentage: 100.0
Sink 30 SODDISFATTO. Flusso netto: 0.9799999999999986, Demand: 0.98, percentage: 99.99999999999987
Sink 31 SODDISFATTO. Flusso netto: 0.4, Demand: 0.4, percentage: 100.0
Sink 32 SODDISFATTO. Flusso netto: 0.9999999999999996, Demand: 1.0, percentage: 99.99999999999996
Sink 34 SODDISFATTO. Flusso netto: 1.74, Demand: 1.74, percentage: 100.0
Sink 35 SODDISFATTO. Flusso netto: 1.3, Demand: 1.3, percentage: 100.0
Sink 37 SODDISFATTO. Flusso netto: 1.0, Demand: 1.0, percentage: 100.0
Sink 39 SODDISFATTO. Flusso netto: 0.4, Demand: 0.4, percentage: 100.0
Sink 40 SODDISFATTO. Flusso netto: 0.5, Demand: 0.5, percentage: 100.0
Sink 41 SODDISFATTO. Flusso netto: 1.0599999999999996, Demand: 1.06, percentage: 99.99999999999996
Sink 42 SODDISFATTO. Flusso netto: 2.8200000000000003, Demand: 2.82, percentage: 100.00000000000003
Sink 45 SODDISFATTO. Flusso netto: 0.68, Demand: 0.68, percentage: 100.0
Sink 46 SODDISFATTO. Flusso netto: 1.17, Demand: 1.17, percentage: 100.0
Sink 49 non è soddisfatto. Flusso netto: 6.497999999999999, Demand: 7.0, percentage: 92.82857142857142
Flusso totale entrante nei SINK: 95.24200000000002
Flusso totale uscente nei SINK: 49.304
Flusso totale netto nei SINK: 45.93800000000002
Total DEMAND dei SINK: 46.44
Percentual di flusso ai SINK: 0.989190353143842
Numero di Sink soddisfatti: 24.0, numero totale di sink: 25.0
Percentuale di Sink soddisfatti: 0.96

---------------------------------- DAY 38

Update Fixed Elements from Intrinsic Faults
Source NODO_11 fixed from Intrinsic Fault
Pipeline ARCO_3 fixed due to Source NODO_11 fixing from Intrinsic Fault
Pipeline ARCO_90 fixed due to Source NODO_11 fixing from Intrinsic Fault
Pipeline ARCO_91 fixed due to Source NODO_11 fixing from Intrinsic Fault
Pipeline ARCO_92 fixed due to Source NODO_11 fixing from Intrinsic Fault
Pipeline V_EDGE_53_9 fixed due to Source NODO_11 fixing from Intrinsic Fault
Pipeline ARCO_20 fixed due to Source NODO_11 fixing from Intrinsic Fault
Pipeline ARCO_21 fixed due to Source NODO_11 fixing from Intrinsic Fault
Pipeline ARCO_22 fixed due to Source NODO_11 fixing from Intrinsic Fault
Pipeline ARCO_73 fixed due to Source NODO_11 fixing from Intrinsic Fault
Update Fixed Elements from Heavy Faults
Update Fixed Elements from Attack
Propagate Intrinsic Fault
Propagate Heavy Faults
Propagate Attacks
Inject Intrinsic Failure To Source
Inject Heavy Fault To Sources
Inject Attack Multiple To Source
Inject Intrinsic Fault To Pipeline
Inject Heavy Fault To Pipeline
Inject Attack To Pipeline
----------- Statistics ------------
	Sources Under Attack: 0
	Sources with Heavy Fault: 0
	Sources with Intrinsic Fault: 0
	Arcs with reduce capacity due to Attack: 0
	Arcs with reduce capacity due to Heavy Fault: 0
	Arcs with reduce capacity due to Intrinsic Fault: 0
	Arcs with Attacks: 0
	Arcs with Heavy Fault: 0
	Arcs with Intrinsic Fault: 0
--------- SOURCES STATISTICS ---------------
Demand del real Source[0]: -31.0, flusso erogato: 10.129999999999997, flusso entrante: 0.0, efficienza: 32.6774193548387 %
Demand del real Source[8]: -10.5, flusso erogato: 3.8600000000000003, flusso entrante: 0.0, efficienza: 36.76190476190476 %
Demand del real Source[9]: -7.1, flusso erogato: 16.229999999999997, flusso entrante: 9.129999999999997, efficienza: 228.59154929577463 %
Demand del real Source[17]: -25.0, flusso erogato: 25.000000000000007, flusso entrante: 0.0, efficienza: 100.00000000000003 %
Flusso totale entrante nei Real Source: 9.129999999999997
Flusso totale uscente dai Real Source: 55.220000000000006
Flusso netto sui real Source: -46.09000000000001
--- SINKS STATISTICS ---
Sink 3 SODDISFATTO. Flusso netto: 3.43, Demand: 3.43, percentage: 100.0
Sink 4 SODDISFATTO. Flusso netto: 0.5700000000000003, Demand: 0.57, percentage: 100.00000000000007
Sink 5 SODDISFATTO. Flusso netto: 0.6600000000000001, Demand: 0.66, percentage: 100.00000000000003
Sink 11 SODDISFATTO. Flusso netto: 1.03, Demand: 1.03, percentage: 100.0
Sink 15 SODDISFATTO. Flusso netto: 0.46, Demand: 0.46, percentage: 100.0
Sink 16 SODDISFATTO. Flusso netto: 8.400000000000002, Demand: 8.4, percentage: 100.00000000000003
Sink 19 SODDISFATTO. Flusso netto: 0.5399999999999991, Demand: 0.54, percentage: 99.99999999999983
Sink 23 SODDISFATTO. Flusso netto: 0.5999999999999999, Demand: 0.6, percentage: 99.99999999999997
Sink 24 SODDISFATTO. Flusso netto: 0.8, Demand: 0.8, percentage: 100.0
Sink 25 SODDISFATTO. Flusso netto: 3.5, Demand: 3.5, percentage: 100.0
Sink 26 SODDISFATTO. Flusso netto: 6.000000000000002, Demand: 6.0, percentage: 100.00000000000003
Sink 28 SODDISFATTO. Flusso netto: 0.4, Demand: 0.4, percentage: 100.0
Sink 30 SODDISFATTO. Flusso netto: 0.9799999999999986, Demand: 0.98, percentage: 99.99999999999987
Sink 31 SODDISFATTO. Flusso netto: 0.4, Demand: 0.4, percentage: 100.0
Sink 32 SODDISFATTO. Flusso netto: 0.9999999999999996, Demand: 1.0, percentage: 99.99999999999996
Sink 34 SODDISFATTO. Flusso netto: 1.74, Demand: 1.74, percentage: 100.0
Sink 35 SODDISFATTO. Flusso netto: 1.3, Demand: 1.3, percentage: 100.0
Sink 37 SODDISFATTO. Flusso netto: 1.0, Demand: 1.0, percentage: 100.0
Sink 39 SODDISFATTO. Flusso netto: 0.4, Demand: 0.4, percentage: 100.0
Sink 40 SODDISFATTO. Flusso netto: 0.5, Demand: 0.5, percentage: 100.0
Sink 41 SODDISFATTO. Flusso netto: 1.06, Demand: 1.06, percentage: 100.0
Sink 42 SODDISFATTO. Flusso netto: 2.8199999999999994, Demand: 2.82, percentage: 99.99999999999999
Sink 45 SODDISFATTO. Flusso netto: 0.68, Demand: 0.68, percentage: 100.0
Sink 46 SODDISFATTO. Flusso netto: 1.17, Demand: 1.17, percentage: 100.0
Sink 49 non è soddisfatto. Flusso netto: 6.6499999999999995, Demand: 7.0, percentage: 95.0
Flusso totale entrante nei SINK: 92.61000000000001
Flusso totale uscente nei SINK: 46.52
Flusso totale netto nei SINK: 46.09000000000001
Total DEMAND dei SINK: 46.44
Percentual di flusso ai SINK: 0.9924633936261846
Numero di Sink soddisfatti: 24.0, numero totale di sink: 25.0
Percentuale di Sink soddisfatti: 0.96

---------------------------------- DAY 39

Update Fixed Elements from Intrinsic Faults
Update Fixed Elements from Heavy Faults
Update Fixed Elements from Attack
Propagate Intrinsic Fault
Propagate Heavy Faults
Propagate Attacks
Inject Intrinsic Failure To Source
Inject Heavy Fault To Sources
Inject Attack Multiple To Source
Inject Intrinsic Fault To Pipeline
Inject Heavy Fault To Pipeline
Inject Attack To Pipeline
----------- Statistics ------------
	Sources Under Attack: 0
	Sources with Heavy Fault: 0
	Sources with Intrinsic Fault: 0
	Arcs with reduce capacity due to Attack: 0
	Arcs with reduce capacity due to Heavy Fault: 0
	Arcs with reduce capacity due to Intrinsic Fault: 0
	Arcs with Attacks: 0
	Arcs with Heavy Fault: 0
	Arcs with Intrinsic Fault: 0
--------- SOURCES STATISTICS ---------------
Demand del real Source[0]: -31.0, flusso erogato: 10.129999999999997, flusso entrante: 0.0, efficienza: 32.6774193548387 %
Demand del real Source[8]: -10.5, flusso erogato: 3.8600000000000003, flusso entrante: 0.0, efficienza: 36.76190476190476 %
Demand del real Source[9]: -7.1, flusso erogato: 16.229999999999997, flusso entrante: 9.129999999999997, efficienza: 228.59154929577463 %
Demand del real Source[17]: -25.0, flusso erogato: 25.000000000000007, flusso entrante: 0.0, efficienza: 100.00000000000003 %
Flusso totale entrante nei Real Source: 9.129999999999997
Flusso totale uscente dai Real Source: 55.220000000000006
Flusso netto sui real Source: -46.09000000000001
--- SINKS STATISTICS ---
Sink 3 SODDISFATTO. Flusso netto: 3.43, Demand: 3.43, percentage: 100.0
Sink 4 SODDISFATTO. Flusso netto: 0.5700000000000003, Demand: 0.57, percentage: 100.00000000000007
Sink 5 SODDISFATTO. Flusso netto: 0.6600000000000001, Demand: 0.66, percentage: 100.00000000000003
Sink 11 SODDISFATTO. Flusso netto: 1.03, Demand: 1.03, percentage: 100.0
Sink 15 SODDISFATTO. Flusso netto: 0.46, Demand: 0.46, percentage: 100.0
Sink 16 SODDISFATTO. Flusso netto: 8.400000000000002, Demand: 8.4, percentage: 100.00000000000003
Sink 19 SODDISFATTO. Flusso netto: 0.5399999999999991, Demand: 0.54, percentage: 99.99999999999983
Sink 23 SODDISFATTO. Flusso netto: 0.5999999999999999, Demand: 0.6, percentage: 99.99999999999997
Sink 24 SODDISFATTO. Flusso netto: 0.8, Demand: 0.8, percentage: 100.0
Sink 25 SODDISFATTO. Flusso netto: 3.5, Demand: 3.5, percentage: 100.0
Sink 26 SODDISFATTO. Flusso netto: 6.000000000000002, Demand: 6.0, percentage: 100.00000000000003
Sink 28 SODDISFATTO. Flusso netto: 0.4, Demand: 0.4, percentage: 100.0
Sink 30 SODDISFATTO. Flusso netto: 0.9799999999999986, Demand: 0.98, percentage: 99.99999999999987
Sink 31 SODDISFATTO. Flusso netto: 0.4, Demand: 0.4, percentage: 100.0
Sink 32 SODDISFATTO. Flusso netto: 0.9999999999999996, Demand: 1.0, percentage: 99.99999999999996
Sink 34 SODDISFATTO. Flusso netto: 1.74, Demand: 1.74, percentage: 100.0
Sink 35 SODDISFATTO. Flusso netto: 1.3, Demand: 1.3, percentage: 100.0
Sink 37 SODDISFATTO. Flusso netto: 1.0, Demand: 1.0, percentage: 100.0
Sink 39 SODDISFATTO. Flusso netto: 0.4, Demand: 0.4, percentage: 100.0
Sink 40 SODDISFATTO. Flusso netto: 0.5, Demand: 0.5, percentage: 100.0
Sink 41 SODDISFATTO. Flusso netto: 1.06, Demand: 1.06, percentage: 100.0
Sink 42 SODDISFATTO. Flusso netto: 2.8199999999999994, Demand: 2.82, percentage: 99.99999999999999
Sink 45 SODDISFATTO. Flusso netto: 0.68, Demand: 0.68, percentage: 100.0
Sink 46 SODDISFATTO. Flusso netto: 1.17, Demand: 1.17, percentage: 100.0
Sink 49 non è soddisfatto. Flusso netto: 6.6499999999999995, Demand: 7.0, percentage: 95.0
Flusso totale entrante nei SINK: 92.61000000000001
Flusso totale uscente nei SINK: 46.52
Flusso totale netto nei SINK: 46.09000000000001
Total DEMAND dei SINK: 46.44
Percentual di flusso ai SINK: 0.9924633936261846
Numero di Sink soddisfatti: 24.0, numero totale di sink: 25.0
Percentuale di Sink soddisfatti: 0.96

---------------------------------- DAY 40

Update Fixed Elements from Intrinsic Faults
Update Fixed Elements from Heavy Faults
Update Fixed Elements from Attack
Propagate Intrinsic Fault
Propagate Heavy Faults
Propagate Attacks
Inject Intrinsic Failure To Source
Inject Heavy Fault To Sources
Inject Attack Multiple To Source
Inject Intrinsic Fault To Pipeline
Inject Heavy Fault To Pipeline
Inject Attack To Pipeline
----------- Statistics ------------
	Sources Under Attack: 0
	Sources with Heavy Fault: 0
	Sources with Intrinsic Fault: 0
	Arcs with reduce capacity due to Attack: 0
	Arcs with reduce capacity due to Heavy Fault: 0
	Arcs with reduce capacity due to Intrinsic Fault: 0
	Arcs with Attacks: 0
	Arcs with Heavy Fault: 0
	Arcs with Intrinsic Fault: 0
--------- SOURCES STATISTICS ---------------
Demand del real Source[0]: -31.0, flusso erogato: 10.129999999999997, flusso entrante: 0.0, efficienza: 32.6774193548387 %
Demand del real Source[8]: -10.5, flusso erogato: 3.8600000000000003, flusso entrante: 0.0, efficienza: 36.76190476190476 %
Demand del real Source[9]: -7.1, flusso erogato: 16.229999999999997, flusso entrante: 9.129999999999997, efficienza: 228.59154929577463 %
Demand del real Source[17]: -25.0, flusso erogato: 25.000000000000007, flusso entrante: 0.0, efficienza: 100.00000000000003 %
Flusso totale entrante nei Real Source: 9.129999999999997
Flusso totale uscente dai Real Source: 55.220000000000006
Flusso netto sui real Source: -46.09000000000001
--- SINKS STATISTICS ---
Sink 3 SODDISFATTO. Flusso netto: 3.43, Demand: 3.43, percentage: 100.0
Sink 4 SODDISFATTO. Flusso netto: 0.5700000000000003, Demand: 0.57, percentage: 100.00000000000007
Sink 5 SODDISFATTO. Flusso netto: 0.6600000000000001, Demand: 0.66, percentage: 100.00000000000003
Sink 11 SODDISFATTO. Flusso netto: 1.03, Demand: 1.03, percentage: 100.0
Sink 15 SODDISFATTO. Flusso netto: 0.46, Demand: 0.46, percentage: 100.0
Sink 16 SODDISFATTO. Flusso netto: 8.400000000000002, Demand: 8.4, percentage: 100.00000000000003
Sink 19 SODDISFATTO. Flusso netto: 0.5399999999999991, Demand: 0.54, percentage: 99.99999999999983
Sink 23 SODDISFATTO. Flusso netto: 0.5999999999999999, Demand: 0.6, percentage: 99.99999999999997
Sink 24 SODDISFATTO. Flusso netto: 0.8, Demand: 0.8, percentage: 100.0
Sink 25 SODDISFATTO. Flusso netto: 3.5, Demand: 3.5, percentage: 100.0
Sink 26 SODDISFATTO. Flusso netto: 6.000000000000002, Demand: 6.0, percentage: 100.00000000000003
Sink 28 SODDISFATTO. Flusso netto: 0.4, Demand: 0.4, percentage: 100.0
Sink 30 SODDISFATTO. Flusso netto: 0.9799999999999986, Demand: 0.98, percentage: 99.99999999999987
Sink 31 SODDISFATTO. Flusso netto: 0.4, Demand: 0.4, percentage: 100.0
Sink 32 SODDISFATTO. Flusso netto: 0.9999999999999996, Demand: 1.0, percentage: 99.99999999999996
Sink 34 SODDISFATTO. Flusso netto: 1.74, Demand: 1.74, percentage: 100.0
Sink 35 SODDISFATTO. Flusso netto: 1.3, Demand: 1.3, percentage: 100.0
Sink 37 SODDISFATTO. Flusso netto: 1.0, Demand: 1.0, percentage: 100.0
Sink 39 SODDISFATTO. Flusso netto: 0.4, Demand: 0.4, percentage: 100.0
Sink 40 SODDISFATTO. Flusso netto: 0.5, Demand: 0.5, percentage: 100.0
Sink 41 SODDISFATTO. Flusso netto: 1.06, Demand: 1.06, percentage: 100.0
Sink 42 SODDISFATTO. Flusso netto: 2.8199999999999994, Demand: 2.82, percentage: 99.99999999999999
Sink 45 SODDISFATTO. Flusso netto: 0.68, Demand: 0.68, percentage: 100.0
Sink 46 SODDISFATTO. Flusso netto: 1.17, Demand: 1.17, percentage: 100.0
Sink 49 non è soddisfatto. Flusso netto: 6.6499999999999995, Demand: 7.0, percentage: 95.0
Flusso totale entrante nei SINK: 92.61000000000001
Flusso totale uscente nei SINK: 46.52
Flusso totale netto nei SINK: 46.09000000000001
Total DEMAND dei SINK: 46.44
Percentual di flusso ai SINK: 0.9924633936261846
Numero di Sink soddisfatti: 24.0, numero totale di sink: 25.0
Percentuale di Sink soddisfatti: 0.96

---------------------------------- DAY 41

Update Fixed Elements from Intrinsic Faults
Update Fixed Elements from Heavy Faults
Update Fixed Elements from Attack
Propagate Intrinsic Fault
Propagate Heavy Faults
Propagate Attacks
Inject Intrinsic Failure To Source
Inject Heavy Fault To Sources
Inject Attack Multiple To Source
Inject Intrinsic Fault To Pipeline
Inject Heavy Fault To Pipeline
Inject Attack To Pipeline
----------- Statistics ------------
	Sources Under Attack: 0
	Sources with Heavy Fault: 0
	Sources with Intrinsic Fault: 0
	Arcs with reduce capacity due to Attack: 0
	Arcs with reduce capacity due to Heavy Fault: 0
	Arcs with reduce capacity due to Intrinsic Fault: 0
	Arcs with Attacks: 0
	Arcs with Heavy Fault: 0
	Arcs with Intrinsic Fault: 0
--------- SOURCES STATISTICS ---------------
Demand del real Source[0]: -31.0, flusso erogato: 10.129999999999997, flusso entrante: 0.0, efficienza: 32.6774193548387 %
Demand del real Source[8]: -10.5, flusso erogato: 3.8600000000000003, flusso entrante: 0.0, efficienza: 36.76190476190476 %
Demand del real Source[9]: -7.1, flusso erogato: 16.229999999999997, flusso entrante: 9.129999999999997, efficienza: 228.59154929577463 %
Demand del real Source[17]: -25.0, flusso erogato: 25.000000000000007, flusso entrante: 0.0, efficienza: 100.00000000000003 %
Flusso totale entrante nei Real Source: 9.129999999999997
Flusso totale uscente dai Real Source: 55.220000000000006
Flusso netto sui real Source: -46.09000000000001
--- SINKS STATISTICS ---
Sink 3 SODDISFATTO. Flusso netto: 3.43, Demand: 3.43, percentage: 100.0
Sink 4 SODDISFATTO. Flusso netto: 0.5700000000000003, Demand: 0.57, percentage: 100.00000000000007
Sink 5 SODDISFATTO. Flusso netto: 0.6600000000000001, Demand: 0.66, percentage: 100.00000000000003
Sink 11 SODDISFATTO. Flusso netto: 1.03, Demand: 1.03, percentage: 100.0
Sink 15 SODDISFATTO. Flusso netto: 0.46, Demand: 0.46, percentage: 100.0
Sink 16 SODDISFATTO. Flusso netto: 8.400000000000002, Demand: 8.4, percentage: 100.00000000000003
Sink 19 SODDISFATTO. Flusso netto: 0.5399999999999991, Demand: 0.54, percentage: 99.99999999999983
Sink 23 SODDISFATTO. Flusso netto: 0.5999999999999999, Demand: 0.6, percentage: 99.99999999999997
Sink 24 SODDISFATTO. Flusso netto: 0.8, Demand: 0.8, percentage: 100.0
Sink 25 SODDISFATTO. Flusso netto: 3.5, Demand: 3.5, percentage: 100.0
Sink 26 SODDISFATTO. Flusso netto: 6.000000000000002, Demand: 6.0, percentage: 100.00000000000003
Sink 28 SODDISFATTO. Flusso netto: 0.4, Demand: 0.4, percentage: 100.0
Sink 30 SODDISFATTO. Flusso netto: 0.9799999999999986, Demand: 0.98, percentage: 99.99999999999987
Sink 31 SODDISFATTO. Flusso netto: 0.4, Demand: 0.4, percentage: 100.0
Sink 32 SODDISFATTO. Flusso netto: 0.9999999999999996, Demand: 1.0, percentage: 99.99999999999996
Sink 34 SODDISFATTO. Flusso netto: 1.74, Demand: 1.74, percentage: 100.0
Sink 35 SODDISFATTO. Flusso netto: 1.3, Demand: 1.3, percentage: 100.0
Sink 37 SODDISFATTO. Flusso netto: 1.0, Demand: 1.0, percentage: 100.0
Sink 39 SODDISFATTO. Flusso netto: 0.4, Demand: 0.4, percentage: 100.0
Sink 40 SODDISFATTO. Flusso netto: 0.5, Demand: 0.5, percentage: 100.0
Sink 41 SODDISFATTO. Flusso netto: 1.06, Demand: 1.06, percentage: 100.0
Sink 42 SODDISFATTO. Flusso netto: 2.8199999999999994, Demand: 2.82, percentage: 99.99999999999999
Sink 45 SODDISFATTO. Flusso netto: 0.68, Demand: 0.68, percentage: 100.0
Sink 46 SODDISFATTO. Flusso netto: 1.17, Demand: 1.17, percentage: 100.0
Sink 49 non è soddisfatto. Flusso netto: 6.6499999999999995, Demand: 7.0, percentage: 95.0
Flusso totale entrante nei SINK: 92.61000000000001
Flusso totale uscente nei SINK: 46.52
Flusso totale netto nei SINK: 46.09000000000001
Total DEMAND dei SINK: 46.44
Percentual di flusso ai SINK: 0.9924633936261846
Numero di Sink soddisfatti: 24.0, numero totale di sink: 25.0
Percentuale di Sink soddisfatti: 0.96

---------------------------------- DAY 42

Update Fixed Elements from Intrinsic Faults
Update Fixed Elements from Heavy Faults
Update Fixed Elements from Attack
Propagate Intrinsic Fault
Propagate Heavy Faults
Propagate Attacks
Inject Intrinsic Failure To Source
Source NODO_2 is failing for an Intrinsic Fault in day: 42
pipeline ARCO_70 has reduced capacity due to NODO_2 Intrinsic fault
pipeline V_EDGE_53_0 has reduced capacity due to NODO_2 Intrinsic fault
pipeline ARCO_0 has reduced capacity due to NODO_2 Intrinsic fault
Inject Heavy Fault To Sources
Inject Attack Multiple To Source
Inject Intrinsic Fault To Pipeline
Inject Heavy Fault To Pipeline
Inject Attack To Pipeline
----------- Statistics ------------
	Sources Under Attack: 0
	Sources with Heavy Fault: 0
	Sources with Intrinsic Fault: 1
	Arcs with reduce capacity due to Attack: 0
	Arcs with reduce capacity due to Heavy Fault: 0
	Arcs with reduce capacity due to Intrinsic Fault: 3
	Arcs with Attacks: 0
	Arcs with Heavy Fault: 0
	Arcs with Intrinsic Fault: 0
--------- SOURCES STATISTICS ---------------
Demand del real Source[0]: -31.0, flusso erogato: 10.129999999999997, flusso entrante: 0.0, efficienza: 32.6774193548387 %
Demand del real Source[8]: -10.5, flusso erogato: 3.8600000000000003, flusso entrante: 0.0, efficienza: 36.76190476190476 %
Demand del real Source[9]: -7.1, flusso erogato: 16.229999999999997, flusso entrante: 9.129999999999997, efficienza: 228.59154929577463 %
Demand del real Source[17]: -25.0, flusso erogato: 25.000000000000007, flusso entrante: 0.0, efficienza: 100.00000000000003 %
Flusso totale entrante nei Real Source: 9.129999999999997
Flusso totale uscente dai Real Source: 55.220000000000006
Flusso netto sui real Source: -46.09000000000001
--- SINKS STATISTICS ---
Sink 3 SODDISFATTO. Flusso netto: 3.43, Demand: 3.43, percentage: 100.0
Sink 4 SODDISFATTO. Flusso netto: 0.5700000000000003, Demand: 0.57, percentage: 100.00000000000007
Sink 5 SODDISFATTO. Flusso netto: 0.6600000000000001, Demand: 0.66, percentage: 100.00000000000003
Sink 11 SODDISFATTO. Flusso netto: 1.03, Demand: 1.03, percentage: 100.0
Sink 15 SODDISFATTO. Flusso netto: 0.46, Demand: 0.46, percentage: 100.0
Sink 16 SODDISFATTO. Flusso netto: 8.400000000000002, Demand: 8.4, percentage: 100.00000000000003
Sink 19 SODDISFATTO. Flusso netto: 0.5399999999999991, Demand: 0.54, percentage: 99.99999999999983
Sink 23 SODDISFATTO. Flusso netto: 0.5999999999999999, Demand: 0.6, percentage: 99.99999999999997
Sink 24 SODDISFATTO. Flusso netto: 0.8, Demand: 0.8, percentage: 100.0
Sink 25 SODDISFATTO. Flusso netto: 3.5, Demand: 3.5, percentage: 100.0
Sink 26 SODDISFATTO. Flusso netto: 6.000000000000002, Demand: 6.0, percentage: 100.00000000000003
Sink 28 SODDISFATTO. Flusso netto: 0.4, Demand: 0.4, percentage: 100.0
Sink 30 SODDISFATTO. Flusso netto: 0.9799999999999986, Demand: 0.98, percentage: 99.99999999999987
Sink 31 SODDISFATTO. Flusso netto: 0.4, Demand: 0.4, percentage: 100.0
Sink 32 SODDISFATTO. Flusso netto: 0.9999999999999996, Demand: 1.0, percentage: 99.99999999999996
Sink 34 SODDISFATTO. Flusso netto: 1.74, Demand: 1.74, percentage: 100.0
Sink 35 SODDISFATTO. Flusso netto: 1.3, Demand: 1.3, percentage: 100.0
Sink 37 SODDISFATTO. Flusso netto: 1.0, Demand: 1.0, percentage: 100.0
Sink 39 SODDISFATTO. Flusso netto: 0.4, Demand: 0.4, percentage: 100.0
Sink 40 SODDISFATTO. Flusso netto: 0.5, Demand: 0.5, percentage: 100.0
Sink 41 SODDISFATTO. Flusso netto: 1.06, Demand: 1.06, percentage: 100.0
Sink 42 SODDISFATTO. Flusso netto: 2.8199999999999994, Demand: 2.82, percentage: 99.99999999999999
Sink 45 SODDISFATTO. Flusso netto: 0.68, Demand: 0.68, percentage: 100.0
Sink 46 SODDISFATTO. Flusso netto: 1.17, Demand: 1.17, percentage: 100.0
Sink 49 non è soddisfatto. Flusso netto: 6.6499999999999995, Demand: 7.0, percentage: 95.0
Flusso totale entrante nei SINK: 92.61000000000001
Flusso totale uscente nei SINK: 46.52
Flusso totale netto nei SINK: 46.09000000000001
Total DEMAND dei SINK: 46.44
Percentual di flusso ai SINK: 0.9924633936261846
Numero di Sink soddisfatti: 24.0, numero totale di sink: 25.0
Percentuale di Sink soddisfatti: 0.96

---------------------------------- DAY 43

Update Fixed Elements from Intrinsic Faults
Update Fixed Elements from Heavy Faults
Update Fixed Elements from Attack
Propagate Intrinsic Fault
Node NODO_2 has still failing due to Intrinsic Fault
pipeline ARCO_70 still has reduced capacity: 24.8 due to Intrinsic Fault
pipeline V_EDGE_53_0 still has reduced capacity: 24.8 due to Intrinsic Fault
pipeline ARCO_0 still has reduced capacity: 24.8 due to Intrinsic Fault
Propagate Heavy Faults
Propagate Attacks
Inject Intrinsic Failure To Source
Inject Heavy Fault To Sources
Inject Attack Multiple To Source
Inject Intrinsic Fault To Pipeline
Inject Heavy Fault To Pipeline
Inject Attack To Pipeline
----------- Statistics ------------
	Sources Under Attack: 0
	Sources with Heavy Fault: 0
	Sources with Intrinsic Fault: 1
	Arcs with reduce capacity due to Attack: 0
	Arcs with reduce capacity due to Heavy Fault: 0
	Arcs with reduce capacity due to Intrinsic Fault: 3
	Arcs with Attacks: 0
	Arcs with Heavy Fault: 0
	Arcs with Intrinsic Fault: 0
--------- SOURCES STATISTICS ---------------
Demand del real Source[0]: -31.0, flusso erogato: 10.129999999999997, flusso entrante: 0.0, efficienza: 32.6774193548387 %
Demand del real Source[8]: -10.5, flusso erogato: 3.8600000000000003, flusso entrante: 0.0, efficienza: 36.76190476190476 %
Demand del real Source[9]: -7.1, flusso erogato: 16.229999999999997, flusso entrante: 9.129999999999997, efficienza: 228.59154929577463 %
Demand del real Source[17]: -25.0, flusso erogato: 25.000000000000007, flusso entrante: 0.0, efficienza: 100.00000000000003 %
Flusso totale entrante nei Real Source: 9.129999999999997
Flusso totale uscente dai Real Source: 55.220000000000006
Flusso netto sui real Source: -46.09000000000001
--- SINKS STATISTICS ---
Sink 3 SODDISFATTO. Flusso netto: 3.43, Demand: 3.43, percentage: 100.0
Sink 4 SODDISFATTO. Flusso netto: 0.5700000000000003, Demand: 0.57, percentage: 100.00000000000007
Sink 5 SODDISFATTO. Flusso netto: 0.6600000000000001, Demand: 0.66, percentage: 100.00000000000003
Sink 11 SODDISFATTO. Flusso netto: 1.03, Demand: 1.03, percentage: 100.0
Sink 15 SODDISFATTO. Flusso netto: 0.46, Demand: 0.46, percentage: 100.0
Sink 16 SODDISFATTO. Flusso netto: 8.400000000000002, Demand: 8.4, percentage: 100.00000000000003
Sink 19 SODDISFATTO. Flusso netto: 0.5399999999999991, Demand: 0.54, percentage: 99.99999999999983
Sink 23 SODDISFATTO. Flusso netto: 0.5999999999999999, Demand: 0.6, percentage: 99.99999999999997
Sink 24 SODDISFATTO. Flusso netto: 0.8, Demand: 0.8, percentage: 100.0
Sink 25 SODDISFATTO. Flusso netto: 3.5, Demand: 3.5, percentage: 100.0
Sink 26 SODDISFATTO. Flusso netto: 6.000000000000002, Demand: 6.0, percentage: 100.00000000000003
Sink 28 SODDISFATTO. Flusso netto: 0.4, Demand: 0.4, percentage: 100.0
Sink 30 SODDISFATTO. Flusso netto: 0.9799999999999986, Demand: 0.98, percentage: 99.99999999999987
Sink 31 SODDISFATTO. Flusso netto: 0.4, Demand: 0.4, percentage: 100.0
Sink 32 SODDISFATTO. Flusso netto: 0.9999999999999996, Demand: 1.0, percentage: 99.99999999999996
Sink 34 SODDISFATTO. Flusso netto: 1.74, Demand: 1.74, percentage: 100.0
Sink 35 SODDISFATTO. Flusso netto: 1.3, Demand: 1.3, percentage: 100.0
Sink 37 SODDISFATTO. Flusso netto: 1.0, Demand: 1.0, percentage: 100.0
Sink 39 SODDISFATTO. Flusso netto: 0.4, Demand: 0.4, percentage: 100.0
Sink 40 SODDISFATTO. Flusso netto: 0.5, Demand: 0.5, percentage: 100.0
Sink 41 SODDISFATTO. Flusso netto: 1.06, Demand: 1.06, percentage: 100.0
Sink 42 SODDISFATTO. Flusso netto: 2.8199999999999994, Demand: 2.82, percentage: 99.99999999999999
Sink 45 SODDISFATTO. Flusso netto: 0.68, Demand: 0.68, percentage: 100.0
Sink 46 SODDISFATTO. Flusso netto: 1.17, Demand: 1.17, percentage: 100.0
Sink 49 non è soddisfatto. Flusso netto: 6.6499999999999995, Demand: 7.0, percentage: 95.0
Flusso totale entrante nei SINK: 92.61000000000001
Flusso totale uscente nei SINK: 46.52
Flusso totale netto nei SINK: 46.09000000000001
Total DEMAND dei SINK: 46.44
Percentual di flusso ai SINK: 0.9924633936261846
Numero di Sink soddisfatti: 24.0, numero totale di sink: 25.0
Percentuale di Sink soddisfatti: 0.96

---------------------------------- DAY 44

Update Fixed Elements from Intrinsic Faults
Update Fixed Elements from Heavy Faults
Update Fixed Elements from Attack
Propagate Intrinsic Fault
Node NODO_2 has still failing due to Intrinsic Fault
pipeline ARCO_70 still has reduced capacity: 24.8 due to Intrinsic Fault
pipeline V_EDGE_53_0 still has reduced capacity: 24.8 due to Intrinsic Fault
pipeline ARCO_0 still has reduced capacity: 24.8 due to Intrinsic Fault
Propagate Heavy Faults
Propagate Attacks
Inject Intrinsic Failure To Source
Inject Heavy Fault To Sources
Inject Attack Multiple To Source
Inject Intrinsic Fault To Pipeline
Inject Heavy Fault To Pipeline
Inject Attack To Pipeline
----------- Statistics ------------
	Sources Under Attack: 0
	Sources with Heavy Fault: 0
	Sources with Intrinsic Fault: 1
	Arcs with reduce capacity due to Attack: 0
	Arcs with reduce capacity due to Heavy Fault: 0
	Arcs with reduce capacity due to Intrinsic Fault: 3
	Arcs with Attacks: 0
	Arcs with Heavy Fault: 0
	Arcs with Intrinsic Fault: 0
--------- SOURCES STATISTICS ---------------
Demand del real Source[0]: -31.0, flusso erogato: 10.129999999999997, flusso entrante: 0.0, efficienza: 32.6774193548387 %
Demand del real Source[8]: -10.5, flusso erogato: 3.8600000000000003, flusso entrante: 0.0, efficienza: 36.76190476190476 %
Demand del real Source[9]: -7.1, flusso erogato: 16.229999999999997, flusso entrante: 9.129999999999997, efficienza: 228.59154929577463 %
Demand del real Source[17]: -25.0, flusso erogato: 25.000000000000007, flusso entrante: 0.0, efficienza: 100.00000000000003 %
Flusso totale entrante nei Real Source: 9.129999999999997
Flusso totale uscente dai Real Source: 55.220000000000006
Flusso netto sui real Source: -46.09000000000001
--- SINKS STATISTICS ---
Sink 3 SODDISFATTO. Flusso netto: 3.43, Demand: 3.43, percentage: 100.0
Sink 4 SODDISFATTO. Flusso netto: 0.5700000000000003, Demand: 0.57, percentage: 100.00000000000007
Sink 5 SODDISFATTO. Flusso netto: 0.6600000000000001, Demand: 0.66, percentage: 100.00000000000003
Sink 11 SODDISFATTO. Flusso netto: 1.03, Demand: 1.03, percentage: 100.0
Sink 15 SODDISFATTO. Flusso netto: 0.46, Demand: 0.46, percentage: 100.0
Sink 16 SODDISFATTO. Flusso netto: 8.400000000000002, Demand: 8.4, percentage: 100.00000000000003
Sink 19 SODDISFATTO. Flusso netto: 0.5399999999999991, Demand: 0.54, percentage: 99.99999999999983
Sink 23 SODDISFATTO. Flusso netto: 0.5999999999999999, Demand: 0.6, percentage: 99.99999999999997
Sink 24 SODDISFATTO. Flusso netto: 0.8, Demand: 0.8, percentage: 100.0
Sink 25 SODDISFATTO. Flusso netto: 3.5, Demand: 3.5, percentage: 100.0
Sink 26 SODDISFATTO. Flusso netto: 6.000000000000002, Demand: 6.0, percentage: 100.00000000000003
Sink 28 SODDISFATTO. Flusso netto: 0.4, Demand: 0.4, percentage: 100.0
Sink 30 SODDISFATTO. Flusso netto: 0.9799999999999986, Demand: 0.98, percentage: 99.99999999999987
Sink 31 SODDISFATTO. Flusso netto: 0.4, Demand: 0.4, percentage: 100.0
Sink 32 SODDISFATTO. Flusso netto: 0.9999999999999996, Demand: 1.0, percentage: 99.99999999999996
Sink 34 SODDISFATTO. Flusso netto: 1.74, Demand: 1.74, percentage: 100.0
Sink 35 SODDISFATTO. Flusso netto: 1.3, Demand: 1.3, percentage: 100.0
Sink 37 SODDISFATTO. Flusso netto: 1.0, Demand: 1.0, percentage: 100.0
Sink 39 SODDISFATTO. Flusso netto: 0.4, Demand: 0.4, percentage: 100.0
Sink 40 SODDISFATTO. Flusso netto: 0.5, Demand: 0.5, percentage: 100.0
Sink 41 SODDISFATTO. Flusso netto: 1.06, Demand: 1.06, percentage: 100.0
Sink 42 SODDISFATTO. Flusso netto: 2.8199999999999994, Demand: 2.82, percentage: 99.99999999999999
Sink 45 SODDISFATTO. Flusso netto: 0.68, Demand: 0.68, percentage: 100.0
Sink 46 SODDISFATTO. Flusso netto: 1.17, Demand: 1.17, percentage: 100.0
Sink 49 non è soddisfatto. Flusso netto: 6.6499999999999995, Demand: 7.0, percentage: 95.0
Flusso totale entrante nei SINK: 92.61000000000001
Flusso totale uscente nei SINK: 46.52
Flusso totale netto nei SINK: 46.09000000000001
Total DEMAND dei SINK: 46.44
Percentual di flusso ai SINK: 0.9924633936261846
Numero di Sink soddisfatti: 24.0, numero totale di sink: 25.0
Percentuale di Sink soddisfatti: 0.96

---------------------------------- DAY 45

Update Fixed Elements from Intrinsic Faults
Source NODO_2 fixed from Intrinsic Fault
Pipeline ARCO_70 fixed due to Source NODO_2 fixing from Intrinsic Fault
Pipeline V_EDGE_53_0 fixed due to Source NODO_2 fixing from Intrinsic Fault
Pipeline ARCO_0 fixed due to Source NODO_2 fixing from Intrinsic Fault
Update Fixed Elements from Heavy Faults
Update Fixed Elements from Attack
Propagate Intrinsic Fault
Propagate Heavy Faults
Propagate Attacks
Inject Intrinsic Failure To Source
Source NODO_11 is failing for an Intrinsic Fault in day: 45
pipeline ARCO_3 has reduced capacity due to NODO_11 Intrinsic fault
pipeline ARCO_90 has reduced capacity due to NODO_11 Intrinsic fault
pipeline ARCO_91 has reduced capacity due to NODO_11 Intrinsic fault
pipeline ARCO_92 has reduced capacity due to NODO_11 Intrinsic fault
pipeline V_EDGE_53_9 has reduced capacity due to NODO_11 Intrinsic fault
pipeline ARCO_20 has reduced capacity due to NODO_11 Intrinsic fault
pipeline ARCO_21 has reduced capacity due to NODO_11 Intrinsic fault
pipeline ARCO_22 has reduced capacity due to NODO_11 Intrinsic fault
pipeline ARCO_73 has reduced capacity due to NODO_11 Intrinsic fault
Inject Heavy Fault To Sources
Inject Attack Multiple To Source
Inject Intrinsic Fault To Pipeline
Inject Heavy Fault To Pipeline
Inject Attack To Pipeline
----------- Statistics ------------
	Sources Under Attack: 0
	Sources with Heavy Fault: 0
	Sources with Intrinsic Fault: 1
	Arcs with reduce capacity due to Attack: 0
	Arcs with reduce capacity due to Heavy Fault: 0
	Arcs with reduce capacity due to Intrinsic Fault: 9
	Arcs with Attacks: 0
	Arcs with Heavy Fault: 0
	Arcs with Intrinsic Fault: 0
--------- SOURCES STATISTICS ---------------
Demand del real Source[0]: -31.0, flusso erogato: 11.397999999999998, flusso entrante: 0.0, efficienza: 36.76774193548387 %
Demand del real Source[8]: -10.5, flusso erogato: 3.8600000000000003, flusso entrante: 0.0, efficienza: 36.76190476190476 %
Demand del real Source[9]: -7.1, flusso erogato: 16.077999999999996, flusso entrante: 10.397999999999998, efficienza: 226.45070422535207 %
Demand del real Source[17]: -25.0, flusso erogato: 25.000000000000007, flusso entrante: 0.0, efficienza: 100.00000000000003 %
Flusso totale entrante nei Real Source: 10.397999999999998
Flusso totale uscente dai Real Source: 56.336000000000006
Flusso netto sui real Source: -45.93800000000001
--- SINKS STATISTICS ---
Sink 3 SODDISFATTO. Flusso netto: 3.43, Demand: 3.43, percentage: 100.0
Sink 4 SODDISFATTO. Flusso netto: 0.5700000000000003, Demand: 0.57, percentage: 100.00000000000007
Sink 5 SODDISFATTO. Flusso netto: 0.6600000000000001, Demand: 0.66, percentage: 100.00000000000003
Sink 11 SODDISFATTO. Flusso netto: 1.03, Demand: 1.03, percentage: 100.0
Sink 15 SODDISFATTO. Flusso netto: 0.46, Demand: 0.46, percentage: 100.0
Sink 16 SODDISFATTO. Flusso netto: 8.400000000000002, Demand: 8.4, percentage: 100.00000000000003
Sink 19 SODDISFATTO. Flusso netto: 0.5399999999999991, Demand: 0.54, percentage: 99.99999999999983
Sink 23 SODDISFATTO. Flusso netto: 0.5999999999999999, Demand: 0.6, percentage: 99.99999999999997
Sink 24 SODDISFATTO. Flusso netto: 0.8, Demand: 0.8, percentage: 100.0
Sink 25 SODDISFATTO. Flusso netto: 3.5, Demand: 3.5, percentage: 100.0
Sink 26 SODDISFATTO. Flusso netto: 6.000000000000002, Demand: 6.0, percentage: 100.00000000000003
Sink 28 SODDISFATTO. Flusso netto: 0.4, Demand: 0.4, percentage: 100.0
Sink 30 SODDISFATTO. Flusso netto: 0.9799999999999986, Demand: 0.98, percentage: 99.99999999999987
Sink 31 SODDISFATTO. Flusso netto: 0.4, Demand: 0.4, percentage: 100.0
Sink 32 SODDISFATTO. Flusso netto: 0.9999999999999996, Demand: 1.0, percentage: 99.99999999999996
Sink 34 SODDISFATTO. Flusso netto: 1.74, Demand: 1.74, percentage: 100.0
Sink 35 SODDISFATTO. Flusso netto: 1.3, Demand: 1.3, percentage: 100.0
Sink 37 SODDISFATTO. Flusso netto: 1.0, Demand: 1.0, percentage: 100.0
Sink 39 SODDISFATTO. Flusso netto: 0.4, Demand: 0.4, percentage: 100.0
Sink 40 SODDISFATTO. Flusso netto: 0.5, Demand: 0.5, percentage: 100.0
Sink 41 SODDISFATTO. Flusso netto: 1.0599999999999996, Demand: 1.06, percentage: 99.99999999999996
Sink 42 SODDISFATTO. Flusso netto: 2.8200000000000003, Demand: 2.82, percentage: 100.00000000000003
Sink 45 SODDISFATTO. Flusso netto: 0.68, Demand: 0.68, percentage: 100.0
Sink 46 SODDISFATTO. Flusso netto: 1.17, Demand: 1.17, percentage: 100.0
Sink 49 non è soddisfatto. Flusso netto: 6.497999999999999, Demand: 7.0, percentage: 92.82857142857142
Flusso totale entrante nei SINK: 95.24200000000002
Flusso totale uscente nei SINK: 49.304
Flusso totale netto nei SINK: 45.93800000000002
Total DEMAND dei SINK: 46.44
Percentual di flusso ai SINK: 0.989190353143842
Numero di Sink soddisfatti: 24.0, numero totale di sink: 25.0
Percentuale di Sink soddisfatti: 0.96

---------------------------------- DAY 46

Update Fixed Elements from Intrinsic Faults
Update Fixed Elements from Heavy Faults
Update Fixed Elements from Attack
Propagate Intrinsic Fault
Node NODO_11 has still failing due to Intrinsic Fault
pipeline ARCO_3 still has reduced capacity: 9.688 due to Intrinsic Fault
pipeline ARCO_90 still has reduced capacity: 1.6 due to Intrinsic Fault
pipeline ARCO_91 still has reduced capacity: 9.688 due to Intrinsic Fault
pipeline ARCO_92 still has reduced capacity: 39.328 due to Intrinsic Fault
pipeline V_EDGE_53_9 still has reduced capacity: 5.68 due to Intrinsic Fault
pipeline ARCO_20 still has reduced capacity: 1.6 due to Intrinsic Fault
pipeline ARCO_21 still has reduced capacity: 9.688 due to Intrinsic Fault
pipeline ARCO_22 still has reduced capacity: 39.328 due to Intrinsic Fault
pipeline ARCO_73 still has reduced capacity: 9.688 due to Intrinsic Fault
Propagate Heavy Faults
Propagate Attacks
Inject Intrinsic Failure To Source
Inject Heavy Fault To Sources
Inject Attack Multiple To Source
Inject Intrinsic Fault To Pipeline
Inject Heavy Fault To Pipeline
Inject Attack To Pipeline
----------- Statistics ------------
	Sources Under Attack: 0
	Sources with Heavy Fault: 0
	Sources with Intrinsic Fault: 1
	Arcs with reduce capacity due to Attack: 0
	Arcs with reduce capacity due to Heavy Fault: 0
	Arcs with reduce capacity due to Intrinsic Fault: 9
	Arcs with Attacks: 0
	Arcs with Heavy Fault: 0
	Arcs with Intrinsic Fault: 0
--------- SOURCES STATISTICS ---------------
Demand del real Source[0]: -31.0, flusso erogato: 11.397999999999998, flusso entrante: 0.0, efficienza: 36.76774193548387 %
Demand del real Source[8]: -10.5, flusso erogato: 3.8600000000000003, flusso entrante: 0.0, efficienza: 36.76190476190476 %
Demand del real Source[9]: -7.1, flusso erogato: 16.077999999999996, flusso entrante: 10.397999999999998, efficienza: 226.45070422535207 %
Demand del real Source[17]: -25.0, flusso erogato: 25.000000000000007, flusso entrante: 0.0, efficienza: 100.00000000000003 %
Flusso totale entrante nei Real Source: 10.397999999999998
Flusso totale uscente dai Real Source: 56.336000000000006
Flusso netto sui real Source: -45.93800000000001
--- SINKS STATISTICS ---
Sink 3 SODDISFATTO. Flusso netto: 3.43, Demand: 3.43, percentage: 100.0
Sink 4 SODDISFATTO. Flusso netto: 0.5700000000000003, Demand: 0.57, percentage: 100.00000000000007
Sink 5 SODDISFATTO. Flusso netto: 0.6600000000000001, Demand: 0.66, percentage: 100.00000000000003
Sink 11 SODDISFATTO. Flusso netto: 1.03, Demand: 1.03, percentage: 100.0
Sink 15 SODDISFATTO. Flusso netto: 0.46, Demand: 0.46, percentage: 100.0
Sink 16 SODDISFATTO. Flusso netto: 8.400000000000002, Demand: 8.4, percentage: 100.00000000000003
Sink 19 SODDISFATTO. Flusso netto: 0.5399999999999991, Demand: 0.54, percentage: 99.99999999999983
Sink 23 SODDISFATTO. Flusso netto: 0.5999999999999999, Demand: 0.6, percentage: 99.99999999999997
Sink 24 SODDISFATTO. Flusso netto: 0.8, Demand: 0.8, percentage: 100.0
Sink 25 SODDISFATTO. Flusso netto: 3.5, Demand: 3.5, percentage: 100.0
Sink 26 SODDISFATTO. Flusso netto: 6.000000000000002, Demand: 6.0, percentage: 100.00000000000003
Sink 28 SODDISFATTO. Flusso netto: 0.4, Demand: 0.4, percentage: 100.0
Sink 30 SODDISFATTO. Flusso netto: 0.9799999999999986, Demand: 0.98, percentage: 99.99999999999987
Sink 31 SODDISFATTO. Flusso netto: 0.4, Demand: 0.4, percentage: 100.0
Sink 32 SODDISFATTO. Flusso netto: 0.9999999999999996, Demand: 1.0, percentage: 99.99999999999996
Sink 34 SODDISFATTO. Flusso netto: 1.74, Demand: 1.74, percentage: 100.0
Sink 35 SODDISFATTO. Flusso netto: 1.3, Demand: 1.3, percentage: 100.0
Sink 37 SODDISFATTO. Flusso netto: 1.0, Demand: 1.0, percentage: 100.0
Sink 39 SODDISFATTO. Flusso netto: 0.4, Demand: 0.4, percentage: 100.0
Sink 40 SODDISFATTO. Flusso netto: 0.5, Demand: 0.5, percentage: 100.0
Sink 41 SODDISFATTO. Flusso netto: 1.0599999999999996, Demand: 1.06, percentage: 99.99999999999996
Sink 42 SODDISFATTO. Flusso netto: 2.8200000000000003, Demand: 2.82, percentage: 100.00000000000003
Sink 45 SODDISFATTO. Flusso netto: 0.68, Demand: 0.68, percentage: 100.0
Sink 46 SODDISFATTO. Flusso netto: 1.17, Demand: 1.17, percentage: 100.0
Sink 49 non è soddisfatto. Flusso netto: 6.497999999999999, Demand: 7.0, percentage: 92.82857142857142
Flusso totale entrante nei SINK: 95.24200000000002
Flusso totale uscente nei SINK: 49.304
Flusso totale netto nei SINK: 45.93800000000002
Total DEMAND dei SINK: 46.44
Percentual di flusso ai SINK: 0.989190353143842
Numero di Sink soddisfatti: 24.0, numero totale di sink: 25.0
Percentuale di Sink soddisfatti: 0.96

---------------------------------- DAY 47

Update Fixed Elements from Intrinsic Faults
Update Fixed Elements from Heavy Faults
Update Fixed Elements from Attack
Propagate Intrinsic Fault
Node NODO_11 has still failing due to Intrinsic Fault
pipeline ARCO_3 still has reduced capacity: 9.688 due to Intrinsic Fault
pipeline ARCO_90 still has reduced capacity: 1.6 due to Intrinsic Fault
pipeline ARCO_91 still has reduced capacity: 9.688 due to Intrinsic Fault
pipeline ARCO_92 still has reduced capacity: 39.328 due to Intrinsic Fault
pipeline V_EDGE_53_9 still has reduced capacity: 5.68 due to Intrinsic Fault
pipeline ARCO_20 still has reduced capacity: 1.6 due to Intrinsic Fault
pipeline ARCO_21 still has reduced capacity: 9.688 due to Intrinsic Fault
pipeline ARCO_22 still has reduced capacity: 39.328 due to Intrinsic Fault
pipeline ARCO_73 still has reduced capacity: 9.688 due to Intrinsic Fault
Propagate Heavy Faults
Propagate Attacks
Inject Intrinsic Failure To Source
Inject Heavy Fault To Sources
Inject Attack Multiple To Source
Inject Intrinsic Fault To Pipeline
Inject Heavy Fault To Pipeline
Inject Attack To Pipeline
----------- Statistics ------------
	Sources Under Attack: 0
	Sources with Heavy Fault: 0
	Sources with Intrinsic Fault: 1
	Arcs with reduce capacity due to Attack: 0
	Arcs with reduce capacity due to Heavy Fault: 0
	Arcs with reduce capacity due to Intrinsic Fault: 9
	Arcs with Attacks: 0
	Arcs with Heavy Fault: 0
	Arcs with Intrinsic Fault: 0
--------- SOURCES STATISTICS ---------------
Demand del real Source[0]: -31.0, flusso erogato: 11.397999999999998, flusso entrante: 0.0, efficienza: 36.76774193548387 %
Demand del real Source[8]: -10.5, flusso erogato: 3.8600000000000003, flusso entrante: 0.0, efficienza: 36.76190476190476 %
Demand del real Source[9]: -7.1, flusso erogato: 16.077999999999996, flusso entrante: 10.397999999999998, efficienza: 226.45070422535207 %
Demand del real Source[17]: -25.0, flusso erogato: 25.000000000000007, flusso entrante: 0.0, efficienza: 100.00000000000003 %
Flusso totale entrante nei Real Source: 10.397999999999998
Flusso totale uscente dai Real Source: 56.336000000000006
Flusso netto sui real Source: -45.93800000000001
--- SINKS STATISTICS ---
Sink 3 SODDISFATTO. Flusso netto: 3.43, Demand: 3.43, percentage: 100.0
Sink 4 SODDISFATTO. Flusso netto: 0.5700000000000003, Demand: 0.57, percentage: 100.00000000000007
Sink 5 SODDISFATTO. Flusso netto: 0.6600000000000001, Demand: 0.66, percentage: 100.00000000000003
Sink 11 SODDISFATTO. Flusso netto: 1.03, Demand: 1.03, percentage: 100.0
Sink 15 SODDISFATTO. Flusso netto: 0.46, Demand: 0.46, percentage: 100.0
Sink 16 SODDISFATTO. Flusso netto: 8.400000000000002, Demand: 8.4, percentage: 100.00000000000003
Sink 19 SODDISFATTO. Flusso netto: 0.5399999999999991, Demand: 0.54, percentage: 99.99999999999983
Sink 23 SODDISFATTO. Flusso netto: 0.5999999999999999, Demand: 0.6, percentage: 99.99999999999997
Sink 24 SODDISFATTO. Flusso netto: 0.8, Demand: 0.8, percentage: 100.0
Sink 25 SODDISFATTO. Flusso netto: 3.5, Demand: 3.5, percentage: 100.0
Sink 26 SODDISFATTO. Flusso netto: 6.000000000000002, Demand: 6.0, percentage: 100.00000000000003
Sink 28 SODDISFATTO. Flusso netto: 0.4, Demand: 0.4, percentage: 100.0
Sink 30 SODDISFATTO. Flusso netto: 0.9799999999999986, Demand: 0.98, percentage: 99.99999999999987
Sink 31 SODDISFATTO. Flusso netto: 0.4, Demand: 0.4, percentage: 100.0
Sink 32 SODDISFATTO. Flusso netto: 0.9999999999999996, Demand: 1.0, percentage: 99.99999999999996
Sink 34 SODDISFATTO. Flusso netto: 1.74, Demand: 1.74, percentage: 100.0
Sink 35 SODDISFATTO. Flusso netto: 1.3, Demand: 1.3, percentage: 100.0
Sink 37 SODDISFATTO. Flusso netto: 1.0, Demand: 1.0, percentage: 100.0
Sink 39 SODDISFATTO. Flusso netto: 0.4, Demand: 0.4, percentage: 100.0
Sink 40 SODDISFATTO. Flusso netto: 0.5, Demand: 0.5, percentage: 100.0
Sink 41 SODDISFATTO. Flusso netto: 1.0599999999999996, Demand: 1.06, percentage: 99.99999999999996
Sink 42 SODDISFATTO. Flusso netto: 2.8200000000000003, Demand: 2.82, percentage: 100.00000000000003
Sink 45 SODDISFATTO. Flusso netto: 0.68, Demand: 0.68, percentage: 100.0
Sink 46 SODDISFATTO. Flusso netto: 1.17, Demand: 1.17, percentage: 100.0
Sink 49 non è soddisfatto. Flusso netto: 6.497999999999999, Demand: 7.0, percentage: 92.82857142857142
Flusso totale entrante nei SINK: 95.24200000000002
Flusso totale uscente nei SINK: 49.304
Flusso totale netto nei SINK: 45.93800000000002
Total DEMAND dei SINK: 46.44
Percentual di flusso ai SINK: 0.989190353143842
Numero di Sink soddisfatti: 24.0, numero totale di sink: 25.0
Percentuale di Sink soddisfatti: 0.96

---------------------------------- DAY 48

Update Fixed Elements from Intrinsic Faults
Source NODO_11 fixed from Intrinsic Fault
Pipeline ARCO_3 fixed due to Source NODO_11 fixing from Intrinsic Fault
Pipeline ARCO_90 fixed due to Source NODO_11 fixing from Intrinsic Fault
Pipeline ARCO_91 fixed due to Source NODO_11 fixing from Intrinsic Fault
Pipeline ARCO_92 fixed due to Source NODO_11 fixing from Intrinsic Fault
Pipeline V_EDGE_53_9 fixed due to Source NODO_11 fixing from Intrinsic Fault
Pipeline ARCO_20 fixed due to Source NODO_11 fixing from Intrinsic Fault
Pipeline ARCO_21 fixed due to Source NODO_11 fixing from Intrinsic Fault
Pipeline ARCO_22 fixed due to Source NODO_11 fixing from Intrinsic Fault
Pipeline ARCO_73 fixed due to Source NODO_11 fixing from Intrinsic Fault
Update Fixed Elements from Heavy Faults
Update Fixed Elements from Attack
Propagate Intrinsic Fault
Propagate Heavy Faults
Propagate Attacks
Inject Intrinsic Failure To Source
Inject Heavy Fault To Sources
Inject Attack Multiple To Source
Inject Intrinsic Fault To Pipeline
Inject Heavy Fault To Pipeline
Inject Attack To Pipeline
----------- Statistics ------------
	Sources Under Attack: 0
	Sources with Heavy Fault: 0
	Sources with Intrinsic Fault: 0
	Arcs with reduce capacity due to Attack: 0
	Arcs with reduce capacity due to Heavy Fault: 0
	Arcs with reduce capacity due to Intrinsic Fault: 0
	Arcs with Attacks: 0
	Arcs with Heavy Fault: 0
	Arcs with Intrinsic Fault: 0
--------- SOURCES STATISTICS ---------------
Demand del real Source[0]: -31.0, flusso erogato: 10.129999999999997, flusso entrante: 0.0, efficienza: 32.6774193548387 %
Demand del real Source[8]: -10.5, flusso erogato: 3.8600000000000003, flusso entrante: 0.0, efficienza: 36.76190476190476 %
Demand del real Source[9]: -7.1, flusso erogato: 16.229999999999997, flusso entrante: 9.129999999999997, efficienza: 228.59154929577463 %
Demand del real Source[17]: -25.0, flusso erogato: 25.000000000000007, flusso entrante: 0.0, efficienza: 100.00000000000003 %
Flusso totale entrante nei Real Source: 9.129999999999997
Flusso totale uscente dai Real Source: 55.220000000000006
Flusso netto sui real Source: -46.09000000000001
--- SINKS STATISTICS ---
Sink 3 SODDISFATTO. Flusso netto: 3.43, Demand: 3.43, percentage: 100.0
Sink 4 SODDISFATTO. Flusso netto: 0.5700000000000003, Demand: 0.57, percentage: 100.00000000000007
Sink 5 SODDISFATTO. Flusso netto: 0.6600000000000001, Demand: 0.66, percentage: 100.00000000000003
Sink 11 SODDISFATTO. Flusso netto: 1.03, Demand: 1.03, percentage: 100.0
Sink 15 SODDISFATTO. Flusso netto: 0.46, Demand: 0.46, percentage: 100.0
Sink 16 SODDISFATTO. Flusso netto: 8.400000000000002, Demand: 8.4, percentage: 100.00000000000003
Sink 19 SODDISFATTO. Flusso netto: 0.5399999999999991, Demand: 0.54, percentage: 99.99999999999983
Sink 23 SODDISFATTO. Flusso netto: 0.5999999999999999, Demand: 0.6, percentage: 99.99999999999997
Sink 24 SODDISFATTO. Flusso netto: 0.8, Demand: 0.8, percentage: 100.0
Sink 25 SODDISFATTO. Flusso netto: 3.5, Demand: 3.5, percentage: 100.0
Sink 26 SODDISFATTO. Flusso netto: 6.000000000000002, Demand: 6.0, percentage: 100.00000000000003
Sink 28 SODDISFATTO. Flusso netto: 0.4, Demand: 0.4, percentage: 100.0
Sink 30 SODDISFATTO. Flusso netto: 0.9799999999999986, Demand: 0.98, percentage: 99.99999999999987
Sink 31 SODDISFATTO. Flusso netto: 0.4, Demand: 0.4, percentage: 100.0
Sink 32 SODDISFATTO. Flusso netto: 0.9999999999999996, Demand: 1.0, percentage: 99.99999999999996
Sink 34 SODDISFATTO. Flusso netto: 1.74, Demand: 1.74, percentage: 100.0
Sink 35 SODDISFATTO. Flusso netto: 1.3, Demand: 1.3, percentage: 100.0
Sink 37 SODDISFATTO. Flusso netto: 1.0, Demand: 1.0, percentage: 100.0
Sink 39 SODDISFATTO. Flusso netto: 0.4, Demand: 0.4, percentage: 100.0
Sink 40 SODDISFATTO. Flusso netto: 0.5, Demand: 0.5, percentage: 100.0
Sink 41 SODDISFATTO. Flusso netto: 1.06, Demand: 1.06, percentage: 100.0
Sink 42 SODDISFATTO. Flusso netto: 2.8199999999999994, Demand: 2.82, percentage: 99.99999999999999
Sink 45 SODDISFATTO. Flusso netto: 0.68, Demand: 0.68, percentage: 100.0
Sink 46 SODDISFATTO. Flusso netto: 1.17, Demand: 1.17, percentage: 100.0
Sink 49 non è soddisfatto. Flusso netto: 6.6499999999999995, Demand: 7.0, percentage: 95.0
Flusso totale entrante nei SINK: 92.61000000000001
Flusso totale uscente nei SINK: 46.52
Flusso totale netto nei SINK: 46.09000000000001
Total DEMAND dei SINK: 46.44
Percentual di flusso ai SINK: 0.9924633936261846
Numero di Sink soddisfatti: 24.0, numero totale di sink: 25.0
Percentuale di Sink soddisfatti: 0.96

---------------------------------- DAY 49

Update Fixed Elements from Intrinsic Faults
Update Fixed Elements from Heavy Faults
Update Fixed Elements from Attack
Propagate Intrinsic Fault
Propagate Heavy Faults
Propagate Attacks
Inject Intrinsic Failure To Source
Inject Heavy Fault To Sources
Inject Attack Multiple To Source
Inject Intrinsic Fault To Pipeline
Inject Heavy Fault To Pipeline
Inject Attack To Pipeline
----------- Statistics ------------
	Sources Under Attack: 0
	Sources with Heavy Fault: 0
	Sources with Intrinsic Fault: 0
	Arcs with reduce capacity due to Attack: 0
	Arcs with reduce capacity due to Heavy Fault: 0
	Arcs with reduce capacity due to Intrinsic Fault: 0
	Arcs with Attacks: 0
	Arcs with Heavy Fault: 0
	Arcs with Intrinsic Fault: 0
--------- SOURCES STATISTICS ---------------
Demand del real Source[0]: -31.0, flusso erogato: 10.129999999999997, flusso entrante: 0.0, efficienza: 32.6774193548387 %
Demand del real Source[8]: -10.5, flusso erogato: 3.8600000000000003, flusso entrante: 0.0, efficienza: 36.76190476190476 %
Demand del real Source[9]: -7.1, flusso erogato: 16.229999999999997, flusso entrante: 9.129999999999997, efficienza: 228.59154929577463 %
Demand del real Source[17]: -25.0, flusso erogato: 25.000000000000007, flusso entrante: 0.0, efficienza: 100.00000000000003 %
Flusso totale entrante nei Real Source: 9.129999999999997
Flusso totale uscente dai Real Source: 55.220000000000006
Flusso netto sui real Source: -46.09000000000001
--- SINKS STATISTICS ---
Sink 3 SODDISFATTO. Flusso netto: 3.43, Demand: 3.43, percentage: 100.0
Sink 4 SODDISFATTO. Flusso netto: 0.5700000000000003, Demand: 0.57, percentage: 100.00000000000007
Sink 5 SODDISFATTO. Flusso netto: 0.6600000000000001, Demand: 0.66, percentage: 100.00000000000003
Sink 11 SODDISFATTO. Flusso netto: 1.03, Demand: 1.03, percentage: 100.0
Sink 15 SODDISFATTO. Flusso netto: 0.46, Demand: 0.46, percentage: 100.0
Sink 16 SODDISFATTO. Flusso netto: 8.400000000000002, Demand: 8.4, percentage: 100.00000000000003
Sink 19 SODDISFATTO. Flusso netto: 0.5399999999999991, Demand: 0.54, percentage: 99.99999999999983
Sink 23 SODDISFATTO. Flusso netto: 0.5999999999999999, Demand: 0.6, percentage: 99.99999999999997
Sink 24 SODDISFATTO. Flusso netto: 0.8, Demand: 0.8, percentage: 100.0
Sink 25 SODDISFATTO. Flusso netto: 3.5, Demand: 3.5, percentage: 100.0
Sink 26 SODDISFATTO. Flusso netto: 6.000000000000002, Demand: 6.0, percentage: 100.00000000000003
Sink 28 SODDISFATTO. Flusso netto: 0.4, Demand: 0.4, percentage: 100.0
Sink 30 SODDISFATTO. Flusso netto: 0.9799999999999986, Demand: 0.98, percentage: 99.99999999999987
Sink 31 SODDISFATTO. Flusso netto: 0.4, Demand: 0.4, percentage: 100.0
Sink 32 SODDISFATTO. Flusso netto: 0.9999999999999996, Demand: 1.0, percentage: 99.99999999999996
Sink 34 SODDISFATTO. Flusso netto: 1.74, Demand: 1.74, percentage: 100.0
Sink 35 SODDISFATTO. Flusso netto: 1.3, Demand: 1.3, percentage: 100.0
Sink 37 SODDISFATTO. Flusso netto: 1.0, Demand: 1.0, percentage: 100.0
Sink 39 SODDISFATTO. Flusso netto: 0.4, Demand: 0.4, percentage: 100.0
Sink 40 SODDISFATTO. Flusso netto: 0.5, Demand: 0.5, percentage: 100.0
Sink 41 SODDISFATTO. Flusso netto: 1.06, Demand: 1.06, percentage: 100.0
Sink 42 SODDISFATTO. Flusso netto: 2.8199999999999994, Demand: 2.82, percentage: 99.99999999999999
Sink 45 SODDISFATTO. Flusso netto: 0.68, Demand: 0.68, percentage: 100.0
Sink 46 SODDISFATTO. Flusso netto: 1.17, Demand: 1.17, percentage: 100.0
Sink 49 non è soddisfatto. Flusso netto: 6.6499999999999995, Demand: 7.0, percentage: 95.0
Flusso totale entrante nei SINK: 92.61000000000001
Flusso totale uscente nei SINK: 46.52
Flusso totale netto nei SINK: 46.09000000000001
Total DEMAND dei SINK: 46.44
Percentual di flusso ai SINK: 0.9924633936261846
Numero di Sink soddisfatti: 24.0, numero totale di sink: 25.0
Percentuale di Sink soddisfatti: 0.96

---------------------------------- DAY 50

Update Fixed Elements from Intrinsic Faults
Update Fixed Elements from Heavy Faults
Update Fixed Elements from Attack
Propagate Intrinsic Fault
Propagate Heavy Faults
Propagate Attacks
Inject Intrinsic Failure To Source
Source NODO_2 is failing for an Intrinsic Fault in day: 50
pipeline ARCO_70 has reduced capacity due to NODO_2 Intrinsic fault
pipeline V_EDGE_53_0 has reduced capacity due to NODO_2 Intrinsic fault
pipeline ARCO_0 has reduced capacity due to NODO_2 Intrinsic fault
Source NODO_19 is failing for an Intrinsic Fault in day: 50
pipeline ARCO_35 has reduced capacity due to NODO_19 Intrinsic fault
pipeline ARCO_109 has reduced capacity due to NODO_19 Intrinsic fault
pipeline ARCO_110 has reduced capacity due to NODO_19 Intrinsic fault
pipeline V_EDGE_53_17 has reduced capacity due to NODO_19 Intrinsic fault
pipeline ARCO_39 has reduced capacity due to NODO_19 Intrinsic fault
pipeline ARCO_40 has reduced capacity due to NODO_19 Intrinsic fault
pipeline ARCO_105 has reduced capacity due to NODO_19 Intrinsic fault
Source NODO_10 is failing for an Intrinsic Fault in day: 50
pipeline ARCO_17 has reduced capacity due to NODO_10 Intrinsic fault
pipeline ARCO_88 has reduced capacity due to NODO_10 Intrinsic fault
pipeline ARCO_89 has reduced capacity due to NODO_10 Intrinsic fault
pipeline V_EDGE_53_8 has reduced capacity due to NODO_10 Intrinsic fault
pipeline ARCO_18 has reduced capacity due to NODO_10 Intrinsic fault
pipeline ARCO_19 has reduced capacity due to NODO_10 Intrinsic fault
pipeline ARCO_87 has reduced capacity due to NODO_10 Intrinsic fault
Inject Heavy Fault To Sources
Inject Attack Multiple To Source
Inject Intrinsic Fault To Pipeline
Inject Heavy Fault To Pipeline
Inject Attack To Pipeline
----------- Statistics ------------
	Sources Under Attack: 0
	Sources with Heavy Fault: 0
	Sources with Intrinsic Fault: 3
	Arcs with reduce capacity due to Attack: 0
	Arcs with reduce capacity due to Heavy Fault: 0
	Arcs with reduce capacity due to Intrinsic Fault: 17
	Arcs with Attacks: 0
	Arcs with Heavy Fault: 0
	Arcs with Intrinsic Fault: 0
--------- SOURCES STATISTICS ---------------
Demand del real Source[0]: -31.0, flusso erogato: 16.470000000000002, flusso entrante: 0.0, efficienza: 53.12903225806453 %
Demand del real Source[8]: -10.5, flusso erogato: 0.0, flusso entrante: 0.0, efficienza: 0.0 %
Demand del real Source[9]: -7.1, flusso erogato: 22.57, flusso entrante: 15.470000000000002, efficienza: 317.88732394366195 %
Demand del real Source[17]: -25.0, flusso erogato: 0.0, flusso entrante: 0.0, efficienza: 0.0 %
Flusso totale entrante nei Real Source: 15.470000000000002
Flusso totale uscente dai Real Source: 39.040000000000006
Flusso netto sui real Source: -23.570000000000004
--- SINKS STATISTICS ---
Sink 3 SODDISFATTO. Flusso netto: 3.43, Demand: 3.43, percentage: 100.0
Sink 4 SODDISFATTO. Flusso netto: 0.5700000000000003, Demand: 0.57, percentage: 100.00000000000007
Sink 5 SODDISFATTO. Flusso netto: 0.6599999999999997, Demand: 0.66, percentage: 99.99999999999994
Sink 11 SODDISFATTO. Flusso netto: 1.03, Demand: 1.03, percentage: 100.0
Sink 15 SODDISFATTO. Flusso netto: 0.45999999999999996, Demand: 0.46, percentage: 99.99999999999999
Sink 16 non è soddisfatto. Flusso netto: 2.83, Demand: 8.4, percentage: 33.69047619047619
Sink 19 non è soddisfatto. Flusso netto: 0.0, Demand: 0.54, percentage: 0.0
Sink 23 non è soddisfatto. Flusso netto: 0.0, Demand: 0.6, percentage: 0.0
Sink 24 non è soddisfatto. Flusso netto: 0.0, Demand: 0.8, percentage: 0.0
Sink 25 non è soddisfatto. Flusso netto: 0.0, Demand: 3.5, percentage: 0.0
Sink 26 non è soddisfatto. Flusso netto: 0.0, Demand: 6.0, percentage: 0.0
Sink 28 non è soddisfatto. Flusso netto: 0.0, Demand: 0.4, percentage: 0.0
Sink 30 non è soddisfatto. Flusso netto: 0.0, Demand: 0.98, percentage: 0.0
Sink 31 non è soddisfatto. Flusso netto: 0.0, Demand: 0.4, percentage: 0.0
Sink 32 SODDISFATTO. Flusso netto: 1.0000000000000009, Demand: 1.0, percentage: 100.00000000000009
Sink 34 SODDISFATTO. Flusso netto: 1.74, Demand: 1.74, percentage: 100.0
Sink 35 SODDISFATTO. Flusso netto: 1.3, Demand: 1.3, percentage: 100.0
Sink 37 SODDISFATTO. Flusso netto: 1.0, Demand: 1.0, percentage: 100.0
Sink 39 non è soddisfatto. Flusso netto: 0.0, Demand: 0.4, percentage: 0.0
Sink 40 non è soddisfatto. Flusso netto: 0.0, Demand: 0.5, percentage: 0.0
Sink 41 SODDISFATTO. Flusso netto: 1.0600000000000005, Demand: 1.06, percentage: 100.00000000000004
Sink 42 SODDISFATTO. Flusso netto: 2.8199999999999994, Demand: 2.82, percentage: 99.99999999999999
Sink 45 SODDISFATTO. Flusso netto: 0.68, Demand: 0.68, percentage: 100.0
Sink 46 SODDISFATTO. Flusso netto: 1.17, Demand: 1.17, percentage: 100.0
Sink 49 non è soddisfatto. Flusso netto: 3.82, Demand: 7.0, percentage: 54.57142857142857
Flusso totale entrante nei SINK: 50.23
Flusso totale uscente nei SINK: 26.66
Flusso totale netto nei SINK: 23.569999999999997
Total DEMAND dei SINK: 46.44
Percentual di flusso ai SINK: 0.5075366063738156
Numero di Sink soddisfatti: 13.0, numero totale di sink: 25.0
Percentuale di Sink soddisfatti: 0.52

---------------------------------- DAY 51

Update Fixed Elements from Intrinsic Faults
Update Fixed Elements from Heavy Faults
Update Fixed Elements from Attack
Propagate Intrinsic Fault
Node NODO_2 has still failing due to Intrinsic Fault
Node NODO_19 has still failing due to Intrinsic Fault
Node NODO_10 has still failing due to Intrinsic Fault
pipeline ARCO_70 still has reduced capacity: 24.8 due to Intrinsic Fault
pipeline V_EDGE_53_0 still has reduced capacity: 24.8 due to Intrinsic Fault
pipeline ARCO_0 still has reduced capacity: 24.8 due to Intrinsic Fault
pipeline ARCO_35 still has reduced capacity: 0.0 due to Intrinsic Fault
pipeline ARCO_109 still has reduced capacity: 0.0 due to Intrinsic Fault
pipeline ARCO_110 still has reduced capacity: 0.0 due to Intrinsic Fault
pipeline V_EDGE_53_17 still has reduced capacity: 0.0 due to Intrinsic Fault
pipeline ARCO_39 still has reduced capacity: 0.0 due to Intrinsic Fault
pipeline ARCO_40 still has reduced capacity: 0.0 due to Intrinsic Fault
pipeline ARCO_105 still has reduced capacity: 0.0 due to Intrinsic Fault
pipeline ARCO_17 still has reduced capacity: 0.0 due to Intrinsic Fault
pipeline ARCO_88 still has reduced capacity: 0.0 due to Intrinsic Fault
pipeline ARCO_89 still has reduced capacity: 0.0 due to Intrinsic Fault
pipeline V_EDGE_53_8 still has reduced capacity: 0.0 due to Intrinsic Fault
pipeline ARCO_18 still has reduced capacity: 0.0 due to Intrinsic Fault
pipeline ARCO_19 still has reduced capacity: 0.0 due to Intrinsic Fault
pipeline ARCO_87 still has reduced capacity: 0.0 due to Intrinsic Fault
Propagate Heavy Faults
Propagate Attacks
Inject Intrinsic Failure To Source
Source NODO_2 is failing for an Intrinsic Fault in day: 51
pipeline ARCO_70 has reduced capacity due to NODO_2 Intrinsic fault
pipeline V_EDGE_53_0 has reduced capacity due to NODO_2 Intrinsic fault
pipeline ARCO_0 has reduced capacity due to NODO_2 Intrinsic fault
Inject Heavy Fault To Sources
Inject Attack Multiple To Source
Inject Intrinsic Fault To Pipeline
Inject Heavy Fault To Pipeline
Inject Attack To Pipeline
----------- Statistics ------------
	Sources Under Attack: 0
	Sources with Heavy Fault: 0
	Sources with Intrinsic Fault: 3
	Arcs with reduce capacity due to Attack: 0
	Arcs with reduce capacity due to Heavy Fault: 0
	Arcs with reduce capacity due to Intrinsic Fault: 17
	Arcs with Attacks: 0
	Arcs with Heavy Fault: 0
	Arcs with Intrinsic Fault: 0
--------- SOURCES STATISTICS ---------------
Demand del real Source[0]: -31.0, flusso erogato: 16.470000000000002, flusso entrante: 0.0, efficienza: 53.12903225806453 %
Demand del real Source[8]: -10.5, flusso erogato: 0.0, flusso entrante: 0.0, efficienza: 0.0 %
Demand del real Source[9]: -7.1, flusso erogato: 22.57, flusso entrante: 15.470000000000002, efficienza: 317.88732394366195 %
Demand del real Source[17]: -25.0, flusso erogato: 0.0, flusso entrante: 0.0, efficienza: 0.0 %
Flusso totale entrante nei Real Source: 15.470000000000002
Flusso totale uscente dai Real Source: 39.040000000000006
Flusso netto sui real Source: -23.570000000000004
--- SINKS STATISTICS ---
Sink 3 SODDISFATTO. Flusso netto: 3.43, Demand: 3.43, percentage: 100.0
Sink 4 SODDISFATTO. Flusso netto: 0.5700000000000003, Demand: 0.57, percentage: 100.00000000000007
Sink 5 SODDISFATTO. Flusso netto: 0.6599999999999997, Demand: 0.66, percentage: 99.99999999999994
Sink 11 SODDISFATTO. Flusso netto: 1.03, Demand: 1.03, percentage: 100.0
Sink 15 SODDISFATTO. Flusso netto: 0.45999999999999996, Demand: 0.46, percentage: 99.99999999999999
Sink 16 non è soddisfatto. Flusso netto: 2.83, Demand: 8.4, percentage: 33.69047619047619
Sink 19 non è soddisfatto. Flusso netto: 0.0, Demand: 0.54, percentage: 0.0
Sink 23 non è soddisfatto. Flusso netto: 0.0, Demand: 0.6, percentage: 0.0
Sink 24 non è soddisfatto. Flusso netto: 0.0, Demand: 0.8, percentage: 0.0
Sink 25 non è soddisfatto. Flusso netto: 0.0, Demand: 3.5, percentage: 0.0
Sink 26 non è soddisfatto. Flusso netto: 0.0, Demand: 6.0, percentage: 0.0
Sink 28 non è soddisfatto. Flusso netto: 0.0, Demand: 0.4, percentage: 0.0
Sink 30 non è soddisfatto. Flusso netto: 0.0, Demand: 0.98, percentage: 0.0
Sink 31 non è soddisfatto. Flusso netto: 0.0, Demand: 0.4, percentage: 0.0
Sink 32 SODDISFATTO. Flusso netto: 1.0000000000000009, Demand: 1.0, percentage: 100.00000000000009
Sink 34 SODDISFATTO. Flusso netto: 1.74, Demand: 1.74, percentage: 100.0
Sink 35 SODDISFATTO. Flusso netto: 1.3, Demand: 1.3, percentage: 100.0
Sink 37 SODDISFATTO. Flusso netto: 1.0, Demand: 1.0, percentage: 100.0
Sink 39 non è soddisfatto. Flusso netto: 0.0, Demand: 0.4, percentage: 0.0
Sink 40 non è soddisfatto. Flusso netto: 0.0, Demand: 0.5, percentage: 0.0
Sink 41 SODDISFATTO. Flusso netto: 1.0600000000000005, Demand: 1.06, percentage: 100.00000000000004
Sink 42 SODDISFATTO. Flusso netto: 2.8199999999999994, Demand: 2.82, percentage: 99.99999999999999
Sink 45 SODDISFATTO. Flusso netto: 0.68, Demand: 0.68, percentage: 100.0
Sink 46 SODDISFATTO. Flusso netto: 1.17, Demand: 1.17, percentage: 100.0
Sink 49 non è soddisfatto. Flusso netto: 3.82, Demand: 7.0, percentage: 54.57142857142857
Flusso totale entrante nei SINK: 50.23
Flusso totale uscente nei SINK: 26.66
Flusso totale netto nei SINK: 23.569999999999997
Total DEMAND dei SINK: 46.44
Percentual di flusso ai SINK: 0.5075366063738156
Numero di Sink soddisfatti: 13.0, numero totale di sink: 25.0
Percentuale di Sink soddisfatti: 0.52

---------------------------------- DAY 52

Update Fixed Elements from Intrinsic Faults
Update Fixed Elements from Heavy Faults
Update Fixed Elements from Attack
Propagate Intrinsic Fault
Node NODO_2 has still failing due to Intrinsic Fault
Node NODO_19 has still failing due to Intrinsic Fault
Node NODO_10 has still failing due to Intrinsic Fault
pipeline ARCO_70 still has reduced capacity: 24.8 due to Intrinsic Fault
pipeline V_EDGE_53_0 still has reduced capacity: 24.8 due to Intrinsic Fault
pipeline ARCO_0 still has reduced capacity: 24.8 due to Intrinsic Fault
pipeline ARCO_35 still has reduced capacity: 0.0 due to Intrinsic Fault
pipeline ARCO_109 still has reduced capacity: 0.0 due to Intrinsic Fault
pipeline ARCO_110 still has reduced capacity: 0.0 due to Intrinsic Fault
pipeline V_EDGE_53_17 still has reduced capacity: 0.0 due to Intrinsic Fault
pipeline ARCO_39 still has reduced capacity: 0.0 due to Intrinsic Fault
pipeline ARCO_40 still has reduced capacity: 0.0 due to Intrinsic Fault
pipeline ARCO_105 still has reduced capacity: 0.0 due to Intrinsic Fault
pipeline ARCO_17 still has reduced capacity: 0.0 due to Intrinsic Fault
pipeline ARCO_88 still has reduced capacity: 0.0 due to Intrinsic Fault
pipeline ARCO_89 still has reduced capacity: 0.0 due to Intrinsic Fault
pipeline V_EDGE_53_8 still has reduced capacity: 0.0 due to Intrinsic Fault
pipeline ARCO_18 still has reduced capacity: 0.0 due to Intrinsic Fault
pipeline ARCO_19 still has reduced capacity: 0.0 due to Intrinsic Fault
pipeline ARCO_87 still has reduced capacity: 0.0 due to Intrinsic Fault
Propagate Heavy Faults
Propagate Attacks
Inject Intrinsic Failure To Source
Inject Heavy Fault To Sources
Inject Attack Multiple To Source
Inject Intrinsic Fault To Pipeline
Inject Heavy Fault To Pipeline
Inject Attack To Pipeline
----------- Statistics ------------
	Sources Under Attack: 0
	Sources with Heavy Fault: 0
	Sources with Intrinsic Fault: 3
	Arcs with reduce capacity due to Attack: 0
	Arcs with reduce capacity due to Heavy Fault: 0
	Arcs with reduce capacity due to Intrinsic Fault: 17
	Arcs with Attacks: 0
	Arcs with Heavy Fault: 0
	Arcs with Intrinsic Fault: 0
--------- SOURCES STATISTICS ---------------
Demand del real Source[0]: -31.0, flusso erogato: 16.470000000000002, flusso entrante: 0.0, efficienza: 53.12903225806453 %
Demand del real Source[8]: -10.5, flusso erogato: 0.0, flusso entrante: 0.0, efficienza: 0.0 %
Demand del real Source[9]: -7.1, flusso erogato: 22.57, flusso entrante: 15.470000000000002, efficienza: 317.88732394366195 %
Demand del real Source[17]: -25.0, flusso erogato: 0.0, flusso entrante: 0.0, efficienza: 0.0 %
Flusso totale entrante nei Real Source: 15.470000000000002
Flusso totale uscente dai Real Source: 39.040000000000006
Flusso netto sui real Source: -23.570000000000004
--- SINKS STATISTICS ---
Sink 3 SODDISFATTO. Flusso netto: 3.43, Demand: 3.43, percentage: 100.0
Sink 4 SODDISFATTO. Flusso netto: 0.5700000000000003, Demand: 0.57, percentage: 100.00000000000007
Sink 5 SODDISFATTO. Flusso netto: 0.6599999999999997, Demand: 0.66, percentage: 99.99999999999994
Sink 11 SODDISFATTO. Flusso netto: 1.03, Demand: 1.03, percentage: 100.0
Sink 15 SODDISFATTO. Flusso netto: 0.45999999999999996, Demand: 0.46, percentage: 99.99999999999999
Sink 16 non è soddisfatto. Flusso netto: 2.83, Demand: 8.4, percentage: 33.69047619047619
Sink 19 non è soddisfatto. Flusso netto: 0.0, Demand: 0.54, percentage: 0.0
Sink 23 non è soddisfatto. Flusso netto: 0.0, Demand: 0.6, percentage: 0.0
Sink 24 non è soddisfatto. Flusso netto: 0.0, Demand: 0.8, percentage: 0.0
Sink 25 non è soddisfatto. Flusso netto: 0.0, Demand: 3.5, percentage: 0.0
Sink 26 non è soddisfatto. Flusso netto: 0.0, Demand: 6.0, percentage: 0.0
Sink 28 non è soddisfatto. Flusso netto: 0.0, Demand: 0.4, percentage: 0.0
Sink 30 non è soddisfatto. Flusso netto: 0.0, Demand: 0.98, percentage: 0.0
Sink 31 non è soddisfatto. Flusso netto: 0.0, Demand: 0.4, percentage: 0.0
Sink 32 SODDISFATTO. Flusso netto: 1.0000000000000009, Demand: 1.0, percentage: 100.00000000000009
Sink 34 SODDISFATTO. Flusso netto: 1.74, Demand: 1.74, percentage: 100.0
Sink 35 SODDISFATTO. Flusso netto: 1.3, Demand: 1.3, percentage: 100.0
Sink 37 SODDISFATTO. Flusso netto: 1.0, Demand: 1.0, percentage: 100.0
Sink 39 non è soddisfatto. Flusso netto: 0.0, Demand: 0.4, percentage: 0.0
Sink 40 non è soddisfatto. Flusso netto: 0.0, Demand: 0.5, percentage: 0.0
Sink 41 SODDISFATTO. Flusso netto: 1.0600000000000005, Demand: 1.06, percentage: 100.00000000000004
Sink 42 SODDISFATTO. Flusso netto: 2.8199999999999994, Demand: 2.82, percentage: 99.99999999999999
Sink 45 SODDISFATTO. Flusso netto: 0.68, Demand: 0.68, percentage: 100.0
Sink 46 SODDISFATTO. Flusso netto: 1.17, Demand: 1.17, percentage: 100.0
Sink 49 non è soddisfatto. Flusso netto: 3.82, Demand: 7.0, percentage: 54.57142857142857
Flusso totale entrante nei SINK: 50.23
Flusso totale uscente nei SINK: 26.66
Flusso totale netto nei SINK: 23.569999999999997
Total DEMAND dei SINK: 46.44
Percentual di flusso ai SINK: 0.5075366063738156
Numero di Sink soddisfatti: 13.0, numero totale di sink: 25.0
Percentuale di Sink soddisfatti: 0.52

---------------------------------- DAY 53

Update Fixed Elements from Intrinsic Faults
Source NODO_2 fixed from Intrinsic Fault
Pipeline ARCO_70 fixed due to Source NODO_2 fixing from Intrinsic Fault
Pipeline V_EDGE_53_0 fixed due to Source NODO_2 fixing from Intrinsic Fault
Pipeline ARCO_0 fixed due to Source NODO_2 fixing from Intrinsic Fault
Update Fixed Elements from Heavy Faults
Update Fixed Elements from Attack
Propagate Intrinsic Fault
Node NODO_19 has still failing due to Intrinsic Fault
Node NODO_10 has still failing due to Intrinsic Fault
pipeline ARCO_35 still has reduced capacity: 0.0 due to Intrinsic Fault
pipeline ARCO_109 still has reduced capacity: 0.0 due to Intrinsic Fault
pipeline ARCO_110 still has reduced capacity: 0.0 due to Intrinsic Fault
pipeline V_EDGE_53_17 still has reduced capacity: 0.0 due to Intrinsic Fault
pipeline ARCO_39 still has reduced capacity: 0.0 due to Intrinsic Fault
pipeline ARCO_40 still has reduced capacity: 0.0 due to Intrinsic Fault
pipeline ARCO_105 still has reduced capacity: 0.0 due to Intrinsic Fault
pipeline ARCO_17 still has reduced capacity: 0.0 due to Intrinsic Fault
pipeline ARCO_88 still has reduced capacity: 0.0 due to Intrinsic Fault
pipeline ARCO_89 still has reduced capacity: 0.0 due to Intrinsic Fault
pipeline V_EDGE_53_8 still has reduced capacity: 0.0 due to Intrinsic Fault
pipeline ARCO_18 still has reduced capacity: 0.0 due to Intrinsic Fault
pipeline ARCO_19 still has reduced capacity: 0.0 due to Intrinsic Fault
pipeline ARCO_87 still has reduced capacity: 0.0 due to Intrinsic Fault
Propagate Heavy Faults
Propagate Attacks
Inject Intrinsic Failure To Source
Inject Heavy Fault To Sources
Inject Attack Multiple To Source
Inject Intrinsic Fault To Pipeline
Inject Heavy Fault To Pipeline
Inject Attack To Pipeline
----------- Statistics ------------
	Sources Under Attack: 0
	Sources with Heavy Fault: 0
	Sources with Intrinsic Fault: 2
	Arcs with reduce capacity due to Attack: 0
	Arcs with reduce capacity due to Heavy Fault: 0
	Arcs with reduce capacity due to Intrinsic Fault: 14
	Arcs with Attacks: 0
	Arcs with Heavy Fault: 0
	Arcs with Intrinsic Fault: 0
--------- SOURCES STATISTICS ---------------
Demand del real Source[0]: -31.0, flusso erogato: 16.470000000000002, flusso entrante: 0.0, efficienza: 53.12903225806453 %
Demand del real Source[8]: -10.5, flusso erogato: 0.0, flusso entrante: 0.0, efficienza: 0.0 %
Demand del real Source[9]: -7.1, flusso erogato: 22.57, flusso entrante: 15.470000000000002, efficienza: 317.88732394366195 %
Demand del real Source[17]: -25.0, flusso erogato: 0.0, flusso entrante: 0.0, efficienza: 0.0 %
Flusso totale entrante nei Real Source: 15.470000000000002
Flusso totale uscente dai Real Source: 39.040000000000006
Flusso netto sui real Source: -23.570000000000004
--- SINKS STATISTICS ---
Sink 3 SODDISFATTO. Flusso netto: 3.43, Demand: 3.43, percentage: 100.0
Sink 4 SODDISFATTO. Flusso netto: 0.5700000000000003, Demand: 0.57, percentage: 100.00000000000007
Sink 5 SODDISFATTO. Flusso netto: 0.6599999999999997, Demand: 0.66, percentage: 99.99999999999994
Sink 11 SODDISFATTO. Flusso netto: 1.03, Demand: 1.03, percentage: 100.0
Sink 15 SODDISFATTO. Flusso netto: 0.45999999999999996, Demand: 0.46, percentage: 99.99999999999999
Sink 16 non è soddisfatto. Flusso netto: 2.83, Demand: 8.4, percentage: 33.69047619047619
Sink 19 non è soddisfatto. Flusso netto: 0.0, Demand: 0.54, percentage: 0.0
Sink 23 non è soddisfatto. Flusso netto: 0.0, Demand: 0.6, percentage: 0.0
Sink 24 non è soddisfatto. Flusso netto: 0.0, Demand: 0.8, percentage: 0.0
Sink 25 non è soddisfatto. Flusso netto: 0.0, Demand: 3.5, percentage: 0.0
Sink 26 non è soddisfatto. Flusso netto: 0.0, Demand: 6.0, percentage: 0.0
Sink 28 non è soddisfatto. Flusso netto: 0.0, Demand: 0.4, percentage: 0.0
Sink 30 non è soddisfatto. Flusso netto: 0.0, Demand: 0.98, percentage: 0.0
Sink 31 non è soddisfatto. Flusso netto: 0.0, Demand: 0.4, percentage: 0.0
Sink 32 SODDISFATTO. Flusso netto: 1.0000000000000009, Demand: 1.0, percentage: 100.00000000000009
Sink 34 SODDISFATTO. Flusso netto: 1.74, Demand: 1.74, percentage: 100.0
Sink 35 SODDISFATTO. Flusso netto: 1.3, Demand: 1.3, percentage: 100.0
Sink 37 SODDISFATTO. Flusso netto: 1.0, Demand: 1.0, percentage: 100.0
Sink 39 non è soddisfatto. Flusso netto: 0.0, Demand: 0.4, percentage: 0.0
Sink 40 non è soddisfatto. Flusso netto: 0.0, Demand: 0.5, percentage: 0.0
Sink 41 SODDISFATTO. Flusso netto: 1.0600000000000005, Demand: 1.06, percentage: 100.00000000000004
Sink 42 SODDISFATTO. Flusso netto: 2.8199999999999994, Demand: 2.82, percentage: 99.99999999999999
Sink 45 SODDISFATTO. Flusso netto: 0.68, Demand: 0.68, percentage: 100.0
Sink 46 SODDISFATTO. Flusso netto: 1.17, Demand: 1.17, percentage: 100.0
Sink 49 non è soddisfatto. Flusso netto: 3.82, Demand: 7.0, percentage: 54.57142857142857
Flusso totale entrante nei SINK: 50.23
Flusso totale uscente nei SINK: 26.66
Flusso totale netto nei SINK: 23.569999999999997
Total DEMAND dei SINK: 46.44
Percentual di flusso ai SINK: 0.5075366063738156
Numero di Sink soddisfatti: 13.0, numero totale di sink: 25.0
Percentuale di Sink soddisfatti: 0.52

---------------------------------- DAY 54

Update Fixed Elements from Intrinsic Faults
Source NODO_19 fixed from Intrinsic Fault
Pipeline ARCO_35 fixed due to Source NODO_19 fixing from Intrinsic Fault
Pipeline ARCO_109 fixed due to Source NODO_19 fixing from Intrinsic Fault
Pipeline ARCO_110 fixed due to Source NODO_19 fixing from Intrinsic Fault
Pipeline V_EDGE_53_17 fixed due to Source NODO_19 fixing from Intrinsic Fault
Pipeline ARCO_39 fixed due to Source NODO_19 fixing from Intrinsic Fault
Pipeline ARCO_40 fixed due to Source NODO_19 fixing from Intrinsic Fault
Pipeline ARCO_105 fixed due to Source NODO_19 fixing from Intrinsic Fault
Update Fixed Elements from Heavy Faults
Update Fixed Elements from Attack
Propagate Intrinsic Fault
Node NODO_10 has still failing due to Intrinsic Fault
pipeline ARCO_17 still has reduced capacity: 0.0 due to Intrinsic Fault
pipeline ARCO_88 still has reduced capacity: 0.0 due to Intrinsic Fault
pipeline ARCO_89 still has reduced capacity: 0.0 due to Intrinsic Fault
pipeline V_EDGE_53_8 still has reduced capacity: 0.0 due to Intrinsic Fault
pipeline ARCO_18 still has reduced capacity: 0.0 due to Intrinsic Fault
pipeline ARCO_19 still has reduced capacity: 0.0 due to Intrinsic Fault
pipeline ARCO_87 still has reduced capacity: 0.0 due to Intrinsic Fault
Propagate Heavy Faults
Propagate Attacks
Inject Intrinsic Failure To Source
Inject Heavy Fault To Sources
Inject Attack Multiple To Source
Inject Intrinsic Fault To Pipeline
Inject Heavy Fault To Pipeline
Inject Attack To Pipeline
----------- Statistics ------------
	Sources Under Attack: 0
	Sources with Heavy Fault: 0
	Sources with Intrinsic Fault: 1
	Arcs with reduce capacity due to Attack: 0
	Arcs with reduce capacity due to Heavy Fault: 0
	Arcs with reduce capacity due to Intrinsic Fault: 7
	Arcs with Attacks: 0
	Arcs with Heavy Fault: 0
	Arcs with Intrinsic Fault: 0
--------- SOURCES STATISTICS ---------------
Demand del real Source[0]: -31.0, flusso erogato: 11.159999999999998, flusso entrante: 0.0, efficienza: 35.99999999999999 %
Demand del real Source[8]: -10.5, flusso erogato: 0.0, flusso entrante: 0.0, efficienza: 0.0 %
Demand del real Source[9]: -7.1, flusso erogato: 17.259999999999998, flusso entrante: 10.159999999999998, efficienza: 243.09859154929575 %
Demand del real Source[17]: -25.0, flusso erogato: 25.000000000000007, flusso entrante: 0.0, efficienza: 100.00000000000003 %
Flusso totale entrante nei Real Source: 10.159999999999998
Flusso totale uscente dai Real Source: 53.42
Flusso netto sui real Source: -43.260000000000005
--- SINKS STATISTICS ---
Sink 3 SODDISFATTO. Flusso netto: 3.43, Demand: 3.43, percentage: 100.0
Sink 4 SODDISFATTO. Flusso netto: 0.5700000000000003, Demand: 0.57, percentage: 100.00000000000007
Sink 5 SODDISFATTO. Flusso netto: 0.6599999999999997, Demand: 0.66, percentage: 99.99999999999994
Sink 11 SODDISFATTO. Flusso netto: 1.03, Demand: 1.03, percentage: 100.0
Sink 15 SODDISFATTO. Flusso netto: 0.46, Demand: 0.46, percentage: 100.0
Sink 16 SODDISFATTO. Flusso netto: 8.400000000000002, Demand: 8.4, percentage: 100.00000000000003
Sink 19 SODDISFATTO. Flusso netto: 0.5399999999999991, Demand: 0.54, percentage: 99.99999999999983
Sink 23 SODDISFATTO. Flusso netto: 0.5999999999999999, Demand: 0.6, percentage: 99.99999999999997
Sink 24 SODDISFATTO. Flusso netto: 0.8, Demand: 0.8, percentage: 100.0
Sink 25 SODDISFATTO. Flusso netto: 3.5, Demand: 3.5, percentage: 100.0
Sink 26 SODDISFATTO. Flusso netto: 6.000000000000002, Demand: 6.0, percentage: 100.00000000000003
Sink 28 SODDISFATTO. Flusso netto: 0.4, Demand: 0.4, percentage: 100.0
Sink 30 SODDISFATTO. Flusso netto: 0.9799999999999986, Demand: 0.98, percentage: 99.99999999999987
Sink 31 SODDISFATTO. Flusso netto: 0.4, Demand: 0.4, percentage: 100.0
Sink 32 SODDISFATTO. Flusso netto: 0.9999999999999996, Demand: 1.0, percentage: 99.99999999999996
Sink 34 SODDISFATTO. Flusso netto: 1.74, Demand: 1.74, percentage: 100.0
Sink 35 SODDISFATTO. Flusso netto: 1.3, Demand: 1.3, percentage: 100.0
Sink 37 SODDISFATTO. Flusso netto: 1.0, Demand: 1.0, percentage: 100.0
Sink 39 SODDISFATTO. Flusso netto: 0.4, Demand: 0.4, percentage: 100.0
Sink 40 SODDISFATTO. Flusso netto: 0.5, Demand: 0.5, percentage: 100.0
Sink 41 SODDISFATTO. Flusso netto: 1.06, Demand: 1.06, percentage: 100.0
Sink 42 SODDISFATTO. Flusso netto: 2.8199999999999994, Demand: 2.82, percentage: 99.99999999999999
Sink 45 SODDISFATTO. Flusso netto: 0.68, Demand: 0.68, percentage: 100.0
Sink 46 SODDISFATTO. Flusso netto: 1.17, Demand: 1.17, percentage: 100.0
Sink 49 non è soddisfatto. Flusso netto: 3.82, Demand: 7.0, percentage: 54.57142857142857
Flusso totale entrante nei SINK: 89.12
Flusso totale uscente nei SINK: 45.86000000000001
Flusso totale netto nei SINK: 43.26
Total DEMAND dei SINK: 46.44
Percentual di flusso ai SINK: 0.9315245478036176
Numero di Sink soddisfatti: 24.0, numero totale di sink: 25.0
Percentuale di Sink soddisfatti: 0.96

---------------------------------- DAY 55

Update Fixed Elements from Intrinsic Faults
Source NODO_10 fixed from Intrinsic Fault
Pipeline ARCO_17 fixed due to Source NODO_10 fixing from Intrinsic Fault
Pipeline ARCO_88 fixed due to Source NODO_10 fixing from Intrinsic Fault
Pipeline ARCO_89 fixed due to Source NODO_10 fixing from Intrinsic Fault
Pipeline V_EDGE_53_8 fixed due to Source NODO_10 fixing from Intrinsic Fault
Pipeline ARCO_18 fixed due to Source NODO_10 fixing from Intrinsic Fault
Pipeline ARCO_19 fixed due to Source NODO_10 fixing from Intrinsic Fault
Pipeline ARCO_87 fixed due to Source NODO_10 fixing from Intrinsic Fault
Update Fixed Elements from Heavy Faults
Update Fixed Elements from Attack
Propagate Intrinsic Fault
Propagate Heavy Faults
Propagate Attacks
Inject Intrinsic Failure To Source
Inject Heavy Fault To Sources
Inject Attack Multiple To Source
Inject Intrinsic Fault To Pipeline
Inject Heavy Fault To Pipeline
Inject Attack To Pipeline
----------- Statistics ------------
	Sources Under Attack: 0
	Sources with Heavy Fault: 0
	Sources with Intrinsic Fault: 0
	Arcs with reduce capacity due to Attack: 0
	Arcs with reduce capacity due to Heavy Fault: 0
	Arcs with reduce capacity due to Intrinsic Fault: 0
	Arcs with Attacks: 0
	Arcs with Heavy Fault: 0
	Arcs with Intrinsic Fault: 0
--------- SOURCES STATISTICS ---------------
Demand del real Source[0]: -31.0, flusso erogato: 10.129999999999997, flusso entrante: 0.0, efficienza: 32.6774193548387 %
Demand del real Source[8]: -10.5, flusso erogato: 3.8600000000000003, flusso entrante: 0.0, efficienza: 36.76190476190476 %
Demand del real Source[9]: -7.1, flusso erogato: 16.229999999999997, flusso entrante: 9.129999999999997, efficienza: 228.59154929577463 %
Demand del real Source[17]: -25.0, flusso erogato: 25.000000000000007, flusso entrante: 0.0, efficienza: 100.00000000000003 %
Flusso totale entrante nei Real Source: 9.129999999999997
Flusso totale uscente dai Real Source: 55.220000000000006
Flusso netto sui real Source: -46.09000000000001
--- SINKS STATISTICS ---
Sink 3 SODDISFATTO. Flusso netto: 3.43, Demand: 3.43, percentage: 100.0
Sink 4 SODDISFATTO. Flusso netto: 0.5700000000000003, Demand: 0.57, percentage: 100.00000000000007
Sink 5 SODDISFATTO. Flusso netto: 0.6600000000000001, Demand: 0.66, percentage: 100.00000000000003
Sink 11 SODDISFATTO. Flusso netto: 1.03, Demand: 1.03, percentage: 100.0
Sink 15 SODDISFATTO. Flusso netto: 0.46, Demand: 0.46, percentage: 100.0
Sink 16 SODDISFATTO. Flusso netto: 8.400000000000002, Demand: 8.4, percentage: 100.00000000000003
Sink 19 SODDISFATTO. Flusso netto: 0.5399999999999991, Demand: 0.54, percentage: 99.99999999999983
Sink 23 SODDISFATTO. Flusso netto: 0.5999999999999999, Demand: 0.6, percentage: 99.99999999999997
Sink 24 SODDISFATTO. Flusso netto: 0.8, Demand: 0.8, percentage: 100.0
Sink 25 SODDISFATTO. Flusso netto: 3.5, Demand: 3.5, percentage: 100.0
Sink 26 SODDISFATTO. Flusso netto: 6.000000000000002, Demand: 6.0, percentage: 100.00000000000003
Sink 28 SODDISFATTO. Flusso netto: 0.4, Demand: 0.4, percentage: 100.0
Sink 30 SODDISFATTO. Flusso netto: 0.9799999999999986, Demand: 0.98, percentage: 99.99999999999987
Sink 31 SODDISFATTO. Flusso netto: 0.4, Demand: 0.4, percentage: 100.0
Sink 32 SODDISFATTO. Flusso netto: 0.9999999999999996, Demand: 1.0, percentage: 99.99999999999996
Sink 34 SODDISFATTO. Flusso netto: 1.74, Demand: 1.74, percentage: 100.0
Sink 35 SODDISFATTO. Flusso netto: 1.3, Demand: 1.3, percentage: 100.0
Sink 37 SODDISFATTO. Flusso netto: 1.0, Demand: 1.0, percentage: 100.0
Sink 39 SODDISFATTO. Flusso netto: 0.4, Demand: 0.4, percentage: 100.0
Sink 40 SODDISFATTO. Flusso netto: 0.5, Demand: 0.5, percentage: 100.0
Sink 41 SODDISFATTO. Flusso netto: 1.06, Demand: 1.06, percentage: 100.0
Sink 42 SODDISFATTO. Flusso netto: 2.8199999999999994, Demand: 2.82, percentage: 99.99999999999999
Sink 45 SODDISFATTO. Flusso netto: 0.68, Demand: 0.68, percentage: 100.0
Sink 46 SODDISFATTO. Flusso netto: 1.17, Demand: 1.17, percentage: 100.0
Sink 49 non è soddisfatto. Flusso netto: 6.6499999999999995, Demand: 7.0, percentage: 95.0
Flusso totale entrante nei SINK: 92.61000000000001
Flusso totale uscente nei SINK: 46.52
Flusso totale netto nei SINK: 46.09000000000001
Total DEMAND dei SINK: 46.44
Percentual di flusso ai SINK: 0.9924633936261846
Numero di Sink soddisfatti: 24.0, numero totale di sink: 25.0
Percentuale di Sink soddisfatti: 0.96

---------------------------------- DAY 56

Update Fixed Elements from Intrinsic Faults
Update Fixed Elements from Heavy Faults
Update Fixed Elements from Attack
Propagate Intrinsic Fault
Propagate Heavy Faults
Propagate Attacks
Inject Intrinsic Failure To Source
Source NODO_10 is failing for an Intrinsic Fault in day: 56
pipeline ARCO_17 has reduced capacity due to NODO_10 Intrinsic fault
pipeline ARCO_88 has reduced capacity due to NODO_10 Intrinsic fault
pipeline ARCO_89 has reduced capacity due to NODO_10 Intrinsic fault
pipeline V_EDGE_53_8 has reduced capacity due to NODO_10 Intrinsic fault
pipeline ARCO_18 has reduced capacity due to NODO_10 Intrinsic fault
pipeline ARCO_19 has reduced capacity due to NODO_10 Intrinsic fault
pipeline ARCO_87 has reduced capacity due to NODO_10 Intrinsic fault
Inject Heavy Fault To Sources
Inject Attack Multiple To Source
Inject Intrinsic Fault To Pipeline
Inject Heavy Fault To Pipeline
Inject Attack To Pipeline
----------- Statistics ------------
	Sources Under Attack: 0
	Sources with Heavy Fault: 0
	Sources with Intrinsic Fault: 1
	Arcs with reduce capacity due to Attack: 0
	Arcs with reduce capacity due to Heavy Fault: 0
	Arcs with reduce capacity due to Intrinsic Fault: 7
	Arcs with Attacks: 0
	Arcs with Heavy Fault: 0
	Arcs with Intrinsic Fault: 0
--------- SOURCES STATISTICS ---------------
Demand del real Source[0]: -31.0, flusso erogato: 11.159999999999998, flusso entrante: 0.0, efficienza: 35.99999999999999 %
Demand del real Source[8]: -10.5, flusso erogato: 0.0, flusso entrante: 0.0, efficienza: 0.0 %
Demand del real Source[9]: -7.1, flusso erogato: 17.259999999999998, flusso entrante: 10.159999999999998, efficienza: 243.09859154929575 %
Demand del real Source[17]: -25.0, flusso erogato: 25.000000000000007, flusso entrante: 0.0, efficienza: 100.00000000000003 %
Flusso totale entrante nei Real Source: 10.159999999999998
Flusso totale uscente dai Real Source: 53.42
Flusso netto sui real Source: -43.260000000000005
--- SINKS STATISTICS ---
Sink 3 SODDISFATTO. Flusso netto: 3.43, Demand: 3.43, percentage: 100.0
Sink 4 SODDISFATTO. Flusso netto: 0.5700000000000003, Demand: 0.57, percentage: 100.00000000000007
Sink 5 SODDISFATTO. Flusso netto: 0.6599999999999997, Demand: 0.66, percentage: 99.99999999999994
Sink 11 SODDISFATTO. Flusso netto: 1.03, Demand: 1.03, percentage: 100.0
Sink 15 SODDISFATTO. Flusso netto: 0.46, Demand: 0.46, percentage: 100.0
Sink 16 SODDISFATTO. Flusso netto: 8.400000000000002, Demand: 8.4, percentage: 100.00000000000003
Sink 19 SODDISFATTO. Flusso netto: 0.5399999999999991, Demand: 0.54, percentage: 99.99999999999983
Sink 23 SODDISFATTO. Flusso netto: 0.5999999999999999, Demand: 0.6, percentage: 99.99999999999997
Sink 24 SODDISFATTO. Flusso netto: 0.8, Demand: 0.8, percentage: 100.0
Sink 25 SODDISFATTO. Flusso netto: 3.5, Demand: 3.5, percentage: 100.0
Sink 26 SODDISFATTO. Flusso netto: 6.000000000000002, Demand: 6.0, percentage: 100.00000000000003
Sink 28 SODDISFATTO. Flusso netto: 0.4, Demand: 0.4, percentage: 100.0
Sink 30 SODDISFATTO. Flusso netto: 0.9799999999999986, Demand: 0.98, percentage: 99.99999999999987
Sink 31 SODDISFATTO. Flusso netto: 0.4, Demand: 0.4, percentage: 100.0
Sink 32 SODDISFATTO. Flusso netto: 0.9999999999999996, Demand: 1.0, percentage: 99.99999999999996
Sink 34 SODDISFATTO. Flusso netto: 1.74, Demand: 1.74, percentage: 100.0
Sink 35 SODDISFATTO. Flusso netto: 1.3, Demand: 1.3, percentage: 100.0
Sink 37 SODDISFATTO. Flusso netto: 1.0, Demand: 1.0, percentage: 100.0
Sink 39 SODDISFATTO. Flusso netto: 0.4, Demand: 0.4, percentage: 100.0
Sink 40 SODDISFATTO. Flusso netto: 0.5, Demand: 0.5, percentage: 100.0
Sink 41 SODDISFATTO. Flusso netto: 1.06, Demand: 1.06, percentage: 100.0
Sink 42 SODDISFATTO. Flusso netto: 2.8199999999999994, Demand: 2.82, percentage: 99.99999999999999
Sink 45 SODDISFATTO. Flusso netto: 0.68, Demand: 0.68, percentage: 100.0
Sink 46 SODDISFATTO. Flusso netto: 1.17, Demand: 1.17, percentage: 100.0
Sink 49 non è soddisfatto. Flusso netto: 3.82, Demand: 7.0, percentage: 54.57142857142857
Flusso totale entrante nei SINK: 89.12
Flusso totale uscente nei SINK: 45.86000000000001
Flusso totale netto nei SINK: 43.26
Total DEMAND dei SINK: 46.44
Percentual di flusso ai SINK: 0.9315245478036176
Numero di Sink soddisfatti: 24.0, numero totale di sink: 25.0
Percentuale di Sink soddisfatti: 0.96

---------------------------------- DAY 57

Update Fixed Elements from Intrinsic Faults
Update Fixed Elements from Heavy Faults
Update Fixed Elements from Attack
Propagate Intrinsic Fault
Node NODO_10 has still failing due to Intrinsic Fault
pipeline ARCO_17 still has reduced capacity: 0.0 due to Intrinsic Fault
pipeline ARCO_88 still has reduced capacity: 0.0 due to Intrinsic Fault
pipeline ARCO_89 still has reduced capacity: 0.0 due to Intrinsic Fault
pipeline V_EDGE_53_8 still has reduced capacity: 0.0 due to Intrinsic Fault
pipeline ARCO_18 still has reduced capacity: 0.0 due to Intrinsic Fault
pipeline ARCO_19 still has reduced capacity: 0.0 due to Intrinsic Fault
pipeline ARCO_87 still has reduced capacity: 0.0 due to Intrinsic Fault
Propagate Heavy Faults
Propagate Attacks
Inject Intrinsic Failure To Source
Source NODO_2 is failing for an Intrinsic Fault in day: 57
pipeline ARCO_70 has reduced capacity due to NODO_2 Intrinsic fault
pipeline V_EDGE_53_0 has reduced capacity due to NODO_2 Intrinsic fault
pipeline ARCO_0 has reduced capacity due to NODO_2 Intrinsic fault
Inject Heavy Fault To Sources
Inject Attack Multiple To Source
Inject Intrinsic Fault To Pipeline
Inject Heavy Fault To Pipeline
Inject Attack To Pipeline
----------- Statistics ------------
	Sources Under Attack: 0
	Sources with Heavy Fault: 0
	Sources with Intrinsic Fault: 2
	Arcs with reduce capacity due to Attack: 0
	Arcs with reduce capacity due to Heavy Fault: 0
	Arcs with reduce capacity due to Intrinsic Fault: 10
	Arcs with Attacks: 0
	Arcs with Heavy Fault: 0
	Arcs with Intrinsic Fault: 0
--------- SOURCES STATISTICS ---------------
Demand del real Source[0]: -31.0, flusso erogato: 11.159999999999998, flusso entrante: 0.0, efficienza: 35.99999999999999 %
Demand del real Source[8]: -10.5, flusso erogato: 0.0, flusso entrante: 0.0, efficienza: 0.0 %
Demand del real Source[9]: -7.1, flusso erogato: 17.259999999999998, flusso entrante: 10.159999999999998, efficienza: 243.09859154929575 %
Demand del real Source[17]: -25.0, flusso erogato: 25.000000000000007, flusso entrante: 0.0, efficienza: 100.00000000000003 %
Flusso totale entrante nei Real Source: 10.159999999999998
Flusso totale uscente dai Real Source: 53.42
Flusso netto sui real Source: -43.260000000000005
--- SINKS STATISTICS ---
Sink 3 SODDISFATTO. Flusso netto: 3.43, Demand: 3.43, percentage: 100.0
Sink 4 SODDISFATTO. Flusso netto: 0.5700000000000003, Demand: 0.57, percentage: 100.00000000000007
Sink 5 SODDISFATTO. Flusso netto: 0.6599999999999997, Demand: 0.66, percentage: 99.99999999999994
Sink 11 SODDISFATTO. Flusso netto: 1.03, Demand: 1.03, percentage: 100.0
Sink 15 SODDISFATTO. Flusso netto: 0.46, Demand: 0.46, percentage: 100.0
Sink 16 SODDISFATTO. Flusso netto: 8.400000000000002, Demand: 8.4, percentage: 100.00000000000003
Sink 19 SODDISFATTO. Flusso netto: 0.5399999999999991, Demand: 0.54, percentage: 99.99999999999983
Sink 23 SODDISFATTO. Flusso netto: 0.5999999999999999, Demand: 0.6, percentage: 99.99999999999997
Sink 24 SODDISFATTO. Flusso netto: 0.8, Demand: 0.8, percentage: 100.0
Sink 25 SODDISFATTO. Flusso netto: 3.5, Demand: 3.5, percentage: 100.0
Sink 26 SODDISFATTO. Flusso netto: 6.000000000000002, Demand: 6.0, percentage: 100.00000000000003
Sink 28 SODDISFATTO. Flusso netto: 0.4, Demand: 0.4, percentage: 100.0
Sink 30 SODDISFATTO. Flusso netto: 0.9799999999999986, Demand: 0.98, percentage: 99.99999999999987
Sink 31 SODDISFATTO. Flusso netto: 0.4, Demand: 0.4, percentage: 100.0
Sink 32 SODDISFATTO. Flusso netto: 0.9999999999999996, Demand: 1.0, percentage: 99.99999999999996
Sink 34 SODDISFATTO. Flusso netto: 1.74, Demand: 1.74, percentage: 100.0
Sink 35 SODDISFATTO. Flusso netto: 1.3, Demand: 1.3, percentage: 100.0
Sink 37 SODDISFATTO. Flusso netto: 1.0, Demand: 1.0, percentage: 100.0
Sink 39 SODDISFATTO. Flusso netto: 0.4, Demand: 0.4, percentage: 100.0
Sink 40 SODDISFATTO. Flusso netto: 0.5, Demand: 0.5, percentage: 100.0
Sink 41 SODDISFATTO. Flusso netto: 1.06, Demand: 1.06, percentage: 100.0
Sink 42 SODDISFATTO. Flusso netto: 2.8199999999999994, Demand: 2.82, percentage: 99.99999999999999
Sink 45 SODDISFATTO. Flusso netto: 0.68, Demand: 0.68, percentage: 100.0
Sink 46 SODDISFATTO. Flusso netto: 1.17, Demand: 1.17, percentage: 100.0
Sink 49 non è soddisfatto. Flusso netto: 3.82, Demand: 7.0, percentage: 54.57142857142857
Flusso totale entrante nei SINK: 89.12
Flusso totale uscente nei SINK: 45.86000000000001
Flusso totale netto nei SINK: 43.26
Total DEMAND dei SINK: 46.44
Percentual di flusso ai SINK: 0.9315245478036176
Numero di Sink soddisfatti: 24.0, numero totale di sink: 25.0
Percentuale di Sink soddisfatti: 0.96

---------------------------------- DAY 58

Update Fixed Elements from Intrinsic Faults
Update Fixed Elements from Heavy Faults
Update Fixed Elements from Attack
Propagate Intrinsic Fault
Node NODO_10 has still failing due to Intrinsic Fault
Node NODO_2 has still failing due to Intrinsic Fault
pipeline ARCO_17 still has reduced capacity: 0.0 due to Intrinsic Fault
pipeline ARCO_88 still has reduced capacity: 0.0 due to Intrinsic Fault
pipeline ARCO_89 still has reduced capacity: 0.0 due to Intrinsic Fault
pipeline V_EDGE_53_8 still has reduced capacity: 0.0 due to Intrinsic Fault
pipeline ARCO_18 still has reduced capacity: 0.0 due to Intrinsic Fault
pipeline ARCO_19 still has reduced capacity: 0.0 due to Intrinsic Fault
pipeline ARCO_87 still has reduced capacity: 0.0 due to Intrinsic Fault
pipeline ARCO_70 still has reduced capacity: 24.8 due to Intrinsic Fault
pipeline V_EDGE_53_0 still has reduced capacity: 24.8 due to Intrinsic Fault
pipeline ARCO_0 still has reduced capacity: 24.8 due to Intrinsic Fault
Propagate Heavy Faults
Propagate Attacks
Inject Intrinsic Failure To Source
Inject Heavy Fault To Sources
Inject Attack Multiple To Source
Inject Intrinsic Fault To Pipeline
Inject Heavy Fault To Pipeline
Inject Attack To Pipeline
----------- Statistics ------------
	Sources Under Attack: 0
	Sources with Heavy Fault: 0
	Sources with Intrinsic Fault: 2
	Arcs with reduce capacity due to Attack: 0
	Arcs with reduce capacity due to Heavy Fault: 0
	Arcs with reduce capacity due to Intrinsic Fault: 10
	Arcs with Attacks: 0
	Arcs with Heavy Fault: 0
	Arcs with Intrinsic Fault: 0
--------- SOURCES STATISTICS ---------------
Demand del real Source[0]: -31.0, flusso erogato: 11.159999999999998, flusso entrante: 0.0, efficienza: 35.99999999999999 %
Demand del real Source[8]: -10.5, flusso erogato: 0.0, flusso entrante: 0.0, efficienza: 0.0 %
Demand del real Source[9]: -7.1, flusso erogato: 17.259999999999998, flusso entrante: 10.159999999999998, efficienza: 243.09859154929575 %
Demand del real Source[17]: -25.0, flusso erogato: 25.000000000000007, flusso entrante: 0.0, efficienza: 100.00000000000003 %
Flusso totale entrante nei Real Source: 10.159999999999998
Flusso totale uscente dai Real Source: 53.42
Flusso netto sui real Source: -43.260000000000005
--- SINKS STATISTICS ---
Sink 3 SODDISFATTO. Flusso netto: 3.43, Demand: 3.43, percentage: 100.0
Sink 4 SODDISFATTO. Flusso netto: 0.5700000000000003, Demand: 0.57, percentage: 100.00000000000007
Sink 5 SODDISFATTO. Flusso netto: 0.6599999999999997, Demand: 0.66, percentage: 99.99999999999994
Sink 11 SODDISFATTO. Flusso netto: 1.03, Demand: 1.03, percentage: 100.0
Sink 15 SODDISFATTO. Flusso netto: 0.46, Demand: 0.46, percentage: 100.0
Sink 16 SODDISFATTO. Flusso netto: 8.400000000000002, Demand: 8.4, percentage: 100.00000000000003
Sink 19 SODDISFATTO. Flusso netto: 0.5399999999999991, Demand: 0.54, percentage: 99.99999999999983
Sink 23 SODDISFATTO. Flusso netto: 0.5999999999999999, Demand: 0.6, percentage: 99.99999999999997
Sink 24 SODDISFATTO. Flusso netto: 0.8, Demand: 0.8, percentage: 100.0
Sink 25 SODDISFATTO. Flusso netto: 3.5, Demand: 3.5, percentage: 100.0
Sink 26 SODDISFATTO. Flusso netto: 6.000000000000002, Demand: 6.0, percentage: 100.00000000000003
Sink 28 SODDISFATTO. Flusso netto: 0.4, Demand: 0.4, percentage: 100.0
Sink 30 SODDISFATTO. Flusso netto: 0.9799999999999986, Demand: 0.98, percentage: 99.99999999999987
Sink 31 SODDISFATTO. Flusso netto: 0.4, Demand: 0.4, percentage: 100.0
Sink 32 SODDISFATTO. Flusso netto: 0.9999999999999996, Demand: 1.0, percentage: 99.99999999999996
Sink 34 SODDISFATTO. Flusso netto: 1.74, Demand: 1.74, percentage: 100.0
Sink 35 SODDISFATTO. Flusso netto: 1.3, Demand: 1.3, percentage: 100.0
Sink 37 SODDISFATTO. Flusso netto: 1.0, Demand: 1.0, percentage: 100.0
Sink 39 SODDISFATTO. Flusso netto: 0.4, Demand: 0.4, percentage: 100.0
Sink 40 SODDISFATTO. Flusso netto: 0.5, Demand: 0.5, percentage: 100.0
Sink 41 SODDISFATTO. Flusso netto: 1.06, Demand: 1.06, percentage: 100.0
Sink 42 SODDISFATTO. Flusso netto: 2.8199999999999994, Demand: 2.82, percentage: 99.99999999999999
Sink 45 SODDISFATTO. Flusso netto: 0.68, Demand: 0.68, percentage: 100.0
Sink 46 SODDISFATTO. Flusso netto: 1.17, Demand: 1.17, percentage: 100.0
Sink 49 non è soddisfatto. Flusso netto: 3.82, Demand: 7.0, percentage: 54.57142857142857
Flusso totale entrante nei SINK: 89.12
Flusso totale uscente nei SINK: 45.86000000000001
Flusso totale netto nei SINK: 43.26
Total DEMAND dei SINK: 46.44
Percentual di flusso ai SINK: 0.9315245478036176
Numero di Sink soddisfatti: 24.0, numero totale di sink: 25.0
Percentuale di Sink soddisfatti: 0.96

---------------------------------- DAY 59

Update Fixed Elements from Intrinsic Faults
Update Fixed Elements from Heavy Faults
Update Fixed Elements from Attack
Propagate Intrinsic Fault
Node NODO_10 has still failing due to Intrinsic Fault
Node NODO_2 has still failing due to Intrinsic Fault
pipeline ARCO_17 still has reduced capacity: 0.0 due to Intrinsic Fault
pipeline ARCO_88 still has reduced capacity: 0.0 due to Intrinsic Fault
pipeline ARCO_89 still has reduced capacity: 0.0 due to Intrinsic Fault
pipeline V_EDGE_53_8 still has reduced capacity: 0.0 due to Intrinsic Fault
pipeline ARCO_18 still has reduced capacity: 0.0 due to Intrinsic Fault
pipeline ARCO_19 still has reduced capacity: 0.0 due to Intrinsic Fault
pipeline ARCO_87 still has reduced capacity: 0.0 due to Intrinsic Fault
pipeline ARCO_70 still has reduced capacity: 24.8 due to Intrinsic Fault
pipeline V_EDGE_53_0 still has reduced capacity: 24.8 due to Intrinsic Fault
pipeline ARCO_0 still has reduced capacity: 24.8 due to Intrinsic Fault
Propagate Heavy Faults
Propagate Attacks
Inject Intrinsic Failure To Source
Inject Heavy Fault To Sources
Inject Attack Multiple To Source
Inject Intrinsic Fault To Pipeline
Inject Heavy Fault To Pipeline
Inject Attack To Pipeline
----------- Statistics ------------
	Sources Under Attack: 0
	Sources with Heavy Fault: 0
	Sources with Intrinsic Fault: 2
	Arcs with reduce capacity due to Attack: 0
	Arcs with reduce capacity due to Heavy Fault: 0
	Arcs with reduce capacity due to Intrinsic Fault: 10
	Arcs with Attacks: 0
	Arcs with Heavy Fault: 0
	Arcs with Intrinsic Fault: 0
--------- SOURCES STATISTICS ---------------
Demand del real Source[0]: -31.0, flusso erogato: 11.159999999999998, flusso entrante: 0.0, efficienza: 35.99999999999999 %
Demand del real Source[8]: -10.5, flusso erogato: 0.0, flusso entrante: 0.0, efficienza: 0.0 %
Demand del real Source[9]: -7.1, flusso erogato: 17.259999999999998, flusso entrante: 10.159999999999998, efficienza: 243.09859154929575 %
Demand del real Source[17]: -25.0, flusso erogato: 25.000000000000007, flusso entrante: 0.0, efficienza: 100.00000000000003 %
Flusso totale entrante nei Real Source: 10.159999999999998
Flusso totale uscente dai Real Source: 53.42
Flusso netto sui real Source: -43.260000000000005
--- SINKS STATISTICS ---
Sink 3 SODDISFATTO. Flusso netto: 3.43, Demand: 3.43, percentage: 100.0
Sink 4 SODDISFATTO. Flusso netto: 0.5700000000000003, Demand: 0.57, percentage: 100.00000000000007
Sink 5 SODDISFATTO. Flusso netto: 0.6599999999999997, Demand: 0.66, percentage: 99.99999999999994
Sink 11 SODDISFATTO. Flusso netto: 1.03, Demand: 1.03, percentage: 100.0
Sink 15 SODDISFATTO. Flusso netto: 0.46, Demand: 0.46, percentage: 100.0
Sink 16 SODDISFATTO. Flusso netto: 8.400000000000002, Demand: 8.4, percentage: 100.00000000000003
Sink 19 SODDISFATTO. Flusso netto: 0.5399999999999991, Demand: 0.54, percentage: 99.99999999999983
Sink 23 SODDISFATTO. Flusso netto: 0.5999999999999999, Demand: 0.6, percentage: 99.99999999999997
Sink 24 SODDISFATTO. Flusso netto: 0.8, Demand: 0.8, percentage: 100.0
Sink 25 SODDISFATTO. Flusso netto: 3.5, Demand: 3.5, percentage: 100.0
Sink 26 SODDISFATTO. Flusso netto: 6.000000000000002, Demand: 6.0, percentage: 100.00000000000003
Sink 28 SODDISFATTO. Flusso netto: 0.4, Demand: 0.4, percentage: 100.0
Sink 30 SODDISFATTO. Flusso netto: 0.9799999999999986, Demand: 0.98, percentage: 99.99999999999987
Sink 31 SODDISFATTO. Flusso netto: 0.4, Demand: 0.4, percentage: 100.0
Sink 32 SODDISFATTO. Flusso netto: 0.9999999999999996, Demand: 1.0, percentage: 99.99999999999996
Sink 34 SODDISFATTO. Flusso netto: 1.74, Demand: 1.74, percentage: 100.0
Sink 35 SODDISFATTO. Flusso netto: 1.3, Demand: 1.3, percentage: 100.0
Sink 37 SODDISFATTO. Flusso netto: 1.0, Demand: 1.0, percentage: 100.0
Sink 39 SODDISFATTO. Flusso netto: 0.4, Demand: 0.4, percentage: 100.0
Sink 40 SODDISFATTO. Flusso netto: 0.5, Demand: 0.5, percentage: 100.0
Sink 41 SODDISFATTO. Flusso netto: 1.06, Demand: 1.06, percentage: 100.0
Sink 42 SODDISFATTO. Flusso netto: 2.8199999999999994, Demand: 2.82, percentage: 99.99999999999999
Sink 45 SODDISFATTO. Flusso netto: 0.68, Demand: 0.68, percentage: 100.0
Sink 46 SODDISFATTO. Flusso netto: 1.17, Demand: 1.17, percentage: 100.0
Sink 49 non è soddisfatto. Flusso netto: 3.82, Demand: 7.0, percentage: 54.57142857142857
Flusso totale entrante nei SINK: 89.12
Flusso totale uscente nei SINK: 45.86000000000001
Flusso totale netto nei SINK: 43.26
Total DEMAND dei SINK: 46.44
Percentual di flusso ai SINK: 0.9315245478036176
Numero di Sink soddisfatti: 24.0, numero totale di sink: 25.0
Percentuale di Sink soddisfatti: 0.96

---------------------------------- DAY 60

Update Fixed Elements from Intrinsic Faults
Source NODO_2 fixed from Intrinsic Fault
Pipeline ARCO_70 fixed due to Source NODO_2 fixing from Intrinsic Fault
Pipeline V_EDGE_53_0 fixed due to Source NODO_2 fixing from Intrinsic Fault
Pipeline ARCO_0 fixed due to Source NODO_2 fixing from Intrinsic Fault
Update Fixed Elements from Heavy Faults
Update Fixed Elements from Attack
Propagate Intrinsic Fault
Node NODO_10 has still failing due to Intrinsic Fault
pipeline ARCO_17 still has reduced capacity: 0.0 due to Intrinsic Fault
pipeline ARCO_88 still has reduced capacity: 0.0 due to Intrinsic Fault
pipeline ARCO_89 still has reduced capacity: 0.0 due to Intrinsic Fault
pipeline V_EDGE_53_8 still has reduced capacity: 0.0 due to Intrinsic Fault
pipeline ARCO_18 still has reduced capacity: 0.0 due to Intrinsic Fault
pipeline ARCO_19 still has reduced capacity: 0.0 due to Intrinsic Fault
pipeline ARCO_87 still has reduced capacity: 0.0 due to Intrinsic Fault
Propagate Heavy Faults
Propagate Attacks
Inject Intrinsic Failure To Source
Inject Heavy Fault To Sources
Inject Attack Multiple To Source
Inject Intrinsic Fault To Pipeline
Inject Heavy Fault To Pipeline
Inject Attack To Pipeline
----------- Statistics ------------
	Sources Under Attack: 0
	Sources with Heavy Fault: 0
	Sources with Intrinsic Fault: 1
	Arcs with reduce capacity due to Attack: 0
	Arcs with reduce capacity due to Heavy Fault: 0
	Arcs with reduce capacity due to Intrinsic Fault: 7
	Arcs with Attacks: 0
	Arcs with Heavy Fault: 0
	Arcs with Intrinsic Fault: 0
--------- SOURCES STATISTICS ---------------
Demand del real Source[0]: -31.0, flusso erogato: 11.159999999999998, flusso entrante: 0.0, efficienza: 35.99999999999999 %
Demand del real Source[8]: -10.5, flusso erogato: 0.0, flusso entrante: 0.0, efficienza: 0.0 %
Demand del real Source[9]: -7.1, flusso erogato: 17.259999999999998, flusso entrante: 10.159999999999998, efficienza: 243.09859154929575 %
Demand del real Source[17]: -25.0, flusso erogato: 25.000000000000007, flusso entrante: 0.0, efficienza: 100.00000000000003 %
Flusso totale entrante nei Real Source: 10.159999999999998
Flusso totale uscente dai Real Source: 53.42
Flusso netto sui real Source: -43.260000000000005
--- SINKS STATISTICS ---
Sink 3 SODDISFATTO. Flusso netto: 3.43, Demand: 3.43, percentage: 100.0
Sink 4 SODDISFATTO. Flusso netto: 0.5700000000000003, Demand: 0.57, percentage: 100.00000000000007
Sink 5 SODDISFATTO. Flusso netto: 0.6599999999999997, Demand: 0.66, percentage: 99.99999999999994
Sink 11 SODDISFATTO. Flusso netto: 1.03, Demand: 1.03, percentage: 100.0
Sink 15 SODDISFATTO. Flusso netto: 0.46, Demand: 0.46, percentage: 100.0
Sink 16 SODDISFATTO. Flusso netto: 8.400000000000002, Demand: 8.4, percentage: 100.00000000000003
Sink 19 SODDISFATTO. Flusso netto: 0.5399999999999991, Demand: 0.54, percentage: 99.99999999999983
Sink 23 SODDISFATTO. Flusso netto: 0.5999999999999999, Demand: 0.6, percentage: 99.99999999999997
Sink 24 SODDISFATTO. Flusso netto: 0.8, Demand: 0.8, percentage: 100.0
Sink 25 SODDISFATTO. Flusso netto: 3.5, Demand: 3.5, percentage: 100.0
Sink 26 SODDISFATTO. Flusso netto: 6.000000000000002, Demand: 6.0, percentage: 100.00000000000003
Sink 28 SODDISFATTO. Flusso netto: 0.4, Demand: 0.4, percentage: 100.0
Sink 30 SODDISFATTO. Flusso netto: 0.9799999999999986, Demand: 0.98, percentage: 99.99999999999987
Sink 31 SODDISFATTO. Flusso netto: 0.4, Demand: 0.4, percentage: 100.0
Sink 32 SODDISFATTO. Flusso netto: 0.9999999999999996, Demand: 1.0, percentage: 99.99999999999996
Sink 34 SODDISFATTO. Flusso netto: 1.74, Demand: 1.74, percentage: 100.0
Sink 35 SODDISFATTO. Flusso netto: 1.3, Demand: 1.3, percentage: 100.0
Sink 37 SODDISFATTO. Flusso netto: 1.0, Demand: 1.0, percentage: 100.0
Sink 39 SODDISFATTO. Flusso netto: 0.4, Demand: 0.4, percentage: 100.0
Sink 40 SODDISFATTO. Flusso netto: 0.5, Demand: 0.5, percentage: 100.0
Sink 41 SODDISFATTO. Flusso netto: 1.06, Demand: 1.06, percentage: 100.0
Sink 42 SODDISFATTO. Flusso netto: 2.8199999999999994, Demand: 2.82, percentage: 99.99999999999999
Sink 45 SODDISFATTO. Flusso netto: 0.68, Demand: 0.68, percentage: 100.0
Sink 46 SODDISFATTO. Flusso netto: 1.17, Demand: 1.17, percentage: 100.0
Sink 49 non è soddisfatto. Flusso netto: 3.82, Demand: 7.0, percentage: 54.57142857142857
Flusso totale entrante nei SINK: 89.12
Flusso totale uscente nei SINK: 45.86000000000001
Flusso totale netto nei SINK: 43.26
Total DEMAND dei SINK: 46.44
Percentual di flusso ai SINK: 0.9315245478036176
Numero di Sink soddisfatti: 24.0, numero totale di sink: 25.0
Percentuale di Sink soddisfatti: 0.96

---------------------------------- DAY 61

Update Fixed Elements from Intrinsic Faults
Source NODO_10 fixed from Intrinsic Fault
Pipeline ARCO_17 fixed due to Source NODO_10 fixing from Intrinsic Fault
Pipeline ARCO_88 fixed due to Source NODO_10 fixing from Intrinsic Fault
Pipeline ARCO_89 fixed due to Source NODO_10 fixing from Intrinsic Fault
Pipeline V_EDGE_53_8 fixed due to Source NODO_10 fixing from Intrinsic Fault
Pipeline ARCO_18 fixed due to Source NODO_10 fixing from Intrinsic Fault
Pipeline ARCO_19 fixed due to Source NODO_10 fixing from Intrinsic Fault
Pipeline ARCO_87 fixed due to Source NODO_10 fixing from Intrinsic Fault
Update Fixed Elements from Heavy Faults
Update Fixed Elements from Attack
Propagate Intrinsic Fault
Propagate Heavy Faults
Propagate Attacks
Inject Intrinsic Failure To Source
Inject Heavy Fault To Sources
Inject Attack Multiple To Source
Inject Intrinsic Fault To Pipeline
Inject Heavy Fault To Pipeline
Inject Attack To Pipeline
----------- Statistics ------------
	Sources Under Attack: 0
	Sources with Heavy Fault: 0
	Sources with Intrinsic Fault: 0
	Arcs with reduce capacity due to Attack: 0
	Arcs with reduce capacity due to Heavy Fault: 0
	Arcs with reduce capacity due to Intrinsic Fault: 0
	Arcs with Attacks: 0
	Arcs with Heavy Fault: 0
	Arcs with Intrinsic Fault: 0
--------- SOURCES STATISTICS ---------------
Demand del real Source[0]: -31.0, flusso erogato: 10.129999999999997, flusso entrante: 0.0, efficienza: 32.6774193548387 %
Demand del real Source[8]: -10.5, flusso erogato: 3.8600000000000003, flusso entrante: 0.0, efficienza: 36.76190476190476 %
Demand del real Source[9]: -7.1, flusso erogato: 16.229999999999997, flusso entrante: 9.129999999999997, efficienza: 228.59154929577463 %
Demand del real Source[17]: -25.0, flusso erogato: 25.000000000000007, flusso entrante: 0.0, efficienza: 100.00000000000003 %
Flusso totale entrante nei Real Source: 9.129999999999997
Flusso totale uscente dai Real Source: 55.220000000000006
Flusso netto sui real Source: -46.09000000000001
--- SINKS STATISTICS ---
Sink 3 SODDISFATTO. Flusso netto: 3.43, Demand: 3.43, percentage: 100.0
Sink 4 SODDISFATTO. Flusso netto: 0.5700000000000003, Demand: 0.57, percentage: 100.00000000000007
Sink 5 SODDISFATTO. Flusso netto: 0.6600000000000001, Demand: 0.66, percentage: 100.00000000000003
Sink 11 SODDISFATTO. Flusso netto: 1.03, Demand: 1.03, percentage: 100.0
Sink 15 SODDISFATTO. Flusso netto: 0.46, Demand: 0.46, percentage: 100.0
Sink 16 SODDISFATTO. Flusso netto: 8.400000000000002, Demand: 8.4, percentage: 100.00000000000003
Sink 19 SODDISFATTO. Flusso netto: 0.5399999999999991, Demand: 0.54, percentage: 99.99999999999983
Sink 23 SODDISFATTO. Flusso netto: 0.5999999999999999, Demand: 0.6, percentage: 99.99999999999997
Sink 24 SODDISFATTO. Flusso netto: 0.8, Demand: 0.8, percentage: 100.0
Sink 25 SODDISFATTO. Flusso netto: 3.5, Demand: 3.5, percentage: 100.0
Sink 26 SODDISFATTO. Flusso netto: 6.000000000000002, Demand: 6.0, percentage: 100.00000000000003
Sink 28 SODDISFATTO. Flusso netto: 0.4, Demand: 0.4, percentage: 100.0
Sink 30 SODDISFATTO. Flusso netto: 0.9799999999999986, Demand: 0.98, percentage: 99.99999999999987
Sink 31 SODDISFATTO. Flusso netto: 0.4, Demand: 0.4, percentage: 100.0
Sink 32 SODDISFATTO. Flusso netto: 0.9999999999999996, Demand: 1.0, percentage: 99.99999999999996
Sink 34 SODDISFATTO. Flusso netto: 1.74, Demand: 1.74, percentage: 100.0
Sink 35 SODDISFATTO. Flusso netto: 1.3, Demand: 1.3, percentage: 100.0
Sink 37 SODDISFATTO. Flusso netto: 1.0, Demand: 1.0, percentage: 100.0
Sink 39 SODDISFATTO. Flusso netto: 0.4, Demand: 0.4, percentage: 100.0
Sink 40 SODDISFATTO. Flusso netto: 0.5, Demand: 0.5, percentage: 100.0
Sink 41 SODDISFATTO. Flusso netto: 1.06, Demand: 1.06, percentage: 100.0
Sink 42 SODDISFATTO. Flusso netto: 2.8199999999999994, Demand: 2.82, percentage: 99.99999999999999
Sink 45 SODDISFATTO. Flusso netto: 0.68, Demand: 0.68, percentage: 100.0
Sink 46 SODDISFATTO. Flusso netto: 1.17, Demand: 1.17, percentage: 100.0
Sink 49 non è soddisfatto. Flusso netto: 6.6499999999999995, Demand: 7.0, percentage: 95.0
Flusso totale entrante nei SINK: 92.61000000000001
Flusso totale uscente nei SINK: 46.52
Flusso totale netto nei SINK: 46.09000000000001
Total DEMAND dei SINK: 46.44
Percentual di flusso ai SINK: 0.9924633936261846
Numero di Sink soddisfatti: 24.0, numero totale di sink: 25.0
Percentuale di Sink soddisfatti: 0.96

---------------------------------- DAY 62

Update Fixed Elements from Intrinsic Faults
Update Fixed Elements from Heavy Faults
Update Fixed Elements from Attack
Propagate Intrinsic Fault
Propagate Heavy Faults
Propagate Attacks
Inject Intrinsic Failure To Source
Inject Heavy Fault To Sources
Inject Attack Multiple To Source
Inject Intrinsic Fault To Pipeline
Inject Heavy Fault To Pipeline
Inject Attack To Pipeline
----------- Statistics ------------
	Sources Under Attack: 0
	Sources with Heavy Fault: 0
	Sources with Intrinsic Fault: 0
	Arcs with reduce capacity due to Attack: 0
	Arcs with reduce capacity due to Heavy Fault: 0
	Arcs with reduce capacity due to Intrinsic Fault: 0
	Arcs with Attacks: 0
	Arcs with Heavy Fault: 0
	Arcs with Intrinsic Fault: 0
--------- SOURCES STATISTICS ---------------
Demand del real Source[0]: -31.0, flusso erogato: 10.129999999999997, flusso entrante: 0.0, efficienza: 32.6774193548387 %
Demand del real Source[8]: -10.5, flusso erogato: 3.8600000000000003, flusso entrante: 0.0, efficienza: 36.76190476190476 %
Demand del real Source[9]: -7.1, flusso erogato: 16.229999999999997, flusso entrante: 9.129999999999997, efficienza: 228.59154929577463 %
Demand del real Source[17]: -25.0, flusso erogato: 25.000000000000007, flusso entrante: 0.0, efficienza: 100.00000000000003 %
Flusso totale entrante nei Real Source: 9.129999999999997
Flusso totale uscente dai Real Source: 55.220000000000006
Flusso netto sui real Source: -46.09000000000001
--- SINKS STATISTICS ---
Sink 3 SODDISFATTO. Flusso netto: 3.43, Demand: 3.43, percentage: 100.0
Sink 4 SODDISFATTO. Flusso netto: 0.5700000000000003, Demand: 0.57, percentage: 100.00000000000007
Sink 5 SODDISFATTO. Flusso netto: 0.6600000000000001, Demand: 0.66, percentage: 100.00000000000003
Sink 11 SODDISFATTO. Flusso netto: 1.03, Demand: 1.03, percentage: 100.0
Sink 15 SODDISFATTO. Flusso netto: 0.46, Demand: 0.46, percentage: 100.0
Sink 16 SODDISFATTO. Flusso netto: 8.400000000000002, Demand: 8.4, percentage: 100.00000000000003
Sink 19 SODDISFATTO. Flusso netto: 0.5399999999999991, Demand: 0.54, percentage: 99.99999999999983
Sink 23 SODDISFATTO. Flusso netto: 0.5999999999999999, Demand: 0.6, percentage: 99.99999999999997
Sink 24 SODDISFATTO. Flusso netto: 0.8, Demand: 0.8, percentage: 100.0
Sink 25 SODDISFATTO. Flusso netto: 3.5, Demand: 3.5, percentage: 100.0
Sink 26 SODDISFATTO. Flusso netto: 6.000000000000002, Demand: 6.0, percentage: 100.00000000000003
Sink 28 SODDISFATTO. Flusso netto: 0.4, Demand: 0.4, percentage: 100.0
Sink 30 SODDISFATTO. Flusso netto: 0.9799999999999986, Demand: 0.98, percentage: 99.99999999999987
Sink 31 SODDISFATTO. Flusso netto: 0.4, Demand: 0.4, percentage: 100.0
Sink 32 SODDISFATTO. Flusso netto: 0.9999999999999996, Demand: 1.0, percentage: 99.99999999999996
Sink 34 SODDISFATTO. Flusso netto: 1.74, Demand: 1.74, percentage: 100.0
Sink 35 SODDISFATTO. Flusso netto: 1.3, Demand: 1.3, percentage: 100.0
Sink 37 SODDISFATTO. Flusso netto: 1.0, Demand: 1.0, percentage: 100.0
Sink 39 SODDISFATTO. Flusso netto: 0.4, Demand: 0.4, percentage: 100.0
Sink 40 SODDISFATTO. Flusso netto: 0.5, Demand: 0.5, percentage: 100.0
Sink 41 SODDISFATTO. Flusso netto: 1.06, Demand: 1.06, percentage: 100.0
Sink 42 SODDISFATTO. Flusso netto: 2.8199999999999994, Demand: 2.82, percentage: 99.99999999999999
Sink 45 SODDISFATTO. Flusso netto: 0.68, Demand: 0.68, percentage: 100.0
Sink 46 SODDISFATTO. Flusso netto: 1.17, Demand: 1.17, percentage: 100.0
Sink 49 non è soddisfatto. Flusso netto: 6.6499999999999995, Demand: 7.0, percentage: 95.0
Flusso totale entrante nei SINK: 92.61000000000001
Flusso totale uscente nei SINK: 46.52
Flusso totale netto nei SINK: 46.09000000000001
Total DEMAND dei SINK: 46.44
Percentual di flusso ai SINK: 0.9924633936261846
Numero di Sink soddisfatti: 24.0, numero totale di sink: 25.0
Percentuale di Sink soddisfatti: 0.96

---------------------------------- DAY 63

Update Fixed Elements from Intrinsic Faults
Update Fixed Elements from Heavy Faults
Update Fixed Elements from Attack
Propagate Intrinsic Fault
Propagate Heavy Faults
Propagate Attacks
Inject Intrinsic Failure To Source
Inject Heavy Fault To Sources
Inject Attack Multiple To Source
Inject Intrinsic Fault To Pipeline
Inject Heavy Fault To Pipeline
Inject Attack To Pipeline
----------- Statistics ------------
	Sources Under Attack: 0
	Sources with Heavy Fault: 0
	Sources with Intrinsic Fault: 0
	Arcs with reduce capacity due to Attack: 0
	Arcs with reduce capacity due to Heavy Fault: 0
	Arcs with reduce capacity due to Intrinsic Fault: 0
	Arcs with Attacks: 0
	Arcs with Heavy Fault: 0
	Arcs with Intrinsic Fault: 0
--------- SOURCES STATISTICS ---------------
Demand del real Source[0]: -31.0, flusso erogato: 10.129999999999997, flusso entrante: 0.0, efficienza: 32.6774193548387 %
Demand del real Source[8]: -10.5, flusso erogato: 3.8600000000000003, flusso entrante: 0.0, efficienza: 36.76190476190476 %
Demand del real Source[9]: -7.1, flusso erogato: 16.229999999999997, flusso entrante: 9.129999999999997, efficienza: 228.59154929577463 %
Demand del real Source[17]: -25.0, flusso erogato: 25.000000000000007, flusso entrante: 0.0, efficienza: 100.00000000000003 %
Flusso totale entrante nei Real Source: 9.129999999999997
Flusso totale uscente dai Real Source: 55.220000000000006
Flusso netto sui real Source: -46.09000000000001
--- SINKS STATISTICS ---
Sink 3 SODDISFATTO. Flusso netto: 3.43, Demand: 3.43, percentage: 100.0
Sink 4 SODDISFATTO. Flusso netto: 0.5700000000000003, Demand: 0.57, percentage: 100.00000000000007
Sink 5 SODDISFATTO. Flusso netto: 0.6600000000000001, Demand: 0.66, percentage: 100.00000000000003
Sink 11 SODDISFATTO. Flusso netto: 1.03, Demand: 1.03, percentage: 100.0
Sink 15 SODDISFATTO. Flusso netto: 0.46, Demand: 0.46, percentage: 100.0
Sink 16 SODDISFATTO. Flusso netto: 8.400000000000002, Demand: 8.4, percentage: 100.00000000000003
Sink 19 SODDISFATTO. Flusso netto: 0.5399999999999991, Demand: 0.54, percentage: 99.99999999999983
Sink 23 SODDISFATTO. Flusso netto: 0.5999999999999999, Demand: 0.6, percentage: 99.99999999999997
Sink 24 SODDISFATTO. Flusso netto: 0.8, Demand: 0.8, percentage: 100.0
Sink 25 SODDISFATTO. Flusso netto: 3.5, Demand: 3.5, percentage: 100.0
Sink 26 SODDISFATTO. Flusso netto: 6.000000000000002, Demand: 6.0, percentage: 100.00000000000003
Sink 28 SODDISFATTO. Flusso netto: 0.4, Demand: 0.4, percentage: 100.0
Sink 30 SODDISFATTO. Flusso netto: 0.9799999999999986, Demand: 0.98, percentage: 99.99999999999987
Sink 31 SODDISFATTO. Flusso netto: 0.4, Demand: 0.4, percentage: 100.0
Sink 32 SODDISFATTO. Flusso netto: 0.9999999999999996, Demand: 1.0, percentage: 99.99999999999996
Sink 34 SODDISFATTO. Flusso netto: 1.74, Demand: 1.74, percentage: 100.0
Sink 35 SODDISFATTO. Flusso netto: 1.3, Demand: 1.3, percentage: 100.0
Sink 37 SODDISFATTO. Flusso netto: 1.0, Demand: 1.0, percentage: 100.0
Sink 39 SODDISFATTO. Flusso netto: 0.4, Demand: 0.4, percentage: 100.0
Sink 40 SODDISFATTO. Flusso netto: 0.5, Demand: 0.5, percentage: 100.0
Sink 41 SODDISFATTO. Flusso netto: 1.06, Demand: 1.06, percentage: 100.0
Sink 42 SODDISFATTO. Flusso netto: 2.8199999999999994, Demand: 2.82, percentage: 99.99999999999999
Sink 45 SODDISFATTO. Flusso netto: 0.68, Demand: 0.68, percentage: 100.0
Sink 46 SODDISFATTO. Flusso netto: 1.17, Demand: 1.17, percentage: 100.0
Sink 49 non è soddisfatto. Flusso netto: 6.6499999999999995, Demand: 7.0, percentage: 95.0
Flusso totale entrante nei SINK: 92.61000000000001
Flusso totale uscente nei SINK: 46.52
Flusso totale netto nei SINK: 46.09000000000001
Total DEMAND dei SINK: 46.44
Percentual di flusso ai SINK: 0.9924633936261846
Numero di Sink soddisfatti: 24.0, numero totale di sink: 25.0
Percentuale di Sink soddisfatti: 0.96

---------------------------------- DAY 64

Update Fixed Elements from Intrinsic Faults
Update Fixed Elements from Heavy Faults
Update Fixed Elements from Attack
Propagate Intrinsic Fault
Propagate Heavy Faults
Propagate Attacks
Inject Intrinsic Failure To Source
Source NODO_2 is failing for an Intrinsic Fault in day: 64
pipeline ARCO_70 has reduced capacity due to NODO_2 Intrinsic fault
pipeline V_EDGE_53_0 has reduced capacity due to NODO_2 Intrinsic fault
pipeline ARCO_0 has reduced capacity due to NODO_2 Intrinsic fault
Inject Heavy Fault To Sources
Inject Attack Multiple To Source
Inject Intrinsic Fault To Pipeline
Inject Heavy Fault To Pipeline
Inject Attack To Pipeline
----------- Statistics ------------
	Sources Under Attack: 0
	Sources with Heavy Fault: 0
	Sources with Intrinsic Fault: 1
	Arcs with reduce capacity due to Attack: 0
	Arcs with reduce capacity due to Heavy Fault: 0
	Arcs with reduce capacity due to Intrinsic Fault: 3
	Arcs with Attacks: 0
	Arcs with Heavy Fault: 0
	Arcs with Intrinsic Fault: 0
--------- SOURCES STATISTICS ---------------
Demand del real Source[0]: -31.0, flusso erogato: 10.129999999999997, flusso entrante: 0.0, efficienza: 32.6774193548387 %
Demand del real Source[8]: -10.5, flusso erogato: 3.8600000000000003, flusso entrante: 0.0, efficienza: 36.76190476190476 %
Demand del real Source[9]: -7.1, flusso erogato: 16.229999999999997, flusso entrante: 9.129999999999997, efficienza: 228.59154929577463 %
Demand del real Source[17]: -25.0, flusso erogato: 25.000000000000007, flusso entrante: 0.0, efficienza: 100.00000000000003 %
Flusso totale entrante nei Real Source: 9.129999999999997
Flusso totale uscente dai Real Source: 55.220000000000006
Flusso netto sui real Source: -46.09000000000001
--- SINKS STATISTICS ---
Sink 3 SODDISFATTO. Flusso netto: 3.43, Demand: 3.43, percentage: 100.0
Sink 4 SODDISFATTO. Flusso netto: 0.5700000000000003, Demand: 0.57, percentage: 100.00000000000007
Sink 5 SODDISFATTO. Flusso netto: 0.6600000000000001, Demand: 0.66, percentage: 100.00000000000003
Sink 11 SODDISFATTO. Flusso netto: 1.03, Demand: 1.03, percentage: 100.0
Sink 15 SODDISFATTO. Flusso netto: 0.46, Demand: 0.46, percentage: 100.0
Sink 16 SODDISFATTO. Flusso netto: 8.400000000000002, Demand: 8.4, percentage: 100.00000000000003
Sink 19 SODDISFATTO. Flusso netto: 0.5399999999999991, Demand: 0.54, percentage: 99.99999999999983
Sink 23 SODDISFATTO. Flusso netto: 0.5999999999999999, Demand: 0.6, percentage: 99.99999999999997
Sink 24 SODDISFATTO. Flusso netto: 0.8, Demand: 0.8, percentage: 100.0
Sink 25 SODDISFATTO. Flusso netto: 3.5, Demand: 3.5, percentage: 100.0
Sink 26 SODDISFATTO. Flusso netto: 6.000000000000002, Demand: 6.0, percentage: 100.00000000000003
Sink 28 SODDISFATTO. Flusso netto: 0.4, Demand: 0.4, percentage: 100.0
Sink 30 SODDISFATTO. Flusso netto: 0.9799999999999986, Demand: 0.98, percentage: 99.99999999999987
Sink 31 SODDISFATTO. Flusso netto: 0.4, Demand: 0.4, percentage: 100.0
Sink 32 SODDISFATTO. Flusso netto: 0.9999999999999996, Demand: 1.0, percentage: 99.99999999999996
Sink 34 SODDISFATTO. Flusso netto: 1.74, Demand: 1.74, percentage: 100.0
Sink 35 SODDISFATTO. Flusso netto: 1.3, Demand: 1.3, percentage: 100.0
Sink 37 SODDISFATTO. Flusso netto: 1.0, Demand: 1.0, percentage: 100.0
Sink 39 SODDISFATTO. Flusso netto: 0.4, Demand: 0.4, percentage: 100.0
Sink 40 SODDISFATTO. Flusso netto: 0.5, Demand: 0.5, percentage: 100.0
Sink 41 SODDISFATTO. Flusso netto: 1.06, Demand: 1.06, percentage: 100.0
Sink 42 SODDISFATTO. Flusso netto: 2.8199999999999994, Demand: 2.82, percentage: 99.99999999999999
Sink 45 SODDISFATTO. Flusso netto: 0.68, Demand: 0.68, percentage: 100.0
Sink 46 SODDISFATTO. Flusso netto: 1.17, Demand: 1.17, percentage: 100.0
Sink 49 non è soddisfatto. Flusso netto: 6.6499999999999995, Demand: 7.0, percentage: 95.0
Flusso totale entrante nei SINK: 92.61000000000001
Flusso totale uscente nei SINK: 46.52
Flusso totale netto nei SINK: 46.09000000000001
Total DEMAND dei SINK: 46.44
Percentual di flusso ai SINK: 0.9924633936261846
Numero di Sink soddisfatti: 24.0, numero totale di sink: 25.0
Percentuale di Sink soddisfatti: 0.96

---------------------------------- DAY 65

Update Fixed Elements from Intrinsic Faults
Update Fixed Elements from Heavy Faults
Update Fixed Elements from Attack
Propagate Intrinsic Fault
Node NODO_2 has still failing due to Intrinsic Fault
pipeline ARCO_70 still has reduced capacity: 24.8 due to Intrinsic Fault
pipeline V_EDGE_53_0 still has reduced capacity: 24.8 due to Intrinsic Fault
pipeline ARCO_0 still has reduced capacity: 24.8 due to Intrinsic Fault
Propagate Heavy Faults
Propagate Attacks
Inject Intrinsic Failure To Source
Inject Heavy Fault To Sources
Inject Attack Multiple To Source
Inject Intrinsic Fault To Pipeline
Inject Heavy Fault To Pipeline
Inject Attack To Pipeline
----------- Statistics ------------
	Sources Under Attack: 0
	Sources with Heavy Fault: 0
	Sources with Intrinsic Fault: 1
	Arcs with reduce capacity due to Attack: 0
	Arcs with reduce capacity due to Heavy Fault: 0
	Arcs with reduce capacity due to Intrinsic Fault: 3
	Arcs with Attacks: 0
	Arcs with Heavy Fault: 0
	Arcs with Intrinsic Fault: 0
--------- SOURCES STATISTICS ---------------
Demand del real Source[0]: -31.0, flusso erogato: 10.129999999999997, flusso entrante: 0.0, efficienza: 32.6774193548387 %
Demand del real Source[8]: -10.5, flusso erogato: 3.8600000000000003, flusso entrante: 0.0, efficienza: 36.76190476190476 %
Demand del real Source[9]: -7.1, flusso erogato: 16.229999999999997, flusso entrante: 9.129999999999997, efficienza: 228.59154929577463 %
Demand del real Source[17]: -25.0, flusso erogato: 25.000000000000007, flusso entrante: 0.0, efficienza: 100.00000000000003 %
Flusso totale entrante nei Real Source: 9.129999999999997
Flusso totale uscente dai Real Source: 55.220000000000006
Flusso netto sui real Source: -46.09000000000001
--- SINKS STATISTICS ---
Sink 3 SODDISFATTO. Flusso netto: 3.43, Demand: 3.43, percentage: 100.0
Sink 4 SODDISFATTO. Flusso netto: 0.5700000000000003, Demand: 0.57, percentage: 100.00000000000007
Sink 5 SODDISFATTO. Flusso netto: 0.6600000000000001, Demand: 0.66, percentage: 100.00000000000003
Sink 11 SODDISFATTO. Flusso netto: 1.03, Demand: 1.03, percentage: 100.0
Sink 15 SODDISFATTO. Flusso netto: 0.46, Demand: 0.46, percentage: 100.0
Sink 16 SODDISFATTO. Flusso netto: 8.400000000000002, Demand: 8.4, percentage: 100.00000000000003
Sink 19 SODDISFATTO. Flusso netto: 0.5399999999999991, Demand: 0.54, percentage: 99.99999999999983
Sink 23 SODDISFATTO. Flusso netto: 0.5999999999999999, Demand: 0.6, percentage: 99.99999999999997
Sink 24 SODDISFATTO. Flusso netto: 0.8, Demand: 0.8, percentage: 100.0
Sink 25 SODDISFATTO. Flusso netto: 3.5, Demand: 3.5, percentage: 100.0
Sink 26 SODDISFATTO. Flusso netto: 6.000000000000002, Demand: 6.0, percentage: 100.00000000000003
Sink 28 SODDISFATTO. Flusso netto: 0.4, Demand: 0.4, percentage: 100.0
Sink 30 SODDISFATTO. Flusso netto: 0.9799999999999986, Demand: 0.98, percentage: 99.99999999999987
Sink 31 SODDISFATTO. Flusso netto: 0.4, Demand: 0.4, percentage: 100.0
Sink 32 SODDISFATTO. Flusso netto: 0.9999999999999996, Demand: 1.0, percentage: 99.99999999999996
Sink 34 SODDISFATTO. Flusso netto: 1.74, Demand: 1.74, percentage: 100.0
Sink 35 SODDISFATTO. Flusso netto: 1.3, Demand: 1.3, percentage: 100.0
Sink 37 SODDISFATTO. Flusso netto: 1.0, Demand: 1.0, percentage: 100.0
Sink 39 SODDISFATTO. Flusso netto: 0.4, Demand: 0.4, percentage: 100.0
Sink 40 SODDISFATTO. Flusso netto: 0.5, Demand: 0.5, percentage: 100.0
Sink 41 SODDISFATTO. Flusso netto: 1.06, Demand: 1.06, percentage: 100.0
Sink 42 SODDISFATTO. Flusso netto: 2.8199999999999994, Demand: 2.82, percentage: 99.99999999999999
Sink 45 SODDISFATTO. Flusso netto: 0.68, Demand: 0.68, percentage: 100.0
Sink 46 SODDISFATTO. Flusso netto: 1.17, Demand: 1.17, percentage: 100.0
Sink 49 non è soddisfatto. Flusso netto: 6.6499999999999995, Demand: 7.0, percentage: 95.0
Flusso totale entrante nei SINK: 92.61000000000001
Flusso totale uscente nei SINK: 46.52
Flusso totale netto nei SINK: 46.09000000000001
Total DEMAND dei SINK: 46.44
Percentual di flusso ai SINK: 0.9924633936261846
Numero di Sink soddisfatti: 24.0, numero totale di sink: 25.0
Percentuale di Sink soddisfatti: 0.96

---------------------------------- DAY 66

Update Fixed Elements from Intrinsic Faults
Update Fixed Elements from Heavy Faults
Update Fixed Elements from Attack
Propagate Intrinsic Fault
Node NODO_2 has still failing due to Intrinsic Fault
pipeline ARCO_70 still has reduced capacity: 24.8 due to Intrinsic Fault
pipeline V_EDGE_53_0 still has reduced capacity: 24.8 due to Intrinsic Fault
pipeline ARCO_0 still has reduced capacity: 24.8 due to Intrinsic Fault
Propagate Heavy Faults
Propagate Attacks
Inject Intrinsic Failure To Source
Inject Heavy Fault To Sources
Inject Attack Multiple To Source
Inject Intrinsic Fault To Pipeline
Inject Heavy Fault To Pipeline
Inject Attack To Pipeline
----------- Statistics ------------
	Sources Under Attack: 0
	Sources with Heavy Fault: 0
	Sources with Intrinsic Fault: 1
	Arcs with reduce capacity due to Attack: 0
	Arcs with reduce capacity due to Heavy Fault: 0
	Arcs with reduce capacity due to Intrinsic Fault: 3
	Arcs with Attacks: 0
	Arcs with Heavy Fault: 0
	Arcs with Intrinsic Fault: 0
--------- SOURCES STATISTICS ---------------
Demand del real Source[0]: -31.0, flusso erogato: 10.129999999999997, flusso entrante: 0.0, efficienza: 32.6774193548387 %
Demand del real Source[8]: -10.5, flusso erogato: 3.8600000000000003, flusso entrante: 0.0, efficienza: 36.76190476190476 %
Demand del real Source[9]: -7.1, flusso erogato: 16.229999999999997, flusso entrante: 9.129999999999997, efficienza: 228.59154929577463 %
Demand del real Source[17]: -25.0, flusso erogato: 25.000000000000007, flusso entrante: 0.0, efficienza: 100.00000000000003 %
Flusso totale entrante nei Real Source: 9.129999999999997
Flusso totale uscente dai Real Source: 55.220000000000006
Flusso netto sui real Source: -46.09000000000001
--- SINKS STATISTICS ---
Sink 3 SODDISFATTO. Flusso netto: 3.43, Demand: 3.43, percentage: 100.0
Sink 4 SODDISFATTO. Flusso netto: 0.5700000000000003, Demand: 0.57, percentage: 100.00000000000007
Sink 5 SODDISFATTO. Flusso netto: 0.6600000000000001, Demand: 0.66, percentage: 100.00000000000003
Sink 11 SODDISFATTO. Flusso netto: 1.03, Demand: 1.03, percentage: 100.0
Sink 15 SODDISFATTO. Flusso netto: 0.46, Demand: 0.46, percentage: 100.0
Sink 16 SODDISFATTO. Flusso netto: 8.400000000000002, Demand: 8.4, percentage: 100.00000000000003
Sink 19 SODDISFATTO. Flusso netto: 0.5399999999999991, Demand: 0.54, percentage: 99.99999999999983
Sink 23 SODDISFATTO. Flusso netto: 0.5999999999999999, Demand: 0.6, percentage: 99.99999999999997
Sink 24 SODDISFATTO. Flusso netto: 0.8, Demand: 0.8, percentage: 100.0
Sink 25 SODDISFATTO. Flusso netto: 3.5, Demand: 3.5, percentage: 100.0
Sink 26 SODDISFATTO. Flusso netto: 6.000000000000002, Demand: 6.0, percentage: 100.00000000000003
Sink 28 SODDISFATTO. Flusso netto: 0.4, Demand: 0.4, percentage: 100.0
Sink 30 SODDISFATTO. Flusso netto: 0.9799999999999986, Demand: 0.98, percentage: 99.99999999999987
Sink 31 SODDISFATTO. Flusso netto: 0.4, Demand: 0.4, percentage: 100.0
Sink 32 SODDISFATTO. Flusso netto: 0.9999999999999996, Demand: 1.0, percentage: 99.99999999999996
Sink 34 SODDISFATTO. Flusso netto: 1.74, Demand: 1.74, percentage: 100.0
Sink 35 SODDISFATTO. Flusso netto: 1.3, Demand: 1.3, percentage: 100.0
Sink 37 SODDISFATTO. Flusso netto: 1.0, Demand: 1.0, percentage: 100.0
Sink 39 SODDISFATTO. Flusso netto: 0.4, Demand: 0.4, percentage: 100.0
Sink 40 SODDISFATTO. Flusso netto: 0.5, Demand: 0.5, percentage: 100.0
Sink 41 SODDISFATTO. Flusso netto: 1.06, Demand: 1.06, percentage: 100.0
Sink 42 SODDISFATTO. Flusso netto: 2.8199999999999994, Demand: 2.82, percentage: 99.99999999999999
Sink 45 SODDISFATTO. Flusso netto: 0.68, Demand: 0.68, percentage: 100.0
Sink 46 SODDISFATTO. Flusso netto: 1.17, Demand: 1.17, percentage: 100.0
Sink 49 non è soddisfatto. Flusso netto: 6.6499999999999995, Demand: 7.0, percentage: 95.0
Flusso totale entrante nei SINK: 92.61000000000001
Flusso totale uscente nei SINK: 46.52
Flusso totale netto nei SINK: 46.09000000000001
Total DEMAND dei SINK: 46.44
Percentual di flusso ai SINK: 0.9924633936261846
Numero di Sink soddisfatti: 24.0, numero totale di sink: 25.0
Percentuale di Sink soddisfatti: 0.96

---------------------------------- DAY 67

Update Fixed Elements from Intrinsic Faults
Source NODO_2 fixed from Intrinsic Fault
Pipeline ARCO_70 fixed due to Source NODO_2 fixing from Intrinsic Fault
Pipeline V_EDGE_53_0 fixed due to Source NODO_2 fixing from Intrinsic Fault
Pipeline ARCO_0 fixed due to Source NODO_2 fixing from Intrinsic Fault
Update Fixed Elements from Heavy Faults
Update Fixed Elements from Attack
Propagate Intrinsic Fault
Propagate Heavy Faults
Propagate Attacks
Inject Intrinsic Failure To Source
Source NODO_2 is failing for an Intrinsic Fault in day: 67
pipeline ARCO_70 has reduced capacity due to NODO_2 Intrinsic fault
pipeline V_EDGE_53_0 has reduced capacity due to NODO_2 Intrinsic fault
pipeline ARCO_0 has reduced capacity due to NODO_2 Intrinsic fault
Inject Heavy Fault To Sources
Inject Attack Multiple To Source
Inject Intrinsic Fault To Pipeline
Inject Heavy Fault To Pipeline
Inject Attack To Pipeline
----------- Statistics ------------
	Sources Under Attack: 0
	Sources with Heavy Fault: 0
	Sources with Intrinsic Fault: 1
	Arcs with reduce capacity due to Attack: 0
	Arcs with reduce capacity due to Heavy Fault: 0
	Arcs with reduce capacity due to Intrinsic Fault: 3
	Arcs with Attacks: 0
	Arcs with Heavy Fault: 0
	Arcs with Intrinsic Fault: 0
--------- SOURCES STATISTICS ---------------
Demand del real Source[0]: -31.0, flusso erogato: 10.129999999999997, flusso entrante: 0.0, efficienza: 32.6774193548387 %
Demand del real Source[8]: -10.5, flusso erogato: 3.8600000000000003, flusso entrante: 0.0, efficienza: 36.76190476190476 %
Demand del real Source[9]: -7.1, flusso erogato: 16.229999999999997, flusso entrante: 9.129999999999997, efficienza: 228.59154929577463 %
Demand del real Source[17]: -25.0, flusso erogato: 25.000000000000007, flusso entrante: 0.0, efficienza: 100.00000000000003 %
Flusso totale entrante nei Real Source: 9.129999999999997
Flusso totale uscente dai Real Source: 55.220000000000006
Flusso netto sui real Source: -46.09000000000001
--- SINKS STATISTICS ---
Sink 3 SODDISFATTO. Flusso netto: 3.43, Demand: 3.43, percentage: 100.0
Sink 4 SODDISFATTO. Flusso netto: 0.5700000000000003, Demand: 0.57, percentage: 100.00000000000007
Sink 5 SODDISFATTO. Flusso netto: 0.6600000000000001, Demand: 0.66, percentage: 100.00000000000003
Sink 11 SODDISFATTO. Flusso netto: 1.03, Demand: 1.03, percentage: 100.0
Sink 15 SODDISFATTO. Flusso netto: 0.46, Demand: 0.46, percentage: 100.0
Sink 16 SODDISFATTO. Flusso netto: 8.400000000000002, Demand: 8.4, percentage: 100.00000000000003
Sink 19 SODDISFATTO. Flusso netto: 0.5399999999999991, Demand: 0.54, percentage: 99.99999999999983
Sink 23 SODDISFATTO. Flusso netto: 0.5999999999999999, Demand: 0.6, percentage: 99.99999999999997
Sink 24 SODDISFATTO. Flusso netto: 0.8, Demand: 0.8, percentage: 100.0
Sink 25 SODDISFATTO. Flusso netto: 3.5, Demand: 3.5, percentage: 100.0
Sink 26 SODDISFATTO. Flusso netto: 6.000000000000002, Demand: 6.0, percentage: 100.00000000000003
Sink 28 SODDISFATTO. Flusso netto: 0.4, Demand: 0.4, percentage: 100.0
Sink 30 SODDISFATTO. Flusso netto: 0.9799999999999986, Demand: 0.98, percentage: 99.99999999999987
Sink 31 SODDISFATTO. Flusso netto: 0.4, Demand: 0.4, percentage: 100.0
Sink 32 SODDISFATTO. Flusso netto: 0.9999999999999996, Demand: 1.0, percentage: 99.99999999999996
Sink 34 SODDISFATTO. Flusso netto: 1.74, Demand: 1.74, percentage: 100.0
Sink 35 SODDISFATTO. Flusso netto: 1.3, Demand: 1.3, percentage: 100.0
Sink 37 SODDISFATTO. Flusso netto: 1.0, Demand: 1.0, percentage: 100.0
Sink 39 SODDISFATTO. Flusso netto: 0.4, Demand: 0.4, percentage: 100.0
Sink 40 SODDISFATTO. Flusso netto: 0.5, Demand: 0.5, percentage: 100.0
Sink 41 SODDISFATTO. Flusso netto: 1.06, Demand: 1.06, percentage: 100.0
Sink 42 SODDISFATTO. Flusso netto: 2.8199999999999994, Demand: 2.82, percentage: 99.99999999999999
Sink 45 SODDISFATTO. Flusso netto: 0.68, Demand: 0.68, percentage: 100.0
Sink 46 SODDISFATTO. Flusso netto: 1.17, Demand: 1.17, percentage: 100.0
Sink 49 non è soddisfatto. Flusso netto: 6.6499999999999995, Demand: 7.0, percentage: 95.0
Flusso totale entrante nei SINK: 92.61000000000001
Flusso totale uscente nei SINK: 46.52
Flusso totale netto nei SINK: 46.09000000000001
Total DEMAND dei SINK: 46.44
Percentual di flusso ai SINK: 0.9924633936261846
Numero di Sink soddisfatti: 24.0, numero totale di sink: 25.0
Percentuale di Sink soddisfatti: 0.96

---------------------------------- DAY 68

Update Fixed Elements from Intrinsic Faults
Update Fixed Elements from Heavy Faults
Update Fixed Elements from Attack
Propagate Intrinsic Fault
Node NODO_2 has still failing due to Intrinsic Fault
pipeline ARCO_70 still has reduced capacity: 24.8 due to Intrinsic Fault
pipeline V_EDGE_53_0 still has reduced capacity: 24.8 due to Intrinsic Fault
pipeline ARCO_0 still has reduced capacity: 24.8 due to Intrinsic Fault
Propagate Heavy Faults
Propagate Attacks
Inject Intrinsic Failure To Source
Inject Heavy Fault To Sources
Inject Attack Multiple To Source
Inject Intrinsic Fault To Pipeline
Inject Heavy Fault To Pipeline
Inject Attack To Pipeline
----------- Statistics ------------
	Sources Under Attack: 0
	Sources with Heavy Fault: 0
	Sources with Intrinsic Fault: 1
	Arcs with reduce capacity due to Attack: 0
	Arcs with reduce capacity due to Heavy Fault: 0
	Arcs with reduce capacity due to Intrinsic Fault: 3
	Arcs with Attacks: 0
	Arcs with Heavy Fault: 0
	Arcs with Intrinsic Fault: 0
--------- SOURCES STATISTICS ---------------
Demand del real Source[0]: -31.0, flusso erogato: 10.129999999999997, flusso entrante: 0.0, efficienza: 32.6774193548387 %
Demand del real Source[8]: -10.5, flusso erogato: 3.8600000000000003, flusso entrante: 0.0, efficienza: 36.76190476190476 %
Demand del real Source[9]: -7.1, flusso erogato: 16.229999999999997, flusso entrante: 9.129999999999997, efficienza: 228.59154929577463 %
Demand del real Source[17]: -25.0, flusso erogato: 25.000000000000007, flusso entrante: 0.0, efficienza: 100.00000000000003 %
Flusso totale entrante nei Real Source: 9.129999999999997
Flusso totale uscente dai Real Source: 55.220000000000006
Flusso netto sui real Source: -46.09000000000001
--- SINKS STATISTICS ---
Sink 3 SODDISFATTO. Flusso netto: 3.43, Demand: 3.43, percentage: 100.0
Sink 4 SODDISFATTO. Flusso netto: 0.5700000000000003, Demand: 0.57, percentage: 100.00000000000007
Sink 5 SODDISFATTO. Flusso netto: 0.6600000000000001, Demand: 0.66, percentage: 100.00000000000003
Sink 11 SODDISFATTO. Flusso netto: 1.03, Demand: 1.03, percentage: 100.0
Sink 15 SODDISFATTO. Flusso netto: 0.46, Demand: 0.46, percentage: 100.0
Sink 16 SODDISFATTO. Flusso netto: 8.400000000000002, Demand: 8.4, percentage: 100.00000000000003
Sink 19 SODDISFATTO. Flusso netto: 0.5399999999999991, Demand: 0.54, percentage: 99.99999999999983
Sink 23 SODDISFATTO. Flusso netto: 0.5999999999999999, Demand: 0.6, percentage: 99.99999999999997
Sink 24 SODDISFATTO. Flusso netto: 0.8, Demand: 0.8, percentage: 100.0
Sink 25 SODDISFATTO. Flusso netto: 3.5, Demand: 3.5, percentage: 100.0
Sink 26 SODDISFATTO. Flusso netto: 6.000000000000002, Demand: 6.0, percentage: 100.00000000000003
Sink 28 SODDISFATTO. Flusso netto: 0.4, Demand: 0.4, percentage: 100.0
Sink 30 SODDISFATTO. Flusso netto: 0.9799999999999986, Demand: 0.98, percentage: 99.99999999999987
Sink 31 SODDISFATTO. Flusso netto: 0.4, Demand: 0.4, percentage: 100.0
Sink 32 SODDISFATTO. Flusso netto: 0.9999999999999996, Demand: 1.0, percentage: 99.99999999999996
Sink 34 SODDISFATTO. Flusso netto: 1.74, Demand: 1.74, percentage: 100.0
Sink 35 SODDISFATTO. Flusso netto: 1.3, Demand: 1.3, percentage: 100.0
Sink 37 SODDISFATTO. Flusso netto: 1.0, Demand: 1.0, percentage: 100.0
Sink 39 SODDISFATTO. Flusso netto: 0.4, Demand: 0.4, percentage: 100.0
Sink 40 SODDISFATTO. Flusso netto: 0.5, Demand: 0.5, percentage: 100.0
Sink 41 SODDISFATTO. Flusso netto: 1.06, Demand: 1.06, percentage: 100.0
Sink 42 SODDISFATTO. Flusso netto: 2.8199999999999994, Demand: 2.82, percentage: 99.99999999999999
Sink 45 SODDISFATTO. Flusso netto: 0.68, Demand: 0.68, percentage: 100.0
Sink 46 SODDISFATTO. Flusso netto: 1.17, Demand: 1.17, percentage: 100.0
Sink 49 non è soddisfatto. Flusso netto: 6.6499999999999995, Demand: 7.0, percentage: 95.0
Flusso totale entrante nei SINK: 92.61000000000001
Flusso totale uscente nei SINK: 46.52
Flusso totale netto nei SINK: 46.09000000000001
Total DEMAND dei SINK: 46.44
Percentual di flusso ai SINK: 0.9924633936261846
Numero di Sink soddisfatti: 24.0, numero totale di sink: 25.0
Percentuale di Sink soddisfatti: 0.96

---------------------------------- DAY 69

Update Fixed Elements from Intrinsic Faults
Update Fixed Elements from Heavy Faults
Update Fixed Elements from Attack
Propagate Intrinsic Fault
Node NODO_2 has still failing due to Intrinsic Fault
pipeline ARCO_70 still has reduced capacity: 24.8 due to Intrinsic Fault
pipeline V_EDGE_53_0 still has reduced capacity: 24.8 due to Intrinsic Fault
pipeline ARCO_0 still has reduced capacity: 24.8 due to Intrinsic Fault
Propagate Heavy Faults
Propagate Attacks
Inject Intrinsic Failure To Source
Source NODO_2 is failing for an Intrinsic Fault in day: 69
pipeline ARCO_70 has reduced capacity due to NODO_2 Intrinsic fault
pipeline V_EDGE_53_0 has reduced capacity due to NODO_2 Intrinsic fault
pipeline ARCO_0 has reduced capacity due to NODO_2 Intrinsic fault
Inject Heavy Fault To Sources
Inject Attack Multiple To Source
Inject Intrinsic Fault To Pipeline
Inject Heavy Fault To Pipeline
Inject Attack To Pipeline
----------- Statistics ------------
	Sources Under Attack: 0
	Sources with Heavy Fault: 0
	Sources with Intrinsic Fault: 1
	Arcs with reduce capacity due to Attack: 0
	Arcs with reduce capacity due to Heavy Fault: 0
	Arcs with reduce capacity due to Intrinsic Fault: 3
	Arcs with Attacks: 0
	Arcs with Heavy Fault: 0
	Arcs with Intrinsic Fault: 0
--------- SOURCES STATISTICS ---------------
Demand del real Source[0]: -31.0, flusso erogato: 10.129999999999997, flusso entrante: 0.0, efficienza: 32.6774193548387 %
Demand del real Source[8]: -10.5, flusso erogato: 3.8600000000000003, flusso entrante: 0.0, efficienza: 36.76190476190476 %
Demand del real Source[9]: -7.1, flusso erogato: 16.229999999999997, flusso entrante: 9.129999999999997, efficienza: 228.59154929577463 %
Demand del real Source[17]: -25.0, flusso erogato: 25.000000000000007, flusso entrante: 0.0, efficienza: 100.00000000000003 %
Flusso totale entrante nei Real Source: 9.129999999999997
Flusso totale uscente dai Real Source: 55.220000000000006
Flusso netto sui real Source: -46.09000000000001
--- SINKS STATISTICS ---
Sink 3 SODDISFATTO. Flusso netto: 3.43, Demand: 3.43, percentage: 100.0
Sink 4 SODDISFATTO. Flusso netto: 0.5700000000000003, Demand: 0.57, percentage: 100.00000000000007
Sink 5 SODDISFATTO. Flusso netto: 0.6600000000000001, Demand: 0.66, percentage: 100.00000000000003
Sink 11 SODDISFATTO. Flusso netto: 1.03, Demand: 1.03, percentage: 100.0
Sink 15 SODDISFATTO. Flusso netto: 0.46, Demand: 0.46, percentage: 100.0
Sink 16 SODDISFATTO. Flusso netto: 8.400000000000002, Demand: 8.4, percentage: 100.00000000000003
Sink 19 SODDISFATTO. Flusso netto: 0.5399999999999991, Demand: 0.54, percentage: 99.99999999999983
Sink 23 SODDISFATTO. Flusso netto: 0.5999999999999999, Demand: 0.6, percentage: 99.99999999999997
Sink 24 SODDISFATTO. Flusso netto: 0.8, Demand: 0.8, percentage: 100.0
Sink 25 SODDISFATTO. Flusso netto: 3.5, Demand: 3.5, percentage: 100.0
Sink 26 SODDISFATTO. Flusso netto: 6.000000000000002, Demand: 6.0, percentage: 100.00000000000003
Sink 28 SODDISFATTO. Flusso netto: 0.4, Demand: 0.4, percentage: 100.0
Sink 30 SODDISFATTO. Flusso netto: 0.9799999999999986, Demand: 0.98, percentage: 99.99999999999987
Sink 31 SODDISFATTO. Flusso netto: 0.4, Demand: 0.4, percentage: 100.0
Sink 32 SODDISFATTO. Flusso netto: 0.9999999999999996, Demand: 1.0, percentage: 99.99999999999996
Sink 34 SODDISFATTO. Flusso netto: 1.74, Demand: 1.74, percentage: 100.0
Sink 35 SODDISFATTO. Flusso netto: 1.3, Demand: 1.3, percentage: 100.0
Sink 37 SODDISFATTO. Flusso netto: 1.0, Demand: 1.0, percentage: 100.0
Sink 39 SODDISFATTO. Flusso netto: 0.4, Demand: 0.4, percentage: 100.0
Sink 40 SODDISFATTO. Flusso netto: 0.5, Demand: 0.5, percentage: 100.0
Sink 41 SODDISFATTO. Flusso netto: 1.06, Demand: 1.06, percentage: 100.0
Sink 42 SODDISFATTO. Flusso netto: 2.8199999999999994, Demand: 2.82, percentage: 99.99999999999999
Sink 45 SODDISFATTO. Flusso netto: 0.68, Demand: 0.68, percentage: 100.0
Sink 46 SODDISFATTO. Flusso netto: 1.17, Demand: 1.17, percentage: 100.0
Sink 49 non è soddisfatto. Flusso netto: 6.6499999999999995, Demand: 7.0, percentage: 95.0
Flusso totale entrante nei SINK: 92.61000000000001
Flusso totale uscente nei SINK: 46.52
Flusso totale netto nei SINK: 46.09000000000001
Total DEMAND dei SINK: 46.44
Percentual di flusso ai SINK: 0.9924633936261846
Numero di Sink soddisfatti: 24.0, numero totale di sink: 25.0
Percentuale di Sink soddisfatti: 0.96

---------------------------------- DAY 70

Update Fixed Elements from Intrinsic Faults
Source NODO_2 fixed from Intrinsic Fault
Pipeline ARCO_70 fixed due to Source NODO_2 fixing from Intrinsic Fault
Pipeline V_EDGE_53_0 fixed due to Source NODO_2 fixing from Intrinsic Fault
Pipeline ARCO_0 fixed due to Source NODO_2 fixing from Intrinsic Fault
Update Fixed Elements from Heavy Faults
Update Fixed Elements from Attack
Propagate Intrinsic Fault
Propagate Heavy Faults
Propagate Attacks
Inject Intrinsic Failure To Source
Inject Heavy Fault To Sources
Inject Attack Multiple To Source
Inject Intrinsic Fault To Pipeline
Inject Heavy Fault To Pipeline
Inject Attack To Pipeline
----------- Statistics ------------
	Sources Under Attack: 0
	Sources with Heavy Fault: 0
	Sources with Intrinsic Fault: 0
	Arcs with reduce capacity due to Attack: 0
	Arcs with reduce capacity due to Heavy Fault: 0
	Arcs with reduce capacity due to Intrinsic Fault: 0
	Arcs with Attacks: 0
	Arcs with Heavy Fault: 0
	Arcs with Intrinsic Fault: 0
--------- SOURCES STATISTICS ---------------
Demand del real Source[0]: -31.0, flusso erogato: 10.129999999999997, flusso entrante: 0.0, efficienza: 32.6774193548387 %
Demand del real Source[8]: -10.5, flusso erogato: 3.8600000000000003, flusso entrante: 0.0, efficienza: 36.76190476190476 %
Demand del real Source[9]: -7.1, flusso erogato: 16.229999999999997, flusso entrante: 9.129999999999997, efficienza: 228.59154929577463 %
Demand del real Source[17]: -25.0, flusso erogato: 25.000000000000007, flusso entrante: 0.0, efficienza: 100.00000000000003 %
Flusso totale entrante nei Real Source: 9.129999999999997
Flusso totale uscente dai Real Source: 55.220000000000006
Flusso netto sui real Source: -46.09000000000001
--- SINKS STATISTICS ---
Sink 3 SODDISFATTO. Flusso netto: 3.43, Demand: 3.43, percentage: 100.0
Sink 4 SODDISFATTO. Flusso netto: 0.5700000000000003, Demand: 0.57, percentage: 100.00000000000007
Sink 5 SODDISFATTO. Flusso netto: 0.6600000000000001, Demand: 0.66, percentage: 100.00000000000003
Sink 11 SODDISFATTO. Flusso netto: 1.03, Demand: 1.03, percentage: 100.0
Sink 15 SODDISFATTO. Flusso netto: 0.46, Demand: 0.46, percentage: 100.0
Sink 16 SODDISFATTO. Flusso netto: 8.400000000000002, Demand: 8.4, percentage: 100.00000000000003
Sink 19 SODDISFATTO. Flusso netto: 0.5399999999999991, Demand: 0.54, percentage: 99.99999999999983
Sink 23 SODDISFATTO. Flusso netto: 0.5999999999999999, Demand: 0.6, percentage: 99.99999999999997
Sink 24 SODDISFATTO. Flusso netto: 0.8, Demand: 0.8, percentage: 100.0
Sink 25 SODDISFATTO. Flusso netto: 3.5, Demand: 3.5, percentage: 100.0
Sink 26 SODDISFATTO. Flusso netto: 6.000000000000002, Demand: 6.0, percentage: 100.00000000000003
Sink 28 SODDISFATTO. Flusso netto: 0.4, Demand: 0.4, percentage: 100.0
Sink 30 SODDISFATTO. Flusso netto: 0.9799999999999986, Demand: 0.98, percentage: 99.99999999999987
Sink 31 SODDISFATTO. Flusso netto: 0.4, Demand: 0.4, percentage: 100.0
Sink 32 SODDISFATTO. Flusso netto: 0.9999999999999996, Demand: 1.0, percentage: 99.99999999999996
Sink 34 SODDISFATTO. Flusso netto: 1.74, Demand: 1.74, percentage: 100.0
Sink 35 SODDISFATTO. Flusso netto: 1.3, Demand: 1.3, percentage: 100.0
Sink 37 SODDISFATTO. Flusso netto: 1.0, Demand: 1.0, percentage: 100.0
Sink 39 SODDISFATTO. Flusso netto: 0.4, Demand: 0.4, percentage: 100.0
Sink 40 SODDISFATTO. Flusso netto: 0.5, Demand: 0.5, percentage: 100.0
Sink 41 SODDISFATTO. Flusso netto: 1.06, Demand: 1.06, percentage: 100.0
Sink 42 SODDISFATTO. Flusso netto: 2.8199999999999994, Demand: 2.82, percentage: 99.99999999999999
Sink 45 SODDISFATTO. Flusso netto: 0.68, Demand: 0.68, percentage: 100.0
Sink 46 SODDISFATTO. Flusso netto: 1.17, Demand: 1.17, percentage: 100.0
Sink 49 non è soddisfatto. Flusso netto: 6.6499999999999995, Demand: 7.0, percentage: 95.0
Flusso totale entrante nei SINK: 92.61000000000001
Flusso totale uscente nei SINK: 46.52
Flusso totale netto nei SINK: 46.09000000000001
Total DEMAND dei SINK: 46.44
Percentual di flusso ai SINK: 0.9924633936261846
Numero di Sink soddisfatti: 24.0, numero totale di sink: 25.0
Percentuale di Sink soddisfatti: 0.96

---------------------------------- DAY 71

Update Fixed Elements from Intrinsic Faults
Update Fixed Elements from Heavy Faults
Update Fixed Elements from Attack
Propagate Intrinsic Fault
Propagate Heavy Faults
Propagate Attacks
Inject Intrinsic Failure To Source
Inject Heavy Fault To Sources
Inject Attack Multiple To Source
Inject Intrinsic Fault To Pipeline
Inject Heavy Fault To Pipeline
Inject Attack To Pipeline
----------- Statistics ------------
	Sources Under Attack: 0
	Sources with Heavy Fault: 0
	Sources with Intrinsic Fault: 0
	Arcs with reduce capacity due to Attack: 0
	Arcs with reduce capacity due to Heavy Fault: 0
	Arcs with reduce capacity due to Intrinsic Fault: 0
	Arcs with Attacks: 0
	Arcs with Heavy Fault: 0
	Arcs with Intrinsic Fault: 0
--------- SOURCES STATISTICS ---------------
Demand del real Source[0]: -31.0, flusso erogato: 10.129999999999997, flusso entrante: 0.0, efficienza: 32.6774193548387 %
Demand del real Source[8]: -10.5, flusso erogato: 3.8600000000000003, flusso entrante: 0.0, efficienza: 36.76190476190476 %
Demand del real Source[9]: -7.1, flusso erogato: 16.229999999999997, flusso entrante: 9.129999999999997, efficienza: 228.59154929577463 %
Demand del real Source[17]: -25.0, flusso erogato: 25.000000000000007, flusso entrante: 0.0, efficienza: 100.00000000000003 %
Flusso totale entrante nei Real Source: 9.129999999999997
Flusso totale uscente dai Real Source: 55.220000000000006
Flusso netto sui real Source: -46.09000000000001
--- SINKS STATISTICS ---
Sink 3 SODDISFATTO. Flusso netto: 3.43, Demand: 3.43, percentage: 100.0
Sink 4 SODDISFATTO. Flusso netto: 0.5700000000000003, Demand: 0.57, percentage: 100.00000000000007
Sink 5 SODDISFATTO. Flusso netto: 0.6600000000000001, Demand: 0.66, percentage: 100.00000000000003
Sink 11 SODDISFATTO. Flusso netto: 1.03, Demand: 1.03, percentage: 100.0
Sink 15 SODDISFATTO. Flusso netto: 0.46, Demand: 0.46, percentage: 100.0
Sink 16 SODDISFATTO. Flusso netto: 8.400000000000002, Demand: 8.4, percentage: 100.00000000000003
Sink 19 SODDISFATTO. Flusso netto: 0.5399999999999991, Demand: 0.54, percentage: 99.99999999999983
Sink 23 SODDISFATTO. Flusso netto: 0.5999999999999999, Demand: 0.6, percentage: 99.99999999999997
Sink 24 SODDISFATTO. Flusso netto: 0.8, Demand: 0.8, percentage: 100.0
Sink 25 SODDISFATTO. Flusso netto: 3.5, Demand: 3.5, percentage: 100.0
Sink 26 SODDISFATTO. Flusso netto: 6.000000000000002, Demand: 6.0, percentage: 100.00000000000003
Sink 28 SODDISFATTO. Flusso netto: 0.4, Demand: 0.4, percentage: 100.0
Sink 30 SODDISFATTO. Flusso netto: 0.9799999999999986, Demand: 0.98, percentage: 99.99999999999987
Sink 31 SODDISFATTO. Flusso netto: 0.4, Demand: 0.4, percentage: 100.0
Sink 32 SODDISFATTO. Flusso netto: 0.9999999999999996, Demand: 1.0, percentage: 99.99999999999996
Sink 34 SODDISFATTO. Flusso netto: 1.74, Demand: 1.74, percentage: 100.0
Sink 35 SODDISFATTO. Flusso netto: 1.3, Demand: 1.3, percentage: 100.0
Sink 37 SODDISFATTO. Flusso netto: 1.0, Demand: 1.0, percentage: 100.0
Sink 39 SODDISFATTO. Flusso netto: 0.4, Demand: 0.4, percentage: 100.0
Sink 40 SODDISFATTO. Flusso netto: 0.5, Demand: 0.5, percentage: 100.0
Sink 41 SODDISFATTO. Flusso netto: 1.06, Demand: 1.06, percentage: 100.0
Sink 42 SODDISFATTO. Flusso netto: 2.8199999999999994, Demand: 2.82, percentage: 99.99999999999999
Sink 45 SODDISFATTO. Flusso netto: 0.68, Demand: 0.68, percentage: 100.0
Sink 46 SODDISFATTO. Flusso netto: 1.17, Demand: 1.17, percentage: 100.0
Sink 49 non è soddisfatto. Flusso netto: 6.6499999999999995, Demand: 7.0, percentage: 95.0
Flusso totale entrante nei SINK: 92.61000000000001
Flusso totale uscente nei SINK: 46.52
Flusso totale netto nei SINK: 46.09000000000001
Total DEMAND dei SINK: 46.44
Percentual di flusso ai SINK: 0.9924633936261846
Numero di Sink soddisfatti: 24.0, numero totale di sink: 25.0
Percentuale di Sink soddisfatti: 0.96

---------------------------------- DAY 72

Update Fixed Elements from Intrinsic Faults
Update Fixed Elements from Heavy Faults
Update Fixed Elements from Attack
Propagate Intrinsic Fault
Propagate Heavy Faults
Propagate Attacks
Inject Intrinsic Failure To Source
Source NODO_19 is failing for an Intrinsic Fault in day: 72
pipeline ARCO_35 has reduced capacity due to NODO_19 Intrinsic fault
pipeline ARCO_109 has reduced capacity due to NODO_19 Intrinsic fault
pipeline ARCO_110 has reduced capacity due to NODO_19 Intrinsic fault
pipeline V_EDGE_53_17 has reduced capacity due to NODO_19 Intrinsic fault
pipeline ARCO_39 has reduced capacity due to NODO_19 Intrinsic fault
pipeline ARCO_40 has reduced capacity due to NODO_19 Intrinsic fault
pipeline ARCO_105 has reduced capacity due to NODO_19 Intrinsic fault
Inject Heavy Fault To Sources
Inject Attack Multiple To Source
Inject Intrinsic Fault To Pipeline
Inject Heavy Fault To Pipeline
Inject Attack To Pipeline
----------- Statistics ------------
	Sources Under Attack: 0
	Sources with Heavy Fault: 0
	Sources with Intrinsic Fault: 1
	Arcs with reduce capacity due to Attack: 0
	Arcs with reduce capacity due to Heavy Fault: 0
	Arcs with reduce capacity due to Intrinsic Fault: 7
	Arcs with Attacks: 0
	Arcs with Heavy Fault: 0
	Arcs with Intrinsic Fault: 0
--------- SOURCES STATISTICS ---------------
Demand del real Source[0]: -31.0, flusso erogato: 15.440000000000001, flusso entrante: 0.0, efficienza: 49.80645161290323 %
Demand del real Source[8]: -10.5, flusso erogato: 3.8600000000000003, flusso entrante: 0.0, efficienza: 36.76190476190476 %
Demand del real Source[9]: -7.1, flusso erogato: 21.54, flusso entrante: 14.440000000000001, efficienza: 303.38028169014086 %
Demand del real Source[17]: -25.0, flusso erogato: 0.0, flusso entrante: 0.0, efficienza: 0.0 %
Flusso totale entrante nei Real Source: 14.440000000000001
Flusso totale uscente dai Real Source: 40.84
Flusso netto sui real Source: -26.400000000000002
--- SINKS STATISTICS ---
Sink 3 SODDISFATTO. Flusso netto: 3.43, Demand: 3.43, percentage: 100.0
Sink 4 SODDISFATTO. Flusso netto: 0.5700000000000003, Demand: 0.57, percentage: 100.00000000000007
Sink 5 SODDISFATTO. Flusso netto: 0.6600000000000001, Demand: 0.66, percentage: 100.00000000000003
Sink 11 SODDISFATTO. Flusso netto: 1.03, Demand: 1.03, percentage: 100.0
Sink 15 SODDISFATTO. Flusso netto: 0.45999999999999996, Demand: 0.46, percentage: 99.99999999999999
Sink 16 non è soddisfatto. Flusso netto: 2.83, Demand: 8.4, percentage: 33.69047619047619
Sink 19 non è soddisfatto. Flusso netto: 0.0, Demand: 0.54, percentage: 0.0
Sink 23 non è soddisfatto. Flusso netto: 0.0, Demand: 0.6, percentage: 0.0
Sink 24 non è soddisfatto. Flusso netto: 0.0, Demand: 0.8, percentage: 0.0
Sink 25 non è soddisfatto. Flusso netto: 0.0, Demand: 3.5, percentage: 0.0
Sink 26 non è soddisfatto. Flusso netto: 0.0, Demand: 6.0, percentage: 0.0
Sink 28 non è soddisfatto. Flusso netto: 0.0, Demand: 0.4, percentage: 0.0
Sink 30 non è soddisfatto. Flusso netto: 0.0, Demand: 0.98, percentage: 0.0
Sink 31 non è soddisfatto. Flusso netto: 0.0, Demand: 0.4, percentage: 0.0
Sink 32 SODDISFATTO. Flusso netto: 1.0, Demand: 1.0, percentage: 100.0
Sink 34 SODDISFATTO. Flusso netto: 1.74, Demand: 1.74, percentage: 100.0
Sink 35 SODDISFATTO. Flusso netto: 1.3, Demand: 1.3, percentage: 100.0
Sink 37 SODDISFATTO. Flusso netto: 1.0, Demand: 1.0, percentage: 100.0
Sink 39 non è soddisfatto. Flusso netto: 0.0, Demand: 0.4, percentage: 0.0
Sink 40 non è soddisfatto. Flusso netto: 0.0, Demand: 0.5, percentage: 0.0
Sink 41 SODDISFATTO. Flusso netto: 1.0600000000000005, Demand: 1.06, percentage: 100.00000000000004
Sink 42 SODDISFATTO. Flusso netto: 2.8199999999999994, Demand: 2.82, percentage: 99.99999999999999
Sink 45 SODDISFATTO. Flusso netto: 0.68, Demand: 0.68, percentage: 100.0
Sink 46 SODDISFATTO. Flusso netto: 1.17, Demand: 1.17, percentage: 100.0
Sink 49 non è soddisfatto. Flusso netto: 6.6499999999999995, Demand: 7.0, percentage: 95.0
Flusso totale entrante nei SINK: 53.099999999999994
Flusso totale uscente nei SINK: 26.7
Flusso totale netto nei SINK: 26.399999999999995
Total DEMAND dei SINK: 46.44
Percentual di flusso ai SINK: 0.5684754521963824
Numero di Sink soddisfatti: 13.0, numero totale di sink: 25.0
Percentuale di Sink soddisfatti: 0.52

---------------------------------- DAY 73

Update Fixed Elements from Intrinsic Faults
Update Fixed Elements from Heavy Faults
Update Fixed Elements from Attack
Propagate Intrinsic Fault
Node NODO_19 has still failing due to Intrinsic Fault
pipeline ARCO_35 still has reduced capacity: 0.0 due to Intrinsic Fault
pipeline ARCO_109 still has reduced capacity: 0.0 due to Intrinsic Fault
pipeline ARCO_110 still has reduced capacity: 0.0 due to Intrinsic Fault
pipeline V_EDGE_53_17 still has reduced capacity: 0.0 due to Intrinsic Fault
pipeline ARCO_39 still has reduced capacity: 0.0 due to Intrinsic Fault
pipeline ARCO_40 still has reduced capacity: 0.0 due to Intrinsic Fault
pipeline ARCO_105 still has reduced capacity: 0.0 due to Intrinsic Fault
Propagate Heavy Faults
Propagate Attacks
Inject Intrinsic Failure To Source
Inject Heavy Fault To Sources
Inject Attack Multiple To Source
Inject Intrinsic Fault To Pipeline
Inject Heavy Fault To Pipeline
Inject Attack To Pipeline
----------- Statistics ------------
	Sources Under Attack: 0
	Sources with Heavy Fault: 0
	Sources with Intrinsic Fault: 1
	Arcs with reduce capacity due to Attack: 0
	Arcs with reduce capacity due to Heavy Fault: 0
	Arcs with reduce capacity due to Intrinsic Fault: 7
	Arcs with Attacks: 0
	Arcs with Heavy Fault: 0
	Arcs with Intrinsic Fault: 0
--------- SOURCES STATISTICS ---------------
Demand del real Source[0]: -31.0, flusso erogato: 15.440000000000001, flusso entrante: 0.0, efficienza: 49.80645161290323 %
Demand del real Source[8]: -10.5, flusso erogato: 3.8600000000000003, flusso entrante: 0.0, efficienza: 36.76190476190476 %
Demand del real Source[9]: -7.1, flusso erogato: 21.54, flusso entrante: 14.440000000000001, efficienza: 303.38028169014086 %
Demand del real Source[17]: -25.0, flusso erogato: 0.0, flusso entrante: 0.0, efficienza: 0.0 %
Flusso totale entrante nei Real Source: 14.440000000000001
Flusso totale uscente dai Real Source: 40.84
Flusso netto sui real Source: -26.400000000000002
--- SINKS STATISTICS ---
Sink 3 SODDISFATTO. Flusso netto: 3.43, Demand: 3.43, percentage: 100.0
Sink 4 SODDISFATTO. Flusso netto: 0.5700000000000003, Demand: 0.57, percentage: 100.00000000000007
Sink 5 SODDISFATTO. Flusso netto: 0.6600000000000001, Demand: 0.66, percentage: 100.00000000000003
Sink 11 SODDISFATTO. Flusso netto: 1.03, Demand: 1.03, percentage: 100.0
Sink 15 SODDISFATTO. Flusso netto: 0.45999999999999996, Demand: 0.46, percentage: 99.99999999999999
Sink 16 non è soddisfatto. Flusso netto: 2.83, Demand: 8.4, percentage: 33.69047619047619
Sink 19 non è soddisfatto. Flusso netto: 0.0, Demand: 0.54, percentage: 0.0
Sink 23 non è soddisfatto. Flusso netto: 0.0, Demand: 0.6, percentage: 0.0
Sink 24 non è soddisfatto. Flusso netto: 0.0, Demand: 0.8, percentage: 0.0
Sink 25 non è soddisfatto. Flusso netto: 0.0, Demand: 3.5, percentage: 0.0
Sink 26 non è soddisfatto. Flusso netto: 0.0, Demand: 6.0, percentage: 0.0
Sink 28 non è soddisfatto. Flusso netto: 0.0, Demand: 0.4, percentage: 0.0
Sink 30 non è soddisfatto. Flusso netto: 0.0, Demand: 0.98, percentage: 0.0
Sink 31 non è soddisfatto. Flusso netto: 0.0, Demand: 0.4, percentage: 0.0
Sink 32 SODDISFATTO. Flusso netto: 1.0, Demand: 1.0, percentage: 100.0
Sink 34 SODDISFATTO. Flusso netto: 1.74, Demand: 1.74, percentage: 100.0
Sink 35 SODDISFATTO. Flusso netto: 1.3, Demand: 1.3, percentage: 100.0
Sink 37 SODDISFATTO. Flusso netto: 1.0, Demand: 1.0, percentage: 100.0
Sink 39 non è soddisfatto. Flusso netto: 0.0, Demand: 0.4, percentage: 0.0
Sink 40 non è soddisfatto. Flusso netto: 0.0, Demand: 0.5, percentage: 0.0
Sink 41 SODDISFATTO. Flusso netto: 1.0600000000000005, Demand: 1.06, percentage: 100.00000000000004
Sink 42 SODDISFATTO. Flusso netto: 2.8199999999999994, Demand: 2.82, percentage: 99.99999999999999
Sink 45 SODDISFATTO. Flusso netto: 0.68, Demand: 0.68, percentage: 100.0
Sink 46 SODDISFATTO. Flusso netto: 1.17, Demand: 1.17, percentage: 100.0
Sink 49 non è soddisfatto. Flusso netto: 6.6499999999999995, Demand: 7.0, percentage: 95.0
Flusso totale entrante nei SINK: 53.099999999999994
Flusso totale uscente nei SINK: 26.7
Flusso totale netto nei SINK: 26.399999999999995
Total DEMAND dei SINK: 46.44
Percentual di flusso ai SINK: 0.5684754521963824
Numero di Sink soddisfatti: 13.0, numero totale di sink: 25.0
Percentuale di Sink soddisfatti: 0.52

---------------------------------- DAY 74

Update Fixed Elements from Intrinsic Faults
Update Fixed Elements from Heavy Faults
Update Fixed Elements from Attack
Propagate Intrinsic Fault
Node NODO_19 has still failing due to Intrinsic Fault
pipeline ARCO_35 still has reduced capacity: 0.0 due to Intrinsic Fault
pipeline ARCO_109 still has reduced capacity: 0.0 due to Intrinsic Fault
pipeline ARCO_110 still has reduced capacity: 0.0 due to Intrinsic Fault
pipeline V_EDGE_53_17 still has reduced capacity: 0.0 due to Intrinsic Fault
pipeline ARCO_39 still has reduced capacity: 0.0 due to Intrinsic Fault
pipeline ARCO_40 still has reduced capacity: 0.0 due to Intrinsic Fault
pipeline ARCO_105 still has reduced capacity: 0.0 due to Intrinsic Fault
Propagate Heavy Faults
Propagate Attacks
Inject Intrinsic Failure To Source
Source NODO_19 is failing for an Intrinsic Fault in day: 74
pipeline ARCO_35 has reduced capacity due to NODO_19 Intrinsic fault
pipeline ARCO_109 has reduced capacity due to NODO_19 Intrinsic fault
pipeline ARCO_110 has reduced capacity due to NODO_19 Intrinsic fault
pipeline V_EDGE_53_17 has reduced capacity due to NODO_19 Intrinsic fault
pipeline ARCO_39 has reduced capacity due to NODO_19 Intrinsic fault
pipeline ARCO_40 has reduced capacity due to NODO_19 Intrinsic fault
pipeline ARCO_105 has reduced capacity due to NODO_19 Intrinsic fault
Source NODO_11 is failing for an Intrinsic Fault in day: 74
pipeline ARCO_3 has reduced capacity due to NODO_11 Intrinsic fault
pipeline ARCO_90 has reduced capacity due to NODO_11 Intrinsic fault
pipeline ARCO_91 has reduced capacity due to NODO_11 Intrinsic fault
pipeline ARCO_92 has reduced capacity due to NODO_11 Intrinsic fault
pipeline V_EDGE_53_9 has reduced capacity due to NODO_11 Intrinsic fault
pipeline ARCO_20 has reduced capacity due to NODO_11 Intrinsic fault
pipeline ARCO_21 has reduced capacity due to NODO_11 Intrinsic fault
pipeline ARCO_22 has reduced capacity due to NODO_11 Intrinsic fault
pipeline ARCO_73 has reduced capacity due to NODO_11 Intrinsic fault
Inject Heavy Fault To Sources
Inject Attack Multiple To Source
Inject Intrinsic Fault To Pipeline
Inject Heavy Fault To Pipeline
Inject Attack To Pipeline
----------- Statistics ------------
	Sources Under Attack: 0
	Sources with Heavy Fault: 0
	Sources with Intrinsic Fault: 2
	Arcs with reduce capacity due to Attack: 0
	Arcs with reduce capacity due to Heavy Fault: 0
	Arcs with reduce capacity due to Intrinsic Fault: 16
	Arcs with Attacks: 0
	Arcs with Heavy Fault: 0
	Arcs with Intrinsic Fault: 0
--------- SOURCES STATISTICS ---------------
Demand del real Source[0]: -31.0, flusso erogato: 16.296, flusso entrante: 0.0, efficienza: 52.567741935483866 %
Demand del real Source[8]: -10.5, flusso erogato: 4.2719999999999985, flusso entrante: 0.0, efficienza: 40.68571428571427 %
Demand del real Source[9]: -7.1, flusso erogato: 20.976, flusso entrante: 15.296000000000001, efficienza: 295.4366197183099 %
Demand del real Source[17]: -25.0, flusso erogato: 0.0, flusso entrante: 0.0, efficienza: 0.0 %
Flusso totale entrante nei Real Source: 15.296000000000001
Flusso totale uscente dai Real Source: 41.544000000000004
Flusso netto sui real Source: -26.248000000000005
--- SINKS STATISTICS ---
Sink 3 SODDISFATTO. Flusso netto: 3.43, Demand: 3.43, percentage: 100.0
Sink 4 SODDISFATTO. Flusso netto: 0.5700000000000003, Demand: 0.57, percentage: 100.00000000000007
Sink 5 SODDISFATTO. Flusso netto: 0.6600000000000001, Demand: 0.66, percentage: 100.00000000000003
Sink 11 SODDISFATTO. Flusso netto: 1.03, Demand: 1.03, percentage: 100.0
Sink 15 SODDISFATTO. Flusso netto: 0.45999999999999996, Demand: 0.46, percentage: 99.99999999999999
Sink 16 non è soddisfatto. Flusso netto: 2.83, Demand: 8.4, percentage: 33.69047619047619
Sink 19 non è soddisfatto. Flusso netto: 0.0, Demand: 0.54, percentage: 0.0
Sink 23 non è soddisfatto. Flusso netto: 0.0, Demand: 0.6, percentage: 0.0
Sink 24 non è soddisfatto. Flusso netto: 0.0, Demand: 0.8, percentage: 0.0
Sink 25 non è soddisfatto. Flusso netto: 0.0, Demand: 3.5, percentage: 0.0
Sink 26 non è soddisfatto. Flusso netto: 0.0, Demand: 6.0, percentage: 0.0
Sink 28 non è soddisfatto. Flusso netto: 0.0, Demand: 0.4, percentage: 0.0
Sink 30 non è soddisfatto. Flusso netto: 0.0, Demand: 0.98, percentage: 0.0
Sink 31 non è soddisfatto. Flusso netto: 0.0, Demand: 0.4, percentage: 0.0
Sink 32 SODDISFATTO. Flusso netto: 1.0000000000000009, Demand: 1.0, percentage: 100.00000000000009
Sink 34 SODDISFATTO. Flusso netto: 1.74, Demand: 1.74, percentage: 100.0
Sink 35 SODDISFATTO. Flusso netto: 1.3, Demand: 1.3, percentage: 100.0
Sink 37 SODDISFATTO. Flusso netto: 1.0, Demand: 1.0, percentage: 100.0
Sink 39 non è soddisfatto. Flusso netto: 0.0, Demand: 0.4, percentage: 0.0
Sink 40 non è soddisfatto. Flusso netto: 0.0, Demand: 0.5, percentage: 0.0
Sink 41 SODDISFATTO. Flusso netto: 1.0599999999999987, Demand: 1.06, percentage: 99.99999999999987
Sink 42 SODDISFATTO. Flusso netto: 2.8200000000000003, Demand: 2.82, percentage: 100.00000000000003
Sink 45 SODDISFATTO. Flusso netto: 0.68, Demand: 0.68, percentage: 100.0
Sink 46 SODDISFATTO. Flusso netto: 1.17, Demand: 1.17, percentage: 100.0
Sink 49 non è soddisfatto. Flusso netto: 6.497999999999999, Demand: 7.0, percentage: 92.82857142857142
Flusso totale entrante nei SINK: 55.32000000000001
Flusso totale uscente nei SINK: 29.072
Flusso totale netto nei SINK: 26.248000000000008
Total DEMAND dei SINK: 46.44
Percentual di flusso ai SINK: 0.5652024117140398
Numero di Sink soddisfatti: 13.0, numero totale di sink: 25.0
Percentuale di Sink soddisfatti: 0.52

---------------------------------- DAY 75

Update Fixed Elements from Intrinsic Faults
Update Fixed Elements from Heavy Faults
Update Fixed Elements from Attack
Propagate Intrinsic Fault
Node NODO_19 has still failing due to Intrinsic Fault
Node NODO_11 has still failing due to Intrinsic Fault
pipeline ARCO_35 still has reduced capacity: 0.0 due to Intrinsic Fault
pipeline ARCO_109 still has reduced capacity: 0.0 due to Intrinsic Fault
pipeline ARCO_110 still has reduced capacity: 0.0 due to Intrinsic Fault
pipeline V_EDGE_53_17 still has reduced capacity: 0.0 due to Intrinsic Fault
pipeline ARCO_39 still has reduced capacity: 0.0 due to Intrinsic Fault
pipeline ARCO_40 still has reduced capacity: 0.0 due to Intrinsic Fault
pipeline ARCO_105 still has reduced capacity: 0.0 due to Intrinsic Fault
pipeline ARCO_3 still has reduced capacity: 9.688 due to Intrinsic Fault
pipeline ARCO_90 still has reduced capacity: 1.6 due to Intrinsic Fault
pipeline ARCO_91 still has reduced capacity: 9.688 due to Intrinsic Fault
pipeline ARCO_92 still has reduced capacity: 39.328 due to Intrinsic Fault
pipeline V_EDGE_53_9 still has reduced capacity: 5.68 due to Intrinsic Fault
pipeline ARCO_20 still has reduced capacity: 1.6 due to Intrinsic Fault
pipeline ARCO_21 still has reduced capacity: 9.688 due to Intrinsic Fault
pipeline ARCO_22 still has reduced capacity: 39.328 due to Intrinsic Fault
pipeline ARCO_73 still has reduced capacity: 9.688 due to Intrinsic Fault
Propagate Heavy Faults
Propagate Attacks
Inject Intrinsic Failure To Source
Inject Heavy Fault To Sources
Inject Attack Multiple To Source
Inject Intrinsic Fault To Pipeline
Inject Heavy Fault To Pipeline
Inject Attack To Pipeline
----------- Statistics ------------
	Sources Under Attack: 0
	Sources with Heavy Fault: 0
	Sources with Intrinsic Fault: 2
	Arcs with reduce capacity due to Attack: 0
	Arcs with reduce capacity due to Heavy Fault: 0
	Arcs with reduce capacity due to Intrinsic Fault: 16
	Arcs with Attacks: 0
	Arcs with Heavy Fault: 0
	Arcs with Intrinsic Fault: 0
--------- SOURCES STATISTICS ---------------
Demand del real Source[0]: -31.0, flusso erogato: 16.296, flusso entrante: 0.0, efficienza: 52.567741935483866 %
Demand del real Source[8]: -10.5, flusso erogato: 4.2719999999999985, flusso entrante: 0.0, efficienza: 40.68571428571427 %
Demand del real Source[9]: -7.1, flusso erogato: 20.976, flusso entrante: 15.296000000000001, efficienza: 295.4366197183099 %
Demand del real Source[17]: -25.0, flusso erogato: 0.0, flusso entrante: 0.0, efficienza: 0.0 %
Flusso totale entrante nei Real Source: 15.296000000000001
Flusso totale uscente dai Real Source: 41.544000000000004
Flusso netto sui real Source: -26.248000000000005
--- SINKS STATISTICS ---
Sink 3 SODDISFATTO. Flusso netto: 3.43, Demand: 3.43, percentage: 100.0
Sink 4 SODDISFATTO. Flusso netto: 0.5700000000000003, Demand: 0.57, percentage: 100.00000000000007
Sink 5 SODDISFATTO. Flusso netto: 0.6600000000000001, Demand: 0.66, percentage: 100.00000000000003
Sink 11 SODDISFATTO. Flusso netto: 1.03, Demand: 1.03, percentage: 100.0
Sink 15 SODDISFATTO. Flusso netto: 0.45999999999999996, Demand: 0.46, percentage: 99.99999999999999
Sink 16 non è soddisfatto. Flusso netto: 2.83, Demand: 8.4, percentage: 33.69047619047619
Sink 19 non è soddisfatto. Flusso netto: 0.0, Demand: 0.54, percentage: 0.0
Sink 23 non è soddisfatto. Flusso netto: 0.0, Demand: 0.6, percentage: 0.0
Sink 24 non è soddisfatto. Flusso netto: 0.0, Demand: 0.8, percentage: 0.0
Sink 25 non è soddisfatto. Flusso netto: 0.0, Demand: 3.5, percentage: 0.0
Sink 26 non è soddisfatto. Flusso netto: 0.0, Demand: 6.0, percentage: 0.0
Sink 28 non è soddisfatto. Flusso netto: 0.0, Demand: 0.4, percentage: 0.0
Sink 30 non è soddisfatto. Flusso netto: 0.0, Demand: 0.98, percentage: 0.0
Sink 31 non è soddisfatto. Flusso netto: 0.0, Demand: 0.4, percentage: 0.0
Sink 32 SODDISFATTO. Flusso netto: 1.0000000000000009, Demand: 1.0, percentage: 100.00000000000009
Sink 34 SODDISFATTO. Flusso netto: 1.74, Demand: 1.74, percentage: 100.0
Sink 35 SODDISFATTO. Flusso netto: 1.3, Demand: 1.3, percentage: 100.0
Sink 37 SODDISFATTO. Flusso netto: 1.0, Demand: 1.0, percentage: 100.0
Sink 39 non è soddisfatto. Flusso netto: 0.0, Demand: 0.4, percentage: 0.0
Sink 40 non è soddisfatto. Flusso netto: 0.0, Demand: 0.5, percentage: 0.0
Sink 41 SODDISFATTO. Flusso netto: 1.0599999999999987, Demand: 1.06, percentage: 99.99999999999987
Sink 42 SODDISFATTO. Flusso netto: 2.8200000000000003, Demand: 2.82, percentage: 100.00000000000003
Sink 45 SODDISFATTO. Flusso netto: 0.68, Demand: 0.68, percentage: 100.0
Sink 46 SODDISFATTO. Flusso netto: 1.17, Demand: 1.17, percentage: 100.0
Sink 49 non è soddisfatto. Flusso netto: 6.497999999999999, Demand: 7.0, percentage: 92.82857142857142
Flusso totale entrante nei SINK: 55.32000000000001
Flusso totale uscente nei SINK: 29.072
Flusso totale netto nei SINK: 26.248000000000008
Total DEMAND dei SINK: 46.44
Percentual di flusso ai SINK: 0.5652024117140398
Numero di Sink soddisfatti: 13.0, numero totale di sink: 25.0
Percentuale di Sink soddisfatti: 0.52

---------------------------------- DAY 76

Update Fixed Elements from Intrinsic Faults
Source NODO_19 fixed from Intrinsic Fault
Pipeline ARCO_35 fixed due to Source NODO_19 fixing from Intrinsic Fault
Pipeline ARCO_109 fixed due to Source NODO_19 fixing from Intrinsic Fault
Pipeline ARCO_110 fixed due to Source NODO_19 fixing from Intrinsic Fault
Pipeline V_EDGE_53_17 fixed due to Source NODO_19 fixing from Intrinsic Fault
Pipeline ARCO_39 fixed due to Source NODO_19 fixing from Intrinsic Fault
Pipeline ARCO_40 fixed due to Source NODO_19 fixing from Intrinsic Fault
Pipeline ARCO_105 fixed due to Source NODO_19 fixing from Intrinsic Fault
Update Fixed Elements from Heavy Faults
Update Fixed Elements from Attack
Propagate Intrinsic Fault
Node NODO_11 has still failing due to Intrinsic Fault
pipeline ARCO_3 still has reduced capacity: 9.688 due to Intrinsic Fault
pipeline ARCO_90 still has reduced capacity: 1.6 due to Intrinsic Fault
pipeline ARCO_91 still has reduced capacity: 9.688 due to Intrinsic Fault
pipeline ARCO_92 still has reduced capacity: 39.328 due to Intrinsic Fault
pipeline V_EDGE_53_9 still has reduced capacity: 5.68 due to Intrinsic Fault
pipeline ARCO_20 still has reduced capacity: 1.6 due to Intrinsic Fault
pipeline ARCO_21 still has reduced capacity: 9.688 due to Intrinsic Fault
pipeline ARCO_22 still has reduced capacity: 39.328 due to Intrinsic Fault
pipeline ARCO_73 still has reduced capacity: 9.688 due to Intrinsic Fault
Propagate Heavy Faults
Propagate Attacks
Inject Intrinsic Failure To Source
Inject Heavy Fault To Sources
Inject Attack Multiple To Source
Inject Intrinsic Fault To Pipeline
Inject Heavy Fault To Pipeline
Inject Attack To Pipeline
----------- Statistics ------------
	Sources Under Attack: 0
	Sources with Heavy Fault: 0
	Sources with Intrinsic Fault: 1
	Arcs with reduce capacity due to Attack: 0
	Arcs with reduce capacity due to Heavy Fault: 0
	Arcs with reduce capacity due to Intrinsic Fault: 9
	Arcs with Attacks: 0
	Arcs with Heavy Fault: 0
	Arcs with Intrinsic Fault: 0
--------- SOURCES STATISTICS ---------------
Demand del real Source[0]: -31.0, flusso erogato: 11.397999999999998, flusso entrante: 0.0, efficienza: 36.76774193548387 %
Demand del real Source[8]: -10.5, flusso erogato: 3.8600000000000003, flusso entrante: 0.0, efficienza: 36.76190476190476 %
Demand del real Source[9]: -7.1, flusso erogato: 16.077999999999996, flusso entrante: 10.397999999999998, efficienza: 226.45070422535207 %
Demand del real Source[17]: -25.0, flusso erogato: 25.000000000000007, flusso entrante: 0.0, efficienza: 100.00000000000003 %
Flusso totale entrante nei Real Source: 10.397999999999998
Flusso totale uscente dai Real Source: 56.336000000000006
Flusso netto sui real Source: -45.93800000000001
--- SINKS STATISTICS ---
Sink 3 SODDISFATTO. Flusso netto: 3.43, Demand: 3.43, percentage: 100.0
Sink 4 SODDISFATTO. Flusso netto: 0.5700000000000003, Demand: 0.57, percentage: 100.00000000000007
Sink 5 SODDISFATTO. Flusso netto: 0.6600000000000001, Demand: 0.66, percentage: 100.00000000000003
Sink 11 SODDISFATTO. Flusso netto: 1.03, Demand: 1.03, percentage: 100.0
Sink 15 SODDISFATTO. Flusso netto: 0.46, Demand: 0.46, percentage: 100.0
Sink 16 SODDISFATTO. Flusso netto: 8.400000000000002, Demand: 8.4, percentage: 100.00000000000003
Sink 19 SODDISFATTO. Flusso netto: 0.5399999999999991, Demand: 0.54, percentage: 99.99999999999983
Sink 23 SODDISFATTO. Flusso netto: 0.5999999999999999, Demand: 0.6, percentage: 99.99999999999997
Sink 24 SODDISFATTO. Flusso netto: 0.8, Demand: 0.8, percentage: 100.0
Sink 25 SODDISFATTO. Flusso netto: 3.5, Demand: 3.5, percentage: 100.0
Sink 26 SODDISFATTO. Flusso netto: 6.000000000000002, Demand: 6.0, percentage: 100.00000000000003
Sink 28 SODDISFATTO. Flusso netto: 0.4, Demand: 0.4, percentage: 100.0
Sink 30 SODDISFATTO. Flusso netto: 0.9799999999999986, Demand: 0.98, percentage: 99.99999999999987
Sink 31 SODDISFATTO. Flusso netto: 0.4, Demand: 0.4, percentage: 100.0
Sink 32 SODDISFATTO. Flusso netto: 0.9999999999999996, Demand: 1.0, percentage: 99.99999999999996
Sink 34 SODDISFATTO. Flusso netto: 1.74, Demand: 1.74, percentage: 100.0
Sink 35 SODDISFATTO. Flusso netto: 1.3, Demand: 1.3, percentage: 100.0
Sink 37 SODDISFATTO. Flusso netto: 1.0, Demand: 1.0, percentage: 100.0
Sink 39 SODDISFATTO. Flusso netto: 0.4, Demand: 0.4, percentage: 100.0
Sink 40 SODDISFATTO. Flusso netto: 0.5, Demand: 0.5, percentage: 100.0
Sink 41 SODDISFATTO. Flusso netto: 1.0599999999999996, Demand: 1.06, percentage: 99.99999999999996
Sink 42 SODDISFATTO. Flusso netto: 2.8200000000000003, Demand: 2.82, percentage: 100.00000000000003
Sink 45 SODDISFATTO. Flusso netto: 0.68, Demand: 0.68, percentage: 100.0
Sink 46 SODDISFATTO. Flusso netto: 1.17, Demand: 1.17, percentage: 100.0
Sink 49 non è soddisfatto. Flusso netto: 6.497999999999999, Demand: 7.0, percentage: 92.82857142857142
Flusso totale entrante nei SINK: 95.24200000000002
Flusso totale uscente nei SINK: 49.304
Flusso totale netto nei SINK: 45.93800000000002
Total DEMAND dei SINK: 46.44
Percentual di flusso ai SINK: 0.989190353143842
Numero di Sink soddisfatti: 24.0, numero totale di sink: 25.0
Percentuale di Sink soddisfatti: 0.96

---------------------------------- DAY 77

Update Fixed Elements from Intrinsic Faults
Source NODO_11 fixed from Intrinsic Fault
Pipeline ARCO_3 fixed due to Source NODO_11 fixing from Intrinsic Fault
Pipeline ARCO_90 fixed due to Source NODO_11 fixing from Intrinsic Fault
Pipeline ARCO_91 fixed due to Source NODO_11 fixing from Intrinsic Fault
Pipeline ARCO_92 fixed due to Source NODO_11 fixing from Intrinsic Fault
Pipeline V_EDGE_53_9 fixed due to Source NODO_11 fixing from Intrinsic Fault
Pipeline ARCO_20 fixed due to Source NODO_11 fixing from Intrinsic Fault
Pipeline ARCO_21 fixed due to Source NODO_11 fixing from Intrinsic Fault
Pipeline ARCO_22 fixed due to Source NODO_11 fixing from Intrinsic Fault
Pipeline ARCO_73 fixed due to Source NODO_11 fixing from Intrinsic Fault
Update Fixed Elements from Heavy Faults
Update Fixed Elements from Attack
Propagate Intrinsic Fault
Propagate Heavy Faults
Propagate Attacks
Inject Intrinsic Failure To Source
Source NODO_10 is failing for an Intrinsic Fault in day: 77
pipeline ARCO_17 has reduced capacity due to NODO_10 Intrinsic fault
pipeline ARCO_88 has reduced capacity due to NODO_10 Intrinsic fault
pipeline ARCO_89 has reduced capacity due to NODO_10 Intrinsic fault
pipeline V_EDGE_53_8 has reduced capacity due to NODO_10 Intrinsic fault
pipeline ARCO_18 has reduced capacity due to NODO_10 Intrinsic fault
pipeline ARCO_19 has reduced capacity due to NODO_10 Intrinsic fault
pipeline ARCO_87 has reduced capacity due to NODO_10 Intrinsic fault
Source NODO_11 is failing for an Intrinsic Fault in day: 77
pipeline ARCO_3 has reduced capacity due to NODO_11 Intrinsic fault
pipeline ARCO_90 has reduced capacity due to NODO_11 Intrinsic fault
pipeline ARCO_91 has reduced capacity due to NODO_11 Intrinsic fault
pipeline ARCO_92 has reduced capacity due to NODO_11 Intrinsic fault
pipeline V_EDGE_53_9 has reduced capacity due to NODO_11 Intrinsic fault
pipeline ARCO_20 has reduced capacity due to NODO_11 Intrinsic fault
pipeline ARCO_21 has reduced capacity due to NODO_11 Intrinsic fault
pipeline ARCO_22 has reduced capacity due to NODO_11 Intrinsic fault
pipeline ARCO_73 has reduced capacity due to NODO_11 Intrinsic fault
Inject Heavy Fault To Sources
Inject Attack Multiple To Source
Inject Intrinsic Fault To Pipeline
Inject Heavy Fault To Pipeline
Inject Attack To Pipeline
----------- Statistics ------------
	Sources Under Attack: 0
	Sources with Heavy Fault: 0
	Sources with Intrinsic Fault: 2
	Arcs with reduce capacity due to Attack: 0
	Arcs with reduce capacity due to Heavy Fault: 0
	Arcs with reduce capacity due to Intrinsic Fault: 16
	Arcs with Attacks: 0
	Arcs with Heavy Fault: 0
	Arcs with Intrinsic Fault: 0
--------- SOURCES STATISTICS ---------------
Demand del real Source[0]: -31.0, flusso erogato: 12.427999999999997, flusso entrante: 0.0, efficienza: 40.09032258064516 %
Demand del real Source[8]: -10.5, flusso erogato: 0.0, flusso entrante: 0.0, efficienza: 0.0 %
Demand del real Source[9]: -7.1, flusso erogato: 17.107999999999997, flusso entrante: 11.427999999999999, efficienza: 240.9577464788732 %
Demand del real Source[17]: -25.0, flusso erogato: 25.000000000000007, flusso entrante: 0.0, efficienza: 100.00000000000003 %
Flusso totale entrante nei Real Source: 11.427999999999999
Flusso totale uscente dai Real Source: 54.536
Flusso netto sui real Source: -43.108000000000004
--- SINKS STATISTICS ---
Sink 3 SODDISFATTO. Flusso netto: 3.43, Demand: 3.43, percentage: 100.0
Sink 4 SODDISFATTO. Flusso netto: 0.5700000000000003, Demand: 0.57, percentage: 100.00000000000007
Sink 5 SODDISFATTO. Flusso netto: 0.6599999999999997, Demand: 0.66, percentage: 99.99999999999994
Sink 11 SODDISFATTO. Flusso netto: 1.03, Demand: 1.03, percentage: 100.0
Sink 15 SODDISFATTO. Flusso netto: 0.46, Demand: 0.46, percentage: 100.0
Sink 16 SODDISFATTO. Flusso netto: 8.400000000000002, Demand: 8.4, percentage: 100.00000000000003
Sink 19 SODDISFATTO. Flusso netto: 0.5399999999999991, Demand: 0.54, percentage: 99.99999999999983
Sink 23 SODDISFATTO. Flusso netto: 0.5999999999999999, Demand: 0.6, percentage: 99.99999999999997
Sink 24 SODDISFATTO. Flusso netto: 0.8, Demand: 0.8, percentage: 100.0
Sink 25 SODDISFATTO. Flusso netto: 3.5, Demand: 3.5, percentage: 100.0
Sink 26 SODDISFATTO. Flusso netto: 6.000000000000002, Demand: 6.0, percentage: 100.00000000000003
Sink 28 SODDISFATTO. Flusso netto: 0.4, Demand: 0.4, percentage: 100.0
Sink 30 SODDISFATTO. Flusso netto: 0.9799999999999986, Demand: 0.98, percentage: 99.99999999999987
Sink 31 SODDISFATTO. Flusso netto: 0.4, Demand: 0.4, percentage: 100.0
Sink 32 SODDISFATTO. Flusso netto: 0.9999999999999996, Demand: 1.0, percentage: 99.99999999999996
Sink 34 SODDISFATTO. Flusso netto: 1.74, Demand: 1.74, percentage: 100.0
Sink 35 SODDISFATTO. Flusso netto: 1.3, Demand: 1.3, percentage: 100.0
Sink 37 SODDISFATTO. Flusso netto: 1.0, Demand: 1.0, percentage: 100.0
Sink 39 SODDISFATTO. Flusso netto: 0.4, Demand: 0.4, percentage: 100.0
Sink 40 SODDISFATTO. Flusso netto: 0.5, Demand: 0.5, percentage: 100.0
Sink 41 SODDISFATTO. Flusso netto: 1.0599999999999996, Demand: 1.06, percentage: 99.99999999999996
Sink 42 SODDISFATTO. Flusso netto: 2.8200000000000003, Demand: 2.82, percentage: 100.00000000000003
Sink 45 SODDISFATTO. Flusso netto: 0.68, Demand: 0.68, percentage: 100.0
Sink 46 SODDISFATTO. Flusso netto: 1.17, Demand: 1.17, percentage: 100.0
Sink 49 non è soddisfatto. Flusso netto: 3.6679999999999997, Demand: 7.0, percentage: 52.39999999999999
Flusso totale entrante nei SINK: 91.75200000000002
Flusso totale uscente nei SINK: 48.64399999999999
Flusso totale netto nei SINK: 43.10800000000003
Total DEMAND dei SINK: 46.44
Percentual di flusso ai SINK: 0.9282515073212755
Numero di Sink soddisfatti: 24.0, numero totale di sink: 25.0
Percentuale di Sink soddisfatti: 0.96

---------------------------------- DAY 78

Update Fixed Elements from Intrinsic Faults
Update Fixed Elements from Heavy Faults
Update Fixed Elements from Attack
Propagate Intrinsic Fault
Node NODO_10 has still failing due to Intrinsic Fault
Node NODO_11 has still failing due to Intrinsic Fault
pipeline ARCO_17 still has reduced capacity: 0.0 due to Intrinsic Fault
pipeline ARCO_88 still has reduced capacity: 0.0 due to Intrinsic Fault
pipeline ARCO_89 still has reduced capacity: 0.0 due to Intrinsic Fault
pipeline V_EDGE_53_8 still has reduced capacity: 0.0 due to Intrinsic Fault
pipeline ARCO_18 still has reduced capacity: 0.0 due to Intrinsic Fault
pipeline ARCO_19 still has reduced capacity: 0.0 due to Intrinsic Fault
pipeline ARCO_87 still has reduced capacity: 0.0 due to Intrinsic Fault
pipeline ARCO_3 still has reduced capacity: 9.688 due to Intrinsic Fault
pipeline ARCO_90 still has reduced capacity: 1.6 due to Intrinsic Fault
pipeline ARCO_91 still has reduced capacity: 9.688 due to Intrinsic Fault
pipeline ARCO_92 still has reduced capacity: 39.328 due to Intrinsic Fault
pipeline V_EDGE_53_9 still has reduced capacity: 5.68 due to Intrinsic Fault
pipeline ARCO_20 still has reduced capacity: 1.6 due to Intrinsic Fault
pipeline ARCO_21 still has reduced capacity: 9.688 due to Intrinsic Fault
pipeline ARCO_22 still has reduced capacity: 39.328 due to Intrinsic Fault
pipeline ARCO_73 still has reduced capacity: 9.688 due to Intrinsic Fault
Propagate Heavy Faults
Propagate Attacks
Inject Intrinsic Failure To Source
Source NODO_10 is failing for an Intrinsic Fault in day: 78
pipeline ARCO_17 has reduced capacity due to NODO_10 Intrinsic fault
pipeline ARCO_88 has reduced capacity due to NODO_10 Intrinsic fault
pipeline ARCO_89 has reduced capacity due to NODO_10 Intrinsic fault
pipeline V_EDGE_53_8 has reduced capacity due to NODO_10 Intrinsic fault
pipeline ARCO_18 has reduced capacity due to NODO_10 Intrinsic fault
pipeline ARCO_19 has reduced capacity due to NODO_10 Intrinsic fault
pipeline ARCO_87 has reduced capacity due to NODO_10 Intrinsic fault
Inject Heavy Fault To Sources
Inject Attack Multiple To Source
Inject Intrinsic Fault To Pipeline
Inject Heavy Fault To Pipeline
Inject Attack To Pipeline
----------- Statistics ------------
	Sources Under Attack: 0
	Sources with Heavy Fault: 0
	Sources with Intrinsic Fault: 2
	Arcs with reduce capacity due to Attack: 0
	Arcs with reduce capacity due to Heavy Fault: 0
	Arcs with reduce capacity due to Intrinsic Fault: 16
	Arcs with Attacks: 0
	Arcs with Heavy Fault: 0
	Arcs with Intrinsic Fault: 0
--------- SOURCES STATISTICS ---------------
Demand del real Source[0]: -31.0, flusso erogato: 12.427999999999997, flusso entrante: 0.0, efficienza: 40.09032258064516 %
Demand del real Source[8]: -10.5, flusso erogato: 0.0, flusso entrante: 0.0, efficienza: 0.0 %
Demand del real Source[9]: -7.1, flusso erogato: 17.107999999999997, flusso entrante: 11.427999999999999, efficienza: 240.9577464788732 %
Demand del real Source[17]: -25.0, flusso erogato: 25.000000000000007, flusso entrante: 0.0, efficienza: 100.00000000000003 %
Flusso totale entrante nei Real Source: 11.427999999999999
Flusso totale uscente dai Real Source: 54.536
Flusso netto sui real Source: -43.108000000000004
--- SINKS STATISTICS ---
Sink 3 SODDISFATTO. Flusso netto: 3.43, Demand: 3.43, percentage: 100.0
Sink 4 SODDISFATTO. Flusso netto: 0.5700000000000003, Demand: 0.57, percentage: 100.00000000000007
Sink 5 SODDISFATTO. Flusso netto: 0.6599999999999997, Demand: 0.66, percentage: 99.99999999999994
Sink 11 SODDISFATTO. Flusso netto: 1.03, Demand: 1.03, percentage: 100.0
Sink 15 SODDISFATTO. Flusso netto: 0.46, Demand: 0.46, percentage: 100.0
Sink 16 SODDISFATTO. Flusso netto: 8.400000000000002, Demand: 8.4, percentage: 100.00000000000003
Sink 19 SODDISFATTO. Flusso netto: 0.5399999999999991, Demand: 0.54, percentage: 99.99999999999983
Sink 23 SODDISFATTO. Flusso netto: 0.5999999999999999, Demand: 0.6, percentage: 99.99999999999997
Sink 24 SODDISFATTO. Flusso netto: 0.8, Demand: 0.8, percentage: 100.0
Sink 25 SODDISFATTO. Flusso netto: 3.5, Demand: 3.5, percentage: 100.0
Sink 26 SODDISFATTO. Flusso netto: 6.000000000000002, Demand: 6.0, percentage: 100.00000000000003
Sink 28 SODDISFATTO. Flusso netto: 0.4, Demand: 0.4, percentage: 100.0
Sink 30 SODDISFATTO. Flusso netto: 0.9799999999999986, Demand: 0.98, percentage: 99.99999999999987
Sink 31 SODDISFATTO. Flusso netto: 0.4, Demand: 0.4, percentage: 100.0
Sink 32 SODDISFATTO. Flusso netto: 0.9999999999999996, Demand: 1.0, percentage: 99.99999999999996
Sink 34 SODDISFATTO. Flusso netto: 1.74, Demand: 1.74, percentage: 100.0
Sink 35 SODDISFATTO. Flusso netto: 1.3, Demand: 1.3, percentage: 100.0
Sink 37 SODDISFATTO. Flusso netto: 1.0, Demand: 1.0, percentage: 100.0
Sink 39 SODDISFATTO. Flusso netto: 0.4, Demand: 0.4, percentage: 100.0
Sink 40 SODDISFATTO. Flusso netto: 0.5, Demand: 0.5, percentage: 100.0
Sink 41 SODDISFATTO. Flusso netto: 1.0599999999999996, Demand: 1.06, percentage: 99.99999999999996
Sink 42 SODDISFATTO. Flusso netto: 2.8200000000000003, Demand: 2.82, percentage: 100.00000000000003
Sink 45 SODDISFATTO. Flusso netto: 0.68, Demand: 0.68, percentage: 100.0
Sink 46 SODDISFATTO. Flusso netto: 1.17, Demand: 1.17, percentage: 100.0
Sink 49 non è soddisfatto. Flusso netto: 3.6679999999999997, Demand: 7.0, percentage: 52.39999999999999
Flusso totale entrante nei SINK: 91.75200000000002
Flusso totale uscente nei SINK: 48.64399999999999
Flusso totale netto nei SINK: 43.10800000000003
Total DEMAND dei SINK: 46.44
Percentual di flusso ai SINK: 0.9282515073212755
Numero di Sink soddisfatti: 24.0, numero totale di sink: 25.0
Percentuale di Sink soddisfatti: 0.96

---------------------------------- DAY 79

Update Fixed Elements from Intrinsic Faults
Update Fixed Elements from Heavy Faults
Update Fixed Elements from Attack
Propagate Intrinsic Fault
Node NODO_10 has still failing due to Intrinsic Fault
Node NODO_11 has still failing due to Intrinsic Fault
pipeline ARCO_17 still has reduced capacity: 0.0 due to Intrinsic Fault
pipeline ARCO_88 still has reduced capacity: 0.0 due to Intrinsic Fault
pipeline ARCO_89 still has reduced capacity: 0.0 due to Intrinsic Fault
pipeline V_EDGE_53_8 still has reduced capacity: 0.0 due to Intrinsic Fault
pipeline ARCO_18 still has reduced capacity: 0.0 due to Intrinsic Fault
pipeline ARCO_19 still has reduced capacity: 0.0 due to Intrinsic Fault
pipeline ARCO_87 still has reduced capacity: 0.0 due to Intrinsic Fault
pipeline ARCO_3 still has reduced capacity: 9.688 due to Intrinsic Fault
pipeline ARCO_90 still has reduced capacity: 1.6 due to Intrinsic Fault
pipeline ARCO_91 still has reduced capacity: 9.688 due to Intrinsic Fault
pipeline ARCO_92 still has reduced capacity: 39.328 due to Intrinsic Fault
pipeline V_EDGE_53_9 still has reduced capacity: 5.68 due to Intrinsic Fault
pipeline ARCO_20 still has reduced capacity: 1.6 due to Intrinsic Fault
pipeline ARCO_21 still has reduced capacity: 9.688 due to Intrinsic Fault
pipeline ARCO_22 still has reduced capacity: 39.328 due to Intrinsic Fault
pipeline ARCO_73 still has reduced capacity: 9.688 due to Intrinsic Fault
Propagate Heavy Faults
Propagate Attacks
Inject Intrinsic Failure To Source
Source NODO_2 is failing for an Intrinsic Fault in day: 79
pipeline ARCO_70 has reduced capacity due to NODO_2 Intrinsic fault
pipeline V_EDGE_53_0 has reduced capacity due to NODO_2 Intrinsic fault
pipeline ARCO_0 has reduced capacity due to NODO_2 Intrinsic fault
Inject Heavy Fault To Sources
Inject Attack Multiple To Source
Inject Intrinsic Fault To Pipeline
Inject Heavy Fault To Pipeline
Inject Attack To Pipeline
----------- Statistics ------------
	Sources Under Attack: 0
	Sources with Heavy Fault: 0
	Sources with Intrinsic Fault: 3
	Arcs with reduce capacity due to Attack: 0
	Arcs with reduce capacity due to Heavy Fault: 0
	Arcs with reduce capacity due to Intrinsic Fault: 19
	Arcs with Attacks: 0
	Arcs with Heavy Fault: 0
	Arcs with Intrinsic Fault: 0
--------- SOURCES STATISTICS ---------------
Demand del real Source[0]: -31.0, flusso erogato: 12.427999999999997, flusso entrante: 0.0, efficienza: 40.09032258064516 %
Demand del real Source[8]: -10.5, flusso erogato: 0.0, flusso entrante: 0.0, efficienza: 0.0 %
Demand del real Source[9]: -7.1, flusso erogato: 17.107999999999997, flusso entrante: 11.427999999999999, efficienza: 240.9577464788732 %
Demand del real Source[17]: -25.0, flusso erogato: 25.000000000000007, flusso entrante: 0.0, efficienza: 100.00000000000003 %
Flusso totale entrante nei Real Source: 11.427999999999999
Flusso totale uscente dai Real Source: 54.536
Flusso netto sui real Source: -43.108000000000004
--- SINKS STATISTICS ---
Sink 3 SODDISFATTO. Flusso netto: 3.43, Demand: 3.43, percentage: 100.0
Sink 4 SODDISFATTO. Flusso netto: 0.5700000000000003, Demand: 0.57, percentage: 100.00000000000007
Sink 5 SODDISFATTO. Flusso netto: 0.6599999999999997, Demand: 0.66, percentage: 99.99999999999994
Sink 11 SODDISFATTO. Flusso netto: 1.03, Demand: 1.03, percentage: 100.0
Sink 15 SODDISFATTO. Flusso netto: 0.46, Demand: 0.46, percentage: 100.0
Sink 16 SODDISFATTO. Flusso netto: 8.400000000000002, Demand: 8.4, percentage: 100.00000000000003
Sink 19 SODDISFATTO. Flusso netto: 0.5399999999999991, Demand: 0.54, percentage: 99.99999999999983
Sink 23 SODDISFATTO. Flusso netto: 0.5999999999999999, Demand: 0.6, percentage: 99.99999999999997
Sink 24 SODDISFATTO. Flusso netto: 0.8, Demand: 0.8, percentage: 100.0
Sink 25 SODDISFATTO. Flusso netto: 3.5, Demand: 3.5, percentage: 100.0
Sink 26 SODDISFATTO. Flusso netto: 6.000000000000002, Demand: 6.0, percentage: 100.00000000000003
Sink 28 SODDISFATTO. Flusso netto: 0.4, Demand: 0.4, percentage: 100.0
Sink 30 SODDISFATTO. Flusso netto: 0.9799999999999986, Demand: 0.98, percentage: 99.99999999999987
Sink 31 SODDISFATTO. Flusso netto: 0.4, Demand: 0.4, percentage: 100.0
Sink 32 SODDISFATTO. Flusso netto: 0.9999999999999996, Demand: 1.0, percentage: 99.99999999999996
Sink 34 SODDISFATTO. Flusso netto: 1.74, Demand: 1.74, percentage: 100.0
Sink 35 SODDISFATTO. Flusso netto: 1.3, Demand: 1.3, percentage: 100.0
Sink 37 SODDISFATTO. Flusso netto: 1.0, Demand: 1.0, percentage: 100.0
Sink 39 SODDISFATTO. Flusso netto: 0.4, Demand: 0.4, percentage: 100.0
Sink 40 SODDISFATTO. Flusso netto: 0.5, Demand: 0.5, percentage: 100.0
Sink 41 SODDISFATTO. Flusso netto: 1.0599999999999996, Demand: 1.06, percentage: 99.99999999999996
Sink 42 SODDISFATTO. Flusso netto: 2.8200000000000003, Demand: 2.82, percentage: 100.00000000000003
Sink 45 SODDISFATTO. Flusso netto: 0.68, Demand: 0.68, percentage: 100.0
Sink 46 SODDISFATTO. Flusso netto: 1.17, Demand: 1.17, percentage: 100.0
Sink 49 non è soddisfatto. Flusso netto: 3.6679999999999997, Demand: 7.0, percentage: 52.39999999999999
Flusso totale entrante nei SINK: 91.75200000000002
Flusso totale uscente nei SINK: 48.64399999999999
Flusso totale netto nei SINK: 43.10800000000003
Total DEMAND dei SINK: 46.44
Percentual di flusso ai SINK: 0.9282515073212755
Numero di Sink soddisfatti: 24.0, numero totale di sink: 25.0
Percentuale di Sink soddisfatti: 0.96

---------------------------------- DAY 80

Update Fixed Elements from Intrinsic Faults
Source NODO_11 fixed from Intrinsic Fault
Pipeline ARCO_3 fixed due to Source NODO_11 fixing from Intrinsic Fault
Pipeline ARCO_90 fixed due to Source NODO_11 fixing from Intrinsic Fault
Pipeline ARCO_91 fixed due to Source NODO_11 fixing from Intrinsic Fault
Pipeline ARCO_92 fixed due to Source NODO_11 fixing from Intrinsic Fault
Pipeline V_EDGE_53_9 fixed due to Source NODO_11 fixing from Intrinsic Fault
Pipeline ARCO_20 fixed due to Source NODO_11 fixing from Intrinsic Fault
Pipeline ARCO_21 fixed due to Source NODO_11 fixing from Intrinsic Fault
Pipeline ARCO_22 fixed due to Source NODO_11 fixing from Intrinsic Fault
Pipeline ARCO_73 fixed due to Source NODO_11 fixing from Intrinsic Fault
Update Fixed Elements from Heavy Faults
Update Fixed Elements from Attack
Propagate Intrinsic Fault
Node NODO_10 has still failing due to Intrinsic Fault
Node NODO_2 has still failing due to Intrinsic Fault
pipeline ARCO_17 still has reduced capacity: 0.0 due to Intrinsic Fault
pipeline ARCO_88 still has reduced capacity: 0.0 due to Intrinsic Fault
pipeline ARCO_89 still has reduced capacity: 0.0 due to Intrinsic Fault
pipeline V_EDGE_53_8 still has reduced capacity: 0.0 due to Intrinsic Fault
pipeline ARCO_18 still has reduced capacity: 0.0 due to Intrinsic Fault
pipeline ARCO_19 still has reduced capacity: 0.0 due to Intrinsic Fault
pipeline ARCO_87 still has reduced capacity: 0.0 due to Intrinsic Fault
pipeline ARCO_70 still has reduced capacity: 24.8 due to Intrinsic Fault
pipeline V_EDGE_53_0 still has reduced capacity: 24.8 due to Intrinsic Fault
pipeline ARCO_0 still has reduced capacity: 24.8 due to Intrinsic Fault
Propagate Heavy Faults
Propagate Attacks
Inject Intrinsic Failure To Source
Inject Heavy Fault To Sources
Inject Attack Multiple To Source
Inject Intrinsic Fault To Pipeline
Inject Heavy Fault To Pipeline
Inject Attack To Pipeline
----------- Statistics ------------
	Sources Under Attack: 0
	Sources with Heavy Fault: 0
	Sources with Intrinsic Fault: 2
	Arcs with reduce capacity due to Attack: 0
	Arcs with reduce capacity due to Heavy Fault: 0
	Arcs with reduce capacity due to Intrinsic Fault: 10
	Arcs with Attacks: 0
	Arcs with Heavy Fault: 0
	Arcs with Intrinsic Fault: 0
--------- SOURCES STATISTICS ---------------
Demand del real Source[0]: -31.0, flusso erogato: 11.159999999999998, flusso entrante: 0.0, efficienza: 35.99999999999999 %
Demand del real Source[8]: -10.5, flusso erogato: 0.0, flusso entrante: 0.0, efficienza: 0.0 %
Demand del real Source[9]: -7.1, flusso erogato: 17.259999999999998, flusso entrante: 10.159999999999998, efficienza: 243.09859154929575 %
Demand del real Source[17]: -25.0, flusso erogato: 25.000000000000007, flusso entrante: 0.0, efficienza: 100.00000000000003 %
Flusso totale entrante nei Real Source: 10.159999999999998
Flusso totale uscente dai Real Source: 53.42
Flusso netto sui real Source: -43.260000000000005
--- SINKS STATISTICS ---
Sink 3 SODDISFATTO. Flusso netto: 3.43, Demand: 3.43, percentage: 100.0
Sink 4 SODDISFATTO. Flusso netto: 0.5700000000000003, Demand: 0.57, percentage: 100.00000000000007
Sink 5 SODDISFATTO. Flusso netto: 0.6599999999999997, Demand: 0.66, percentage: 99.99999999999994
Sink 11 SODDISFATTO. Flusso netto: 1.03, Demand: 1.03, percentage: 100.0
Sink 15 SODDISFATTO. Flusso netto: 0.46, Demand: 0.46, percentage: 100.0
Sink 16 SODDISFATTO. Flusso netto: 8.400000000000002, Demand: 8.4, percentage: 100.00000000000003
Sink 19 SODDISFATTO. Flusso netto: 0.5399999999999991, Demand: 0.54, percentage: 99.99999999999983
Sink 23 SODDISFATTO. Flusso netto: 0.5999999999999999, Demand: 0.6, percentage: 99.99999999999997
Sink 24 SODDISFATTO. Flusso netto: 0.8, Demand: 0.8, percentage: 100.0
Sink 25 SODDISFATTO. Flusso netto: 3.5, Demand: 3.5, percentage: 100.0
Sink 26 SODDISFATTO. Flusso netto: 6.000000000000002, Demand: 6.0, percentage: 100.00000000000003
Sink 28 SODDISFATTO. Flusso netto: 0.4, Demand: 0.4, percentage: 100.0
Sink 30 SODDISFATTO. Flusso netto: 0.9799999999999986, Demand: 0.98, percentage: 99.99999999999987
Sink 31 SODDISFATTO. Flusso netto: 0.4, Demand: 0.4, percentage: 100.0
Sink 32 SODDISFATTO. Flusso netto: 0.9999999999999996, Demand: 1.0, percentage: 99.99999999999996
Sink 34 SODDISFATTO. Flusso netto: 1.74, Demand: 1.74, percentage: 100.0
Sink 35 SODDISFATTO. Flusso netto: 1.3, Demand: 1.3, percentage: 100.0
Sink 37 SODDISFATTO. Flusso netto: 1.0, Demand: 1.0, percentage: 100.0
Sink 39 SODDISFATTO. Flusso netto: 0.4, Demand: 0.4, percentage: 100.0
Sink 40 SODDISFATTO. Flusso netto: 0.5, Demand: 0.5, percentage: 100.0
Sink 41 SODDISFATTO. Flusso netto: 1.06, Demand: 1.06, percentage: 100.0
Sink 42 SODDISFATTO. Flusso netto: 2.8199999999999994, Demand: 2.82, percentage: 99.99999999999999
Sink 45 SODDISFATTO. Flusso netto: 0.68, Demand: 0.68, percentage: 100.0
Sink 46 SODDISFATTO. Flusso netto: 1.17, Demand: 1.17, percentage: 100.0
Sink 49 non è soddisfatto. Flusso netto: 3.82, Demand: 7.0, percentage: 54.57142857142857
Flusso totale entrante nei SINK: 89.12
Flusso totale uscente nei SINK: 45.86000000000001
Flusso totale netto nei SINK: 43.26
Total DEMAND dei SINK: 46.44
Percentual di flusso ai SINK: 0.9315245478036176
Numero di Sink soddisfatti: 24.0, numero totale di sink: 25.0
Percentuale di Sink soddisfatti: 0.96

---------------------------------- DAY 81

Update Fixed Elements from Intrinsic Faults
Update Fixed Elements from Heavy Faults
Update Fixed Elements from Attack
Propagate Intrinsic Fault
Node NODO_10 has still failing due to Intrinsic Fault
Node NODO_2 has still failing due to Intrinsic Fault
pipeline ARCO_17 still has reduced capacity: 0.0 due to Intrinsic Fault
pipeline ARCO_88 still has reduced capacity: 0.0 due to Intrinsic Fault
pipeline ARCO_89 still has reduced capacity: 0.0 due to Intrinsic Fault
pipeline V_EDGE_53_8 still has reduced capacity: 0.0 due to Intrinsic Fault
pipeline ARCO_18 still has reduced capacity: 0.0 due to Intrinsic Fault
pipeline ARCO_19 still has reduced capacity: 0.0 due to Intrinsic Fault
pipeline ARCO_87 still has reduced capacity: 0.0 due to Intrinsic Fault
pipeline ARCO_70 still has reduced capacity: 24.8 due to Intrinsic Fault
pipeline V_EDGE_53_0 still has reduced capacity: 24.8 due to Intrinsic Fault
pipeline ARCO_0 still has reduced capacity: 24.8 due to Intrinsic Fault
Propagate Heavy Faults
Propagate Attacks
Inject Intrinsic Failure To Source
Inject Heavy Fault To Sources
Inject Attack Multiple To Source
Inject Intrinsic Fault To Pipeline
Inject Heavy Fault To Pipeline
Inject Attack To Pipeline
----------- Statistics ------------
	Sources Under Attack: 0
	Sources with Heavy Fault: 0
	Sources with Intrinsic Fault: 2
	Arcs with reduce capacity due to Attack: 0
	Arcs with reduce capacity due to Heavy Fault: 0
	Arcs with reduce capacity due to Intrinsic Fault: 10
	Arcs with Attacks: 0
	Arcs with Heavy Fault: 0
	Arcs with Intrinsic Fault: 0
--------- SOURCES STATISTICS ---------------
Demand del real Source[0]: -31.0, flusso erogato: 11.159999999999998, flusso entrante: 0.0, efficienza: 35.99999999999999 %
Demand del real Source[8]: -10.5, flusso erogato: 0.0, flusso entrante: 0.0, efficienza: 0.0 %
Demand del real Source[9]: -7.1, flusso erogato: 17.259999999999998, flusso entrante: 10.159999999999998, efficienza: 243.09859154929575 %
Demand del real Source[17]: -25.0, flusso erogato: 25.000000000000007, flusso entrante: 0.0, efficienza: 100.00000000000003 %
Flusso totale entrante nei Real Source: 10.159999999999998
Flusso totale uscente dai Real Source: 53.42
Flusso netto sui real Source: -43.260000000000005
--- SINKS STATISTICS ---
Sink 3 SODDISFATTO. Flusso netto: 3.43, Demand: 3.43, percentage: 100.0
Sink 4 SODDISFATTO. Flusso netto: 0.5700000000000003, Demand: 0.57, percentage: 100.00000000000007
Sink 5 SODDISFATTO. Flusso netto: 0.6599999999999997, Demand: 0.66, percentage: 99.99999999999994
Sink 11 SODDISFATTO. Flusso netto: 1.03, Demand: 1.03, percentage: 100.0
Sink 15 SODDISFATTO. Flusso netto: 0.46, Demand: 0.46, percentage: 100.0
Sink 16 SODDISFATTO. Flusso netto: 8.400000000000002, Demand: 8.4, percentage: 100.00000000000003
Sink 19 SODDISFATTO. Flusso netto: 0.5399999999999991, Demand: 0.54, percentage: 99.99999999999983
Sink 23 SODDISFATTO. Flusso netto: 0.5999999999999999, Demand: 0.6, percentage: 99.99999999999997
Sink 24 SODDISFATTO. Flusso netto: 0.8, Demand: 0.8, percentage: 100.0
Sink 25 SODDISFATTO. Flusso netto: 3.5, Demand: 3.5, percentage: 100.0
Sink 26 SODDISFATTO. Flusso netto: 6.000000000000002, Demand: 6.0, percentage: 100.00000000000003
Sink 28 SODDISFATTO. Flusso netto: 0.4, Demand: 0.4, percentage: 100.0
Sink 30 SODDISFATTO. Flusso netto: 0.9799999999999986, Demand: 0.98, percentage: 99.99999999999987
Sink 31 SODDISFATTO. Flusso netto: 0.4, Demand: 0.4, percentage: 100.0
Sink 32 SODDISFATTO. Flusso netto: 0.9999999999999996, Demand: 1.0, percentage: 99.99999999999996
Sink 34 SODDISFATTO. Flusso netto: 1.74, Demand: 1.74, percentage: 100.0
Sink 35 SODDISFATTO. Flusso netto: 1.3, Demand: 1.3, percentage: 100.0
Sink 37 SODDISFATTO. Flusso netto: 1.0, Demand: 1.0, percentage: 100.0
Sink 39 SODDISFATTO. Flusso netto: 0.4, Demand: 0.4, percentage: 100.0
Sink 40 SODDISFATTO. Flusso netto: 0.5, Demand: 0.5, percentage: 100.0
Sink 41 SODDISFATTO. Flusso netto: 1.06, Demand: 1.06, percentage: 100.0
Sink 42 SODDISFATTO. Flusso netto: 2.8199999999999994, Demand: 2.82, percentage: 99.99999999999999
Sink 45 SODDISFATTO. Flusso netto: 0.68, Demand: 0.68, percentage: 100.0
Sink 46 SODDISFATTO. Flusso netto: 1.17, Demand: 1.17, percentage: 100.0
Sink 49 non è soddisfatto. Flusso netto: 3.82, Demand: 7.0, percentage: 54.57142857142857
Flusso totale entrante nei SINK: 89.12
Flusso totale uscente nei SINK: 45.86000000000001
Flusso totale netto nei SINK: 43.26
Total DEMAND dei SINK: 46.44
Percentual di flusso ai SINK: 0.9315245478036176
Numero di Sink soddisfatti: 24.0, numero totale di sink: 25.0
Percentuale di Sink soddisfatti: 0.96

---------------------------------- DAY 82

Update Fixed Elements from Intrinsic Faults
Source NODO_10 fixed from Intrinsic Fault
Pipeline ARCO_17 fixed due to Source NODO_10 fixing from Intrinsic Fault
Pipeline ARCO_88 fixed due to Source NODO_10 fixing from Intrinsic Fault
Pipeline ARCO_89 fixed due to Source NODO_10 fixing from Intrinsic Fault
Pipeline V_EDGE_53_8 fixed due to Source NODO_10 fixing from Intrinsic Fault
Pipeline ARCO_18 fixed due to Source NODO_10 fixing from Intrinsic Fault
Pipeline ARCO_19 fixed due to Source NODO_10 fixing from Intrinsic Fault
Pipeline ARCO_87 fixed due to Source NODO_10 fixing from Intrinsic Fault
Source NODO_2 fixed from Intrinsic Fault
Pipeline ARCO_70 fixed due to Source NODO_2 fixing from Intrinsic Fault
Pipeline V_EDGE_53_0 fixed due to Source NODO_2 fixing from Intrinsic Fault
Pipeline ARCO_0 fixed due to Source NODO_2 fixing from Intrinsic Fault
Update Fixed Elements from Heavy Faults
Update Fixed Elements from Attack
Propagate Intrinsic Fault
Propagate Heavy Faults
Propagate Attacks
Inject Intrinsic Failure To Source
Inject Heavy Fault To Sources
Inject Attack Multiple To Source
Inject Intrinsic Fault To Pipeline
Inject Heavy Fault To Pipeline
Inject Attack To Pipeline
----------- Statistics ------------
	Sources Under Attack: 0
	Sources with Heavy Fault: 0
	Sources with Intrinsic Fault: 0
	Arcs with reduce capacity due to Attack: 0
	Arcs with reduce capacity due to Heavy Fault: 0
	Arcs with reduce capacity due to Intrinsic Fault: 0
	Arcs with Attacks: 0
	Arcs with Heavy Fault: 0
	Arcs with Intrinsic Fault: 0
--------- SOURCES STATISTICS ---------------
Demand del real Source[0]: -31.0, flusso erogato: 10.129999999999997, flusso entrante: 0.0, efficienza: 32.6774193548387 %
Demand del real Source[8]: -10.5, flusso erogato: 3.8600000000000003, flusso entrante: 0.0, efficienza: 36.76190476190476 %
Demand del real Source[9]: -7.1, flusso erogato: 16.229999999999997, flusso entrante: 9.129999999999997, efficienza: 228.59154929577463 %
Demand del real Source[17]: -25.0, flusso erogato: 25.000000000000007, flusso entrante: 0.0, efficienza: 100.00000000000003 %
Flusso totale entrante nei Real Source: 9.129999999999997
Flusso totale uscente dai Real Source: 55.220000000000006
Flusso netto sui real Source: -46.09000000000001
--- SINKS STATISTICS ---
Sink 3 SODDISFATTO. Flusso netto: 3.43, Demand: 3.43, percentage: 100.0
Sink 4 SODDISFATTO. Flusso netto: 0.5700000000000003, Demand: 0.57, percentage: 100.00000000000007
Sink 5 SODDISFATTO. Flusso netto: 0.6600000000000001, Demand: 0.66, percentage: 100.00000000000003
Sink 11 SODDISFATTO. Flusso netto: 1.03, Demand: 1.03, percentage: 100.0
Sink 15 SODDISFATTO. Flusso netto: 0.46, Demand: 0.46, percentage: 100.0
Sink 16 SODDISFATTO. Flusso netto: 8.400000000000002, Demand: 8.4, percentage: 100.00000000000003
Sink 19 SODDISFATTO. Flusso netto: 0.5399999999999991, Demand: 0.54, percentage: 99.99999999999983
Sink 23 SODDISFATTO. Flusso netto: 0.5999999999999999, Demand: 0.6, percentage: 99.99999999999997
Sink 24 SODDISFATTO. Flusso netto: 0.8, Demand: 0.8, percentage: 100.0
Sink 25 SODDISFATTO. Flusso netto: 3.5, Demand: 3.5, percentage: 100.0
Sink 26 SODDISFATTO. Flusso netto: 6.000000000000002, Demand: 6.0, percentage: 100.00000000000003
Sink 28 SODDISFATTO. Flusso netto: 0.4, Demand: 0.4, percentage: 100.0
Sink 30 SODDISFATTO. Flusso netto: 0.9799999999999986, Demand: 0.98, percentage: 99.99999999999987
Sink 31 SODDISFATTO. Flusso netto: 0.4, Demand: 0.4, percentage: 100.0
Sink 32 SODDISFATTO. Flusso netto: 0.9999999999999996, Demand: 1.0, percentage: 99.99999999999996
Sink 34 SODDISFATTO. Flusso netto: 1.74, Demand: 1.74, percentage: 100.0
Sink 35 SODDISFATTO. Flusso netto: 1.3, Demand: 1.3, percentage: 100.0
Sink 37 SODDISFATTO. Flusso netto: 1.0, Demand: 1.0, percentage: 100.0
Sink 39 SODDISFATTO. Flusso netto: 0.4, Demand: 0.4, percentage: 100.0
Sink 40 SODDISFATTO. Flusso netto: 0.5, Demand: 0.5, percentage: 100.0
Sink 41 SODDISFATTO. Flusso netto: 1.06, Demand: 1.06, percentage: 100.0
Sink 42 SODDISFATTO. Flusso netto: 2.8199999999999994, Demand: 2.82, percentage: 99.99999999999999
Sink 45 SODDISFATTO. Flusso netto: 0.68, Demand: 0.68, percentage: 100.0
Sink 46 SODDISFATTO. Flusso netto: 1.17, Demand: 1.17, percentage: 100.0
Sink 49 non è soddisfatto. Flusso netto: 6.6499999999999995, Demand: 7.0, percentage: 95.0
Flusso totale entrante nei SINK: 92.61000000000001
Flusso totale uscente nei SINK: 46.52
Flusso totale netto nei SINK: 46.09000000000001
Total DEMAND dei SINK: 46.44
Percentual di flusso ai SINK: 0.9924633936261846
Numero di Sink soddisfatti: 24.0, numero totale di sink: 25.0
Percentuale di Sink soddisfatti: 0.96

---------------------------------- DAY 83

Update Fixed Elements from Intrinsic Faults
Update Fixed Elements from Heavy Faults
Update Fixed Elements from Attack
Propagate Intrinsic Fault
Propagate Heavy Faults
Propagate Attacks
Inject Intrinsic Failure To Source
Source NODO_2 is failing for an Intrinsic Fault in day: 83
pipeline ARCO_70 has reduced capacity due to NODO_2 Intrinsic fault
pipeline V_EDGE_53_0 has reduced capacity due to NODO_2 Intrinsic fault
pipeline ARCO_0 has reduced capacity due to NODO_2 Intrinsic fault
Source NODO_11 is failing for an Intrinsic Fault in day: 83
pipeline ARCO_3 has reduced capacity due to NODO_11 Intrinsic fault
pipeline ARCO_90 has reduced capacity due to NODO_11 Intrinsic fault
pipeline ARCO_91 has reduced capacity due to NODO_11 Intrinsic fault
pipeline ARCO_92 has reduced capacity due to NODO_11 Intrinsic fault
pipeline V_EDGE_53_9 has reduced capacity due to NODO_11 Intrinsic fault
pipeline ARCO_20 has reduced capacity due to NODO_11 Intrinsic fault
pipeline ARCO_21 has reduced capacity due to NODO_11 Intrinsic fault
pipeline ARCO_22 has reduced capacity due to NODO_11 Intrinsic fault
pipeline ARCO_73 has reduced capacity due to NODO_11 Intrinsic fault
Inject Heavy Fault To Sources
Inject Attack Multiple To Source
Inject Intrinsic Fault To Pipeline
Inject Heavy Fault To Pipeline
Inject Attack To Pipeline
----------- Statistics ------------
	Sources Under Attack: 0
	Sources with Heavy Fault: 0
	Sources with Intrinsic Fault: 2
	Arcs with reduce capacity due to Attack: 0
	Arcs with reduce capacity due to Heavy Fault: 0
	Arcs with reduce capacity due to Intrinsic Fault: 12
	Arcs with Attacks: 0
	Arcs with Heavy Fault: 0
	Arcs with Intrinsic Fault: 0
--------- SOURCES STATISTICS ---------------
Demand del real Source[0]: -31.0, flusso erogato: 11.397999999999998, flusso entrante: 0.0, efficienza: 36.76774193548387 %
Demand del real Source[8]: -10.5, flusso erogato: 3.8600000000000003, flusso entrante: 0.0, efficienza: 36.76190476190476 %
Demand del real Source[9]: -7.1, flusso erogato: 16.077999999999996, flusso entrante: 10.397999999999998, efficienza: 226.45070422535207 %
Demand del real Source[17]: -25.0, flusso erogato: 25.000000000000007, flusso entrante: 0.0, efficienza: 100.00000000000003 %
Flusso totale entrante nei Real Source: 10.397999999999998
Flusso totale uscente dai Real Source: 56.336000000000006
Flusso netto sui real Source: -45.93800000000001
--- SINKS STATISTICS ---
Sink 3 SODDISFATTO. Flusso netto: 3.43, Demand: 3.43, percentage: 100.0
Sink 4 SODDISFATTO. Flusso netto: 0.5700000000000003, Demand: 0.57, percentage: 100.00000000000007
Sink 5 SODDISFATTO. Flusso netto: 0.6600000000000001, Demand: 0.66, percentage: 100.00000000000003
Sink 11 SODDISFATTO. Flusso netto: 1.03, Demand: 1.03, percentage: 100.0
Sink 15 SODDISFATTO. Flusso netto: 0.46, Demand: 0.46, percentage: 100.0
Sink 16 SODDISFATTO. Flusso netto: 8.400000000000002, Demand: 8.4, percentage: 100.00000000000003
Sink 19 SODDISFATTO. Flusso netto: 0.5399999999999991, Demand: 0.54, percentage: 99.99999999999983
Sink 23 SODDISFATTO. Flusso netto: 0.5999999999999999, Demand: 0.6, percentage: 99.99999999999997
Sink 24 SODDISFATTO. Flusso netto: 0.8, Demand: 0.8, percentage: 100.0
Sink 25 SODDISFATTO. Flusso netto: 3.5, Demand: 3.5, percentage: 100.0
Sink 26 SODDISFATTO. Flusso netto: 6.000000000000002, Demand: 6.0, percentage: 100.00000000000003
Sink 28 SODDISFATTO. Flusso netto: 0.4, Demand: 0.4, percentage: 100.0
Sink 30 SODDISFATTO. Flusso netto: 0.9799999999999986, Demand: 0.98, percentage: 99.99999999999987
Sink 31 SODDISFATTO. Flusso netto: 0.4, Demand: 0.4, percentage: 100.0
Sink 32 SODDISFATTO. Flusso netto: 0.9999999999999996, Demand: 1.0, percentage: 99.99999999999996
Sink 34 SODDISFATTO. Flusso netto: 1.74, Demand: 1.74, percentage: 100.0
Sink 35 SODDISFATTO. Flusso netto: 1.3, Demand: 1.3, percentage: 100.0
Sink 37 SODDISFATTO. Flusso netto: 1.0, Demand: 1.0, percentage: 100.0
Sink 39 SODDISFATTO. Flusso netto: 0.4, Demand: 0.4, percentage: 100.0
Sink 40 SODDISFATTO. Flusso netto: 0.5, Demand: 0.5, percentage: 100.0
Sink 41 SODDISFATTO. Flusso netto: 1.0599999999999996, Demand: 1.06, percentage: 99.99999999999996
Sink 42 SODDISFATTO. Flusso netto: 2.8200000000000003, Demand: 2.82, percentage: 100.00000000000003
Sink 45 SODDISFATTO. Flusso netto: 0.68, Demand: 0.68, percentage: 100.0
Sink 46 SODDISFATTO. Flusso netto: 1.17, Demand: 1.17, percentage: 100.0
Sink 49 non è soddisfatto. Flusso netto: 6.497999999999999, Demand: 7.0, percentage: 92.82857142857142
Flusso totale entrante nei SINK: 95.24200000000002
Flusso totale uscente nei SINK: 49.304
Flusso totale netto nei SINK: 45.93800000000002
Total DEMAND dei SINK: 46.44
Percentual di flusso ai SINK: 0.989190353143842
Numero di Sink soddisfatti: 24.0, numero totale di sink: 25.0
Percentuale di Sink soddisfatti: 0.96

---------------------------------- DAY 84

Update Fixed Elements from Intrinsic Faults
Update Fixed Elements from Heavy Faults
Update Fixed Elements from Attack
Propagate Intrinsic Fault
Node NODO_2 has still failing due to Intrinsic Fault
Node NODO_11 has still failing due to Intrinsic Fault
pipeline ARCO_70 still has reduced capacity: 24.8 due to Intrinsic Fault
pipeline V_EDGE_53_0 still has reduced capacity: 24.8 due to Intrinsic Fault
pipeline ARCO_0 still has reduced capacity: 24.8 due to Intrinsic Fault
pipeline ARCO_3 still has reduced capacity: 9.688 due to Intrinsic Fault
pipeline ARCO_90 still has reduced capacity: 1.6 due to Intrinsic Fault
pipeline ARCO_91 still has reduced capacity: 9.688 due to Intrinsic Fault
pipeline ARCO_92 still has reduced capacity: 39.328 due to Intrinsic Fault
pipeline V_EDGE_53_9 still has reduced capacity: 5.68 due to Intrinsic Fault
pipeline ARCO_20 still has reduced capacity: 1.6 due to Intrinsic Fault
pipeline ARCO_21 still has reduced capacity: 9.688 due to Intrinsic Fault
pipeline ARCO_22 still has reduced capacity: 39.328 due to Intrinsic Fault
pipeline ARCO_73 still has reduced capacity: 9.688 due to Intrinsic Fault
Propagate Heavy Faults
Propagate Attacks
Inject Intrinsic Failure To Source
Inject Heavy Fault To Sources
Inject Attack Multiple To Source
Inject Intrinsic Fault To Pipeline
Inject Heavy Fault To Pipeline
Inject Attack To Pipeline
----------- Statistics ------------
	Sources Under Attack: 0
	Sources with Heavy Fault: 0
	Sources with Intrinsic Fault: 2
	Arcs with reduce capacity due to Attack: 0
	Arcs with reduce capacity due to Heavy Fault: 0
	Arcs with reduce capacity due to Intrinsic Fault: 12
	Arcs with Attacks: 0
	Arcs with Heavy Fault: 0
	Arcs with Intrinsic Fault: 0
--------- SOURCES STATISTICS ---------------
Demand del real Source[0]: -31.0, flusso erogato: 11.397999999999998, flusso entrante: 0.0, efficienza: 36.76774193548387 %
Demand del real Source[8]: -10.5, flusso erogato: 3.8600000000000003, flusso entrante: 0.0, efficienza: 36.76190476190476 %
Demand del real Source[9]: -7.1, flusso erogato: 16.077999999999996, flusso entrante: 10.397999999999998, efficienza: 226.45070422535207 %
Demand del real Source[17]: -25.0, flusso erogato: 25.000000000000007, flusso entrante: 0.0, efficienza: 100.00000000000003 %
Flusso totale entrante nei Real Source: 10.397999999999998
Flusso totale uscente dai Real Source: 56.336000000000006
Flusso netto sui real Source: -45.93800000000001
--- SINKS STATISTICS ---
Sink 3 SODDISFATTO. Flusso netto: 3.43, Demand: 3.43, percentage: 100.0
Sink 4 SODDISFATTO. Flusso netto: 0.5700000000000003, Demand: 0.57, percentage: 100.00000000000007
Sink 5 SODDISFATTO. Flusso netto: 0.6600000000000001, Demand: 0.66, percentage: 100.00000000000003
Sink 11 SODDISFATTO. Flusso netto: 1.03, Demand: 1.03, percentage: 100.0
Sink 15 SODDISFATTO. Flusso netto: 0.46, Demand: 0.46, percentage: 100.0
Sink 16 SODDISFATTO. Flusso netto: 8.400000000000002, Demand: 8.4, percentage: 100.00000000000003
Sink 19 SODDISFATTO. Flusso netto: 0.5399999999999991, Demand: 0.54, percentage: 99.99999999999983
Sink 23 SODDISFATTO. Flusso netto: 0.5999999999999999, Demand: 0.6, percentage: 99.99999999999997
Sink 24 SODDISFATTO. Flusso netto: 0.8, Demand: 0.8, percentage: 100.0
Sink 25 SODDISFATTO. Flusso netto: 3.5, Demand: 3.5, percentage: 100.0
Sink 26 SODDISFATTO. Flusso netto: 6.000000000000002, Demand: 6.0, percentage: 100.00000000000003
Sink 28 SODDISFATTO. Flusso netto: 0.4, Demand: 0.4, percentage: 100.0
Sink 30 SODDISFATTO. Flusso netto: 0.9799999999999986, Demand: 0.98, percentage: 99.99999999999987
Sink 31 SODDISFATTO. Flusso netto: 0.4, Demand: 0.4, percentage: 100.0
Sink 32 SODDISFATTO. Flusso netto: 0.9999999999999996, Demand: 1.0, percentage: 99.99999999999996
Sink 34 SODDISFATTO. Flusso netto: 1.74, Demand: 1.74, percentage: 100.0
Sink 35 SODDISFATTO. Flusso netto: 1.3, Demand: 1.3, percentage: 100.0
Sink 37 SODDISFATTO. Flusso netto: 1.0, Demand: 1.0, percentage: 100.0
Sink 39 SODDISFATTO. Flusso netto: 0.4, Demand: 0.4, percentage: 100.0
Sink 40 SODDISFATTO. Flusso netto: 0.5, Demand: 0.5, percentage: 100.0
Sink 41 SODDISFATTO. Flusso netto: 1.0599999999999996, Demand: 1.06, percentage: 99.99999999999996
Sink 42 SODDISFATTO. Flusso netto: 2.8200000000000003, Demand: 2.82, percentage: 100.00000000000003
Sink 45 SODDISFATTO. Flusso netto: 0.68, Demand: 0.68, percentage: 100.0
Sink 46 SODDISFATTO. Flusso netto: 1.17, Demand: 1.17, percentage: 100.0
Sink 49 non è soddisfatto. Flusso netto: 6.497999999999999, Demand: 7.0, percentage: 92.82857142857142
Flusso totale entrante nei SINK: 95.24200000000002
Flusso totale uscente nei SINK: 49.304
Flusso totale netto nei SINK: 45.93800000000002
Total DEMAND dei SINK: 46.44
Percentual di flusso ai SINK: 0.989190353143842
Numero di Sink soddisfatti: 24.0, numero totale di sink: 25.0
Percentuale di Sink soddisfatti: 0.96

---------------------------------- DAY 85

Update Fixed Elements from Intrinsic Faults
Update Fixed Elements from Heavy Faults
Update Fixed Elements from Attack
Propagate Intrinsic Fault
Node NODO_2 has still failing due to Intrinsic Fault
Node NODO_11 has still failing due to Intrinsic Fault
pipeline ARCO_70 still has reduced capacity: 24.8 due to Intrinsic Fault
pipeline V_EDGE_53_0 still has reduced capacity: 24.8 due to Intrinsic Fault
pipeline ARCO_0 still has reduced capacity: 24.8 due to Intrinsic Fault
pipeline ARCO_3 still has reduced capacity: 9.688 due to Intrinsic Fault
pipeline ARCO_90 still has reduced capacity: 1.6 due to Intrinsic Fault
pipeline ARCO_91 still has reduced capacity: 9.688 due to Intrinsic Fault
pipeline ARCO_92 still has reduced capacity: 39.328 due to Intrinsic Fault
pipeline V_EDGE_53_9 still has reduced capacity: 5.68 due to Intrinsic Fault
pipeline ARCO_20 still has reduced capacity: 1.6 due to Intrinsic Fault
pipeline ARCO_21 still has reduced capacity: 9.688 due to Intrinsic Fault
pipeline ARCO_22 still has reduced capacity: 39.328 due to Intrinsic Fault
pipeline ARCO_73 still has reduced capacity: 9.688 due to Intrinsic Fault
Propagate Heavy Faults
Propagate Attacks
Inject Intrinsic Failure To Source
Inject Heavy Fault To Sources
Inject Attack Multiple To Source
Inject Intrinsic Fault To Pipeline
Inject Heavy Fault To Pipeline
Inject Attack To Pipeline
----------- Statistics ------------
	Sources Under Attack: 0
	Sources with Heavy Fault: 0
	Sources with Intrinsic Fault: 2
	Arcs with reduce capacity due to Attack: 0
	Arcs with reduce capacity due to Heavy Fault: 0
	Arcs with reduce capacity due to Intrinsic Fault: 12
	Arcs with Attacks: 0
	Arcs with Heavy Fault: 0
	Arcs with Intrinsic Fault: 0
--------- SOURCES STATISTICS ---------------
Demand del real Source[0]: -31.0, flusso erogato: 11.397999999999998, flusso entrante: 0.0, efficienza: 36.76774193548387 %
Demand del real Source[8]: -10.5, flusso erogato: 3.8600000000000003, flusso entrante: 0.0, efficienza: 36.76190476190476 %
Demand del real Source[9]: -7.1, flusso erogato: 16.077999999999996, flusso entrante: 10.397999999999998, efficienza: 226.45070422535207 %
Demand del real Source[17]: -25.0, flusso erogato: 25.000000000000007, flusso entrante: 0.0, efficienza: 100.00000000000003 %
Flusso totale entrante nei Real Source: 10.397999999999998
Flusso totale uscente dai Real Source: 56.336000000000006
Flusso netto sui real Source: -45.93800000000001
--- SINKS STATISTICS ---
Sink 3 SODDISFATTO. Flusso netto: 3.43, Demand: 3.43, percentage: 100.0
Sink 4 SODDISFATTO. Flusso netto: 0.5700000000000003, Demand: 0.57, percentage: 100.00000000000007
Sink 5 SODDISFATTO. Flusso netto: 0.6600000000000001, Demand: 0.66, percentage: 100.00000000000003
Sink 11 SODDISFATTO. Flusso netto: 1.03, Demand: 1.03, percentage: 100.0
Sink 15 SODDISFATTO. Flusso netto: 0.46, Demand: 0.46, percentage: 100.0
Sink 16 SODDISFATTO. Flusso netto: 8.400000000000002, Demand: 8.4, percentage: 100.00000000000003
Sink 19 SODDISFATTO. Flusso netto: 0.5399999999999991, Demand: 0.54, percentage: 99.99999999999983
Sink 23 SODDISFATTO. Flusso netto: 0.5999999999999999, Demand: 0.6, percentage: 99.99999999999997
Sink 24 SODDISFATTO. Flusso netto: 0.8, Demand: 0.8, percentage: 100.0
Sink 25 SODDISFATTO. Flusso netto: 3.5, Demand: 3.5, percentage: 100.0
Sink 26 SODDISFATTO. Flusso netto: 6.000000000000002, Demand: 6.0, percentage: 100.00000000000003
Sink 28 SODDISFATTO. Flusso netto: 0.4, Demand: 0.4, percentage: 100.0
Sink 30 SODDISFATTO. Flusso netto: 0.9799999999999986, Demand: 0.98, percentage: 99.99999999999987
Sink 31 SODDISFATTO. Flusso netto: 0.4, Demand: 0.4, percentage: 100.0
Sink 32 SODDISFATTO. Flusso netto: 0.9999999999999996, Demand: 1.0, percentage: 99.99999999999996
Sink 34 SODDISFATTO. Flusso netto: 1.74, Demand: 1.74, percentage: 100.0
Sink 35 SODDISFATTO. Flusso netto: 1.3, Demand: 1.3, percentage: 100.0
Sink 37 SODDISFATTO. Flusso netto: 1.0, Demand: 1.0, percentage: 100.0
Sink 39 SODDISFATTO. Flusso netto: 0.4, Demand: 0.4, percentage: 100.0
Sink 40 SODDISFATTO. Flusso netto: 0.5, Demand: 0.5, percentage: 100.0
Sink 41 SODDISFATTO. Flusso netto: 1.0599999999999996, Demand: 1.06, percentage: 99.99999999999996
Sink 42 SODDISFATTO. Flusso netto: 2.8200000000000003, Demand: 2.82, percentage: 100.00000000000003
Sink 45 SODDISFATTO. Flusso netto: 0.68, Demand: 0.68, percentage: 100.0
Sink 46 SODDISFATTO. Flusso netto: 1.17, Demand: 1.17, percentage: 100.0
Sink 49 non è soddisfatto. Flusso netto: 6.497999999999999, Demand: 7.0, percentage: 92.82857142857142
Flusso totale entrante nei SINK: 95.24200000000002
Flusso totale uscente nei SINK: 49.304
Flusso totale netto nei SINK: 45.93800000000002
Total DEMAND dei SINK: 46.44
Percentual di flusso ai SINK: 0.989190353143842
Numero di Sink soddisfatti: 24.0, numero totale di sink: 25.0
Percentuale di Sink soddisfatti: 0.96

---------------------------------- DAY 86

Update Fixed Elements from Intrinsic Faults
Source NODO_2 fixed from Intrinsic Fault
Pipeline ARCO_70 fixed due to Source NODO_2 fixing from Intrinsic Fault
Pipeline V_EDGE_53_0 fixed due to Source NODO_2 fixing from Intrinsic Fault
Pipeline ARCO_0 fixed due to Source NODO_2 fixing from Intrinsic Fault
Source NODO_11 fixed from Intrinsic Fault
Pipeline ARCO_3 fixed due to Source NODO_11 fixing from Intrinsic Fault
Pipeline ARCO_90 fixed due to Source NODO_11 fixing from Intrinsic Fault
Pipeline ARCO_91 fixed due to Source NODO_11 fixing from Intrinsic Fault
Pipeline ARCO_92 fixed due to Source NODO_11 fixing from Intrinsic Fault
Pipeline V_EDGE_53_9 fixed due to Source NODO_11 fixing from Intrinsic Fault
Pipeline ARCO_20 fixed due to Source NODO_11 fixing from Intrinsic Fault
Pipeline ARCO_21 fixed due to Source NODO_11 fixing from Intrinsic Fault
Pipeline ARCO_22 fixed due to Source NODO_11 fixing from Intrinsic Fault
Pipeline ARCO_73 fixed due to Source NODO_11 fixing from Intrinsic Fault
Update Fixed Elements from Heavy Faults
Update Fixed Elements from Attack
Propagate Intrinsic Fault
Propagate Heavy Faults
Propagate Attacks
Inject Intrinsic Failure To Source
Inject Heavy Fault To Sources
Inject Attack Multiple To Source
Inject Intrinsic Fault To Pipeline
Inject Heavy Fault To Pipeline
Inject Attack To Pipeline
----------- Statistics ------------
	Sources Under Attack: 0
	Sources with Heavy Fault: 0
	Sources with Intrinsic Fault: 0
	Arcs with reduce capacity due to Attack: 0
	Arcs with reduce capacity due to Heavy Fault: 0
	Arcs with reduce capacity due to Intrinsic Fault: 0
	Arcs with Attacks: 0
	Arcs with Heavy Fault: 0
	Arcs with Intrinsic Fault: 0
--------- SOURCES STATISTICS ---------------
Demand del real Source[0]: -31.0, flusso erogato: 10.129999999999997, flusso entrante: 0.0, efficienza: 32.6774193548387 %
Demand del real Source[8]: -10.5, flusso erogato: 3.8600000000000003, flusso entrante: 0.0, efficienza: 36.76190476190476 %
Demand del real Source[9]: -7.1, flusso erogato: 16.229999999999997, flusso entrante: 9.129999999999997, efficienza: 228.59154929577463 %
Demand del real Source[17]: -25.0, flusso erogato: 25.000000000000007, flusso entrante: 0.0, efficienza: 100.00000000000003 %
Flusso totale entrante nei Real Source: 9.129999999999997
Flusso totale uscente dai Real Source: 55.220000000000006
Flusso netto sui real Source: -46.09000000000001
--- SINKS STATISTICS ---
Sink 3 SODDISFATTO. Flusso netto: 3.43, Demand: 3.43, percentage: 100.0
Sink 4 SODDISFATTO. Flusso netto: 0.5700000000000003, Demand: 0.57, percentage: 100.00000000000007
Sink 5 SODDISFATTO. Flusso netto: 0.6600000000000001, Demand: 0.66, percentage: 100.00000000000003
Sink 11 SODDISFATTO. Flusso netto: 1.03, Demand: 1.03, percentage: 100.0
Sink 15 SODDISFATTO. Flusso netto: 0.46, Demand: 0.46, percentage: 100.0
Sink 16 SODDISFATTO. Flusso netto: 8.400000000000002, Demand: 8.4, percentage: 100.00000000000003
Sink 19 SODDISFATTO. Flusso netto: 0.5399999999999991, Demand: 0.54, percentage: 99.99999999999983
Sink 23 SODDISFATTO. Flusso netto: 0.5999999999999999, Demand: 0.6, percentage: 99.99999999999997
Sink 24 SODDISFATTO. Flusso netto: 0.8, Demand: 0.8, percentage: 100.0
Sink 25 SODDISFATTO. Flusso netto: 3.5, Demand: 3.5, percentage: 100.0
Sink 26 SODDISFATTO. Flusso netto: 6.000000000000002, Demand: 6.0, percentage: 100.00000000000003
Sink 28 SODDISFATTO. Flusso netto: 0.4, Demand: 0.4, percentage: 100.0
Sink 30 SODDISFATTO. Flusso netto: 0.9799999999999986, Demand: 0.98, percentage: 99.99999999999987
Sink 31 SODDISFATTO. Flusso netto: 0.4, Demand: 0.4, percentage: 100.0
Sink 32 SODDISFATTO. Flusso netto: 0.9999999999999996, Demand: 1.0, percentage: 99.99999999999996
Sink 34 SODDISFATTO. Flusso netto: 1.74, Demand: 1.74, percentage: 100.0
Sink 35 SODDISFATTO. Flusso netto: 1.3, Demand: 1.3, percentage: 100.0
Sink 37 SODDISFATTO. Flusso netto: 1.0, Demand: 1.0, percentage: 100.0
Sink 39 SODDISFATTO. Flusso netto: 0.4, Demand: 0.4, percentage: 100.0
Sink 40 SODDISFATTO. Flusso netto: 0.5, Demand: 0.5, percentage: 100.0
Sink 41 SODDISFATTO. Flusso netto: 1.06, Demand: 1.06, percentage: 100.0
Sink 42 SODDISFATTO. Flusso netto: 2.8199999999999994, Demand: 2.82, percentage: 99.99999999999999
Sink 45 SODDISFATTO. Flusso netto: 0.68, Demand: 0.68, percentage: 100.0
Sink 46 SODDISFATTO. Flusso netto: 1.17, Demand: 1.17, percentage: 100.0
Sink 49 non è soddisfatto. Flusso netto: 6.6499999999999995, Demand: 7.0, percentage: 95.0
Flusso totale entrante nei SINK: 92.61000000000001
Flusso totale uscente nei SINK: 46.52
Flusso totale netto nei SINK: 46.09000000000001
Total DEMAND dei SINK: 46.44
Percentual di flusso ai SINK: 0.9924633936261846
Numero di Sink soddisfatti: 24.0, numero totale di sink: 25.0
Percentuale di Sink soddisfatti: 0.96

---------------------------------- DAY 87

Update Fixed Elements from Intrinsic Faults
Update Fixed Elements from Heavy Faults
Update Fixed Elements from Attack
Propagate Intrinsic Fault
Propagate Heavy Faults
Propagate Attacks
Inject Intrinsic Failure To Source
Source NODO_10 is failing for an Intrinsic Fault in day: 87
pipeline ARCO_17 has reduced capacity due to NODO_10 Intrinsic fault
pipeline ARCO_88 has reduced capacity due to NODO_10 Intrinsic fault
pipeline ARCO_89 has reduced capacity due to NODO_10 Intrinsic fault
pipeline V_EDGE_53_8 has reduced capacity due to NODO_10 Intrinsic fault
pipeline ARCO_18 has reduced capacity due to NODO_10 Intrinsic fault
pipeline ARCO_19 has reduced capacity due to NODO_10 Intrinsic fault
pipeline ARCO_87 has reduced capacity due to NODO_10 Intrinsic fault
Inject Heavy Fault To Sources
Inject Attack Multiple To Source
Inject Intrinsic Fault To Pipeline
Inject Heavy Fault To Pipeline
Inject Attack To Pipeline
----------- Statistics ------------
	Sources Under Attack: 0
	Sources with Heavy Fault: 0
	Sources with Intrinsic Fault: 1
	Arcs with reduce capacity due to Attack: 0
	Arcs with reduce capacity due to Heavy Fault: 0
	Arcs with reduce capacity due to Intrinsic Fault: 7
	Arcs with Attacks: 0
	Arcs with Heavy Fault: 0
	Arcs with Intrinsic Fault: 0
--------- SOURCES STATISTICS ---------------
Demand del real Source[0]: -31.0, flusso erogato: 11.159999999999998, flusso entrante: 0.0, efficienza: 35.99999999999999 %
Demand del real Source[8]: -10.5, flusso erogato: 0.0, flusso entrante: 0.0, efficienza: 0.0 %
Demand del real Source[9]: -7.1, flusso erogato: 17.259999999999998, flusso entrante: 10.159999999999998, efficienza: 243.09859154929575 %
Demand del real Source[17]: -25.0, flusso erogato: 25.000000000000007, flusso entrante: 0.0, efficienza: 100.00000000000003 %
Flusso totale entrante nei Real Source: 10.159999999999998
Flusso totale uscente dai Real Source: 53.42
Flusso netto sui real Source: -43.260000000000005
--- SINKS STATISTICS ---
Sink 3 SODDISFATTO. Flusso netto: 3.43, Demand: 3.43, percentage: 100.0
Sink 4 SODDISFATTO. Flusso netto: 0.5700000000000003, Demand: 0.57, percentage: 100.00000000000007
Sink 5 SODDISFATTO. Flusso netto: 0.6599999999999997, Demand: 0.66, percentage: 99.99999999999994
Sink 11 SODDISFATTO. Flusso netto: 1.03, Demand: 1.03, percentage: 100.0
Sink 15 SODDISFATTO. Flusso netto: 0.46, Demand: 0.46, percentage: 100.0
Sink 16 SODDISFATTO. Flusso netto: 8.400000000000002, Demand: 8.4, percentage: 100.00000000000003
Sink 19 SODDISFATTO. Flusso netto: 0.5399999999999991, Demand: 0.54, percentage: 99.99999999999983
Sink 23 SODDISFATTO. Flusso netto: 0.5999999999999999, Demand: 0.6, percentage: 99.99999999999997
Sink 24 SODDISFATTO. Flusso netto: 0.8, Demand: 0.8, percentage: 100.0
Sink 25 SODDISFATTO. Flusso netto: 3.5, Demand: 3.5, percentage: 100.0
Sink 26 SODDISFATTO. Flusso netto: 6.000000000000002, Demand: 6.0, percentage: 100.00000000000003
Sink 28 SODDISFATTO. Flusso netto: 0.4, Demand: 0.4, percentage: 100.0
Sink 30 SODDISFATTO. Flusso netto: 0.9799999999999986, Demand: 0.98, percentage: 99.99999999999987
Sink 31 SODDISFATTO. Flusso netto: 0.4, Demand: 0.4, percentage: 100.0
Sink 32 SODDISFATTO. Flusso netto: 0.9999999999999996, Demand: 1.0, percentage: 99.99999999999996
Sink 34 SODDISFATTO. Flusso netto: 1.74, Demand: 1.74, percentage: 100.0
Sink 35 SODDISFATTO. Flusso netto: 1.3, Demand: 1.3, percentage: 100.0
Sink 37 SODDISFATTO. Flusso netto: 1.0, Demand: 1.0, percentage: 100.0
Sink 39 SODDISFATTO. Flusso netto: 0.4, Demand: 0.4, percentage: 100.0
Sink 40 SODDISFATTO. Flusso netto: 0.5, Demand: 0.5, percentage: 100.0
Sink 41 SODDISFATTO. Flusso netto: 1.06, Demand: 1.06, percentage: 100.0
Sink 42 SODDISFATTO. Flusso netto: 2.8199999999999994, Demand: 2.82, percentage: 99.99999999999999
Sink 45 SODDISFATTO. Flusso netto: 0.68, Demand: 0.68, percentage: 100.0
Sink 46 SODDISFATTO. Flusso netto: 1.17, Demand: 1.17, percentage: 100.0
Sink 49 non è soddisfatto. Flusso netto: 3.82, Demand: 7.0, percentage: 54.57142857142857
Flusso totale entrante nei SINK: 89.12
Flusso totale uscente nei SINK: 45.86000000000001
Flusso totale netto nei SINK: 43.26
Total DEMAND dei SINK: 46.44
Percentual di flusso ai SINK: 0.9315245478036176
Numero di Sink soddisfatti: 24.0, numero totale di sink: 25.0
Percentuale di Sink soddisfatti: 0.96

---------------------------------- DAY 88

Update Fixed Elements from Intrinsic Faults
Update Fixed Elements from Heavy Faults
Update Fixed Elements from Attack
Propagate Intrinsic Fault
Node NODO_10 has still failing due to Intrinsic Fault
pipeline ARCO_17 still has reduced capacity: 0.0 due to Intrinsic Fault
pipeline ARCO_88 still has reduced capacity: 0.0 due to Intrinsic Fault
pipeline ARCO_89 still has reduced capacity: 0.0 due to Intrinsic Fault
pipeline V_EDGE_53_8 still has reduced capacity: 0.0 due to Intrinsic Fault
pipeline ARCO_18 still has reduced capacity: 0.0 due to Intrinsic Fault
pipeline ARCO_19 still has reduced capacity: 0.0 due to Intrinsic Fault
pipeline ARCO_87 still has reduced capacity: 0.0 due to Intrinsic Fault
Propagate Heavy Faults
Propagate Attacks
Inject Intrinsic Failure To Source
Source NODO_19 is failing for an Intrinsic Fault in day: 88
pipeline ARCO_35 has reduced capacity due to NODO_19 Intrinsic fault
pipeline ARCO_109 has reduced capacity due to NODO_19 Intrinsic fault
pipeline ARCO_110 has reduced capacity due to NODO_19 Intrinsic fault
pipeline V_EDGE_53_17 has reduced capacity due to NODO_19 Intrinsic fault
pipeline ARCO_39 has reduced capacity due to NODO_19 Intrinsic fault
pipeline ARCO_40 has reduced capacity due to NODO_19 Intrinsic fault
pipeline ARCO_105 has reduced capacity due to NODO_19 Intrinsic fault
Inject Heavy Fault To Sources
Inject Attack Multiple To Source
Inject Intrinsic Fault To Pipeline
Inject Heavy Fault To Pipeline
Inject Attack To Pipeline
----------- Statistics ------------
	Sources Under Attack: 0
	Sources with Heavy Fault: 0
	Sources with Intrinsic Fault: 2
	Arcs with reduce capacity due to Attack: 0
	Arcs with reduce capacity due to Heavy Fault: 0
	Arcs with reduce capacity due to Intrinsic Fault: 14
	Arcs with Attacks: 0
	Arcs with Heavy Fault: 0
	Arcs with Intrinsic Fault: 0
--------- SOURCES STATISTICS ---------------
Demand del real Source[0]: -31.0, flusso erogato: 16.470000000000002, flusso entrante: 0.0, efficienza: 53.12903225806453 %
Demand del real Source[8]: -10.5, flusso erogato: 0.0, flusso entrante: 0.0, efficienza: 0.0 %
Demand del real Source[9]: -7.1, flusso erogato: 22.57, flusso entrante: 15.470000000000002, efficienza: 317.88732394366195 %
Demand del real Source[17]: -25.0, flusso erogato: 0.0, flusso entrante: 0.0, efficienza: 0.0 %
Flusso totale entrante nei Real Source: 15.470000000000002
Flusso totale uscente dai Real Source: 39.040000000000006
Flusso netto sui real Source: -23.570000000000004
--- SINKS STATISTICS ---
Sink 3 SODDISFATTO. Flusso netto: 3.43, Demand: 3.43, percentage: 100.0
Sink 4 SODDISFATTO. Flusso netto: 0.5700000000000003, Demand: 0.57, percentage: 100.00000000000007
Sink 5 SODDISFATTO. Flusso netto: 0.6599999999999997, Demand: 0.66, percentage: 99.99999999999994
Sink 11 SODDISFATTO. Flusso netto: 1.03, Demand: 1.03, percentage: 100.0
Sink 15 SODDISFATTO. Flusso netto: 0.45999999999999996, Demand: 0.46, percentage: 99.99999999999999
Sink 16 non è soddisfatto. Flusso netto: 2.83, Demand: 8.4, percentage: 33.69047619047619
Sink 19 non è soddisfatto. Flusso netto: 0.0, Demand: 0.54, percentage: 0.0
Sink 23 non è soddisfatto. Flusso netto: 0.0, Demand: 0.6, percentage: 0.0
Sink 24 non è soddisfatto. Flusso netto: 0.0, Demand: 0.8, percentage: 0.0
Sink 25 non è soddisfatto. Flusso netto: 0.0, Demand: 3.5, percentage: 0.0
Sink 26 non è soddisfatto. Flusso netto: 0.0, Demand: 6.0, percentage: 0.0
Sink 28 non è soddisfatto. Flusso netto: 0.0, Demand: 0.4, percentage: 0.0
Sink 30 non è soddisfatto. Flusso netto: 0.0, Demand: 0.98, percentage: 0.0
Sink 31 non è soddisfatto. Flusso netto: 0.0, Demand: 0.4, percentage: 0.0
Sink 32 SODDISFATTO. Flusso netto: 1.0000000000000009, Demand: 1.0, percentage: 100.00000000000009
Sink 34 SODDISFATTO. Flusso netto: 1.74, Demand: 1.74, percentage: 100.0
Sink 35 SODDISFATTO. Flusso netto: 1.3, Demand: 1.3, percentage: 100.0
Sink 37 SODDISFATTO. Flusso netto: 1.0, Demand: 1.0, percentage: 100.0
Sink 39 non è soddisfatto. Flusso netto: 0.0, Demand: 0.4, percentage: 0.0
Sink 40 non è soddisfatto. Flusso netto: 0.0, Demand: 0.5, percentage: 0.0
Sink 41 SODDISFATTO. Flusso netto: 1.0600000000000005, Demand: 1.06, percentage: 100.00000000000004
Sink 42 SODDISFATTO. Flusso netto: 2.8199999999999994, Demand: 2.82, percentage: 99.99999999999999
Sink 45 SODDISFATTO. Flusso netto: 0.68, Demand: 0.68, percentage: 100.0
Sink 46 SODDISFATTO. Flusso netto: 1.17, Demand: 1.17, percentage: 100.0
Sink 49 non è soddisfatto. Flusso netto: 3.82, Demand: 7.0, percentage: 54.57142857142857
Flusso totale entrante nei SINK: 50.23
Flusso totale uscente nei SINK: 26.66
Flusso totale netto nei SINK: 23.569999999999997
Total DEMAND dei SINK: 46.44
Percentual di flusso ai SINK: 0.5075366063738156
Numero di Sink soddisfatti: 13.0, numero totale di sink: 25.0
Percentuale di Sink soddisfatti: 0.52

---------------------------------- DAY 89

Update Fixed Elements from Intrinsic Faults
Update Fixed Elements from Heavy Faults
Update Fixed Elements from Attack
Propagate Intrinsic Fault
Node NODO_10 has still failing due to Intrinsic Fault
Node NODO_19 has still failing due to Intrinsic Fault
pipeline ARCO_17 still has reduced capacity: 0.0 due to Intrinsic Fault
pipeline ARCO_88 still has reduced capacity: 0.0 due to Intrinsic Fault
pipeline ARCO_89 still has reduced capacity: 0.0 due to Intrinsic Fault
pipeline V_EDGE_53_8 still has reduced capacity: 0.0 due to Intrinsic Fault
pipeline ARCO_18 still has reduced capacity: 0.0 due to Intrinsic Fault
pipeline ARCO_19 still has reduced capacity: 0.0 due to Intrinsic Fault
pipeline ARCO_87 still has reduced capacity: 0.0 due to Intrinsic Fault
pipeline ARCO_35 still has reduced capacity: 0.0 due to Intrinsic Fault
pipeline ARCO_109 still has reduced capacity: 0.0 due to Intrinsic Fault
pipeline ARCO_110 still has reduced capacity: 0.0 due to Intrinsic Fault
pipeline V_EDGE_53_17 still has reduced capacity: 0.0 due to Intrinsic Fault
pipeline ARCO_39 still has reduced capacity: 0.0 due to Intrinsic Fault
pipeline ARCO_40 still has reduced capacity: 0.0 due to Intrinsic Fault
pipeline ARCO_105 still has reduced capacity: 0.0 due to Intrinsic Fault
Propagate Heavy Faults
Propagate Attacks
Inject Intrinsic Failure To Source
Inject Heavy Fault To Sources
Inject Attack Multiple To Source
Inject Intrinsic Fault To Pipeline
Inject Heavy Fault To Pipeline
Inject Attack To Pipeline
----------- Statistics ------------
	Sources Under Attack: 0
	Sources with Heavy Fault: 0
	Sources with Intrinsic Fault: 2
	Arcs with reduce capacity due to Attack: 0
	Arcs with reduce capacity due to Heavy Fault: 0
	Arcs with reduce capacity due to Intrinsic Fault: 14
	Arcs with Attacks: 0
	Arcs with Heavy Fault: 0
	Arcs with Intrinsic Fault: 0
--------- SOURCES STATISTICS ---------------
Demand del real Source[0]: -31.0, flusso erogato: 16.470000000000002, flusso entrante: 0.0, efficienza: 53.12903225806453 %
Demand del real Source[8]: -10.5, flusso erogato: 0.0, flusso entrante: 0.0, efficienza: 0.0 %
Demand del real Source[9]: -7.1, flusso erogato: 22.57, flusso entrante: 15.470000000000002, efficienza: 317.88732394366195 %
Demand del real Source[17]: -25.0, flusso erogato: 0.0, flusso entrante: 0.0, efficienza: 0.0 %
Flusso totale entrante nei Real Source: 15.470000000000002
Flusso totale uscente dai Real Source: 39.040000000000006
Flusso netto sui real Source: -23.570000000000004
--- SINKS STATISTICS ---
Sink 3 SODDISFATTO. Flusso netto: 3.43, Demand: 3.43, percentage: 100.0
Sink 4 SODDISFATTO. Flusso netto: 0.5700000000000003, Demand: 0.57, percentage: 100.00000000000007
Sink 5 SODDISFATTO. Flusso netto: 0.6599999999999997, Demand: 0.66, percentage: 99.99999999999994
Sink 11 SODDISFATTO. Flusso netto: 1.03, Demand: 1.03, percentage: 100.0
Sink 15 SODDISFATTO. Flusso netto: 0.45999999999999996, Demand: 0.46, percentage: 99.99999999999999
Sink 16 non è soddisfatto. Flusso netto: 2.83, Demand: 8.4, percentage: 33.69047619047619
Sink 19 non è soddisfatto. Flusso netto: 0.0, Demand: 0.54, percentage: 0.0
Sink 23 non è soddisfatto. Flusso netto: 0.0, Demand: 0.6, percentage: 0.0
Sink 24 non è soddisfatto. Flusso netto: 0.0, Demand: 0.8, percentage: 0.0
Sink 25 non è soddisfatto. Flusso netto: 0.0, Demand: 3.5, percentage: 0.0
Sink 26 non è soddisfatto. Flusso netto: 0.0, Demand: 6.0, percentage: 0.0
Sink 28 non è soddisfatto. Flusso netto: 0.0, Demand: 0.4, percentage: 0.0
Sink 30 non è soddisfatto. Flusso netto: 0.0, Demand: 0.98, percentage: 0.0
Sink 31 non è soddisfatto. Flusso netto: 0.0, Demand: 0.4, percentage: 0.0
Sink 32 SODDISFATTO. Flusso netto: 1.0000000000000009, Demand: 1.0, percentage: 100.00000000000009
Sink 34 SODDISFATTO. Flusso netto: 1.74, Demand: 1.74, percentage: 100.0
Sink 35 SODDISFATTO. Flusso netto: 1.3, Demand: 1.3, percentage: 100.0
Sink 37 SODDISFATTO. Flusso netto: 1.0, Demand: 1.0, percentage: 100.0
Sink 39 non è soddisfatto. Flusso netto: 0.0, Demand: 0.4, percentage: 0.0
Sink 40 non è soddisfatto. Flusso netto: 0.0, Demand: 0.5, percentage: 0.0
Sink 41 SODDISFATTO. Flusso netto: 1.0600000000000005, Demand: 1.06, percentage: 100.00000000000004
Sink 42 SODDISFATTO. Flusso netto: 2.8199999999999994, Demand: 2.82, percentage: 99.99999999999999
Sink 45 SODDISFATTO. Flusso netto: 0.68, Demand: 0.68, percentage: 100.0
Sink 46 SODDISFATTO. Flusso netto: 1.17, Demand: 1.17, percentage: 100.0
Sink 49 non è soddisfatto. Flusso netto: 3.82, Demand: 7.0, percentage: 54.57142857142857
Flusso totale entrante nei SINK: 50.23
Flusso totale uscente nei SINK: 26.66
Flusso totale netto nei SINK: 23.569999999999997
Total DEMAND dei SINK: 46.44
Percentual di flusso ai SINK: 0.5075366063738156
Numero di Sink soddisfatti: 13.0, numero totale di sink: 25.0
Percentuale di Sink soddisfatti: 0.52

---------------------------------- DAY 90

Update Fixed Elements from Intrinsic Faults
Update Fixed Elements from Heavy Faults
Update Fixed Elements from Attack
Propagate Intrinsic Fault
Node NODO_10 has still failing due to Intrinsic Fault
Node NODO_19 has still failing due to Intrinsic Fault
pipeline ARCO_17 still has reduced capacity: 0.0 due to Intrinsic Fault
pipeline ARCO_88 still has reduced capacity: 0.0 due to Intrinsic Fault
pipeline ARCO_89 still has reduced capacity: 0.0 due to Intrinsic Fault
pipeline V_EDGE_53_8 still has reduced capacity: 0.0 due to Intrinsic Fault
pipeline ARCO_18 still has reduced capacity: 0.0 due to Intrinsic Fault
pipeline ARCO_19 still has reduced capacity: 0.0 due to Intrinsic Fault
pipeline ARCO_87 still has reduced capacity: 0.0 due to Intrinsic Fault
pipeline ARCO_35 still has reduced capacity: 0.0 due to Intrinsic Fault
pipeline ARCO_109 still has reduced capacity: 0.0 due to Intrinsic Fault
pipeline ARCO_110 still has reduced capacity: 0.0 due to Intrinsic Fault
pipeline V_EDGE_53_17 still has reduced capacity: 0.0 due to Intrinsic Fault
pipeline ARCO_39 still has reduced capacity: 0.0 due to Intrinsic Fault
pipeline ARCO_40 still has reduced capacity: 0.0 due to Intrinsic Fault
pipeline ARCO_105 still has reduced capacity: 0.0 due to Intrinsic Fault
Propagate Heavy Faults
Propagate Attacks
Inject Intrinsic Failure To Source
Inject Heavy Fault To Sources
Inject Attack Multiple To Source
Inject Intrinsic Fault To Pipeline
Inject Heavy Fault To Pipeline
Inject Attack To Pipeline
----------- Statistics ------------
	Sources Under Attack: 0
	Sources with Heavy Fault: 0
	Sources with Intrinsic Fault: 2
	Arcs with reduce capacity due to Attack: 0
	Arcs with reduce capacity due to Heavy Fault: 0
	Arcs with reduce capacity due to Intrinsic Fault: 14
	Arcs with Attacks: 0
	Arcs with Heavy Fault: 0
	Arcs with Intrinsic Fault: 0
--------- SOURCES STATISTICS ---------------
Demand del real Source[0]: -31.0, flusso erogato: 16.470000000000002, flusso entrante: 0.0, efficienza: 53.12903225806453 %
Demand del real Source[8]: -10.5, flusso erogato: 0.0, flusso entrante: 0.0, efficienza: 0.0 %
Demand del real Source[9]: -7.1, flusso erogato: 22.57, flusso entrante: 15.470000000000002, efficienza: 317.88732394366195 %
Demand del real Source[17]: -25.0, flusso erogato: 0.0, flusso entrante: 0.0, efficienza: 0.0 %
Flusso totale entrante nei Real Source: 15.470000000000002
Flusso totale uscente dai Real Source: 39.040000000000006
Flusso netto sui real Source: -23.570000000000004
--- SINKS STATISTICS ---
Sink 3 SODDISFATTO. Flusso netto: 3.43, Demand: 3.43, percentage: 100.0
Sink 4 SODDISFATTO. Flusso netto: 0.5700000000000003, Demand: 0.57, percentage: 100.00000000000007
Sink 5 SODDISFATTO. Flusso netto: 0.6599999999999997, Demand: 0.66, percentage: 99.99999999999994
Sink 11 SODDISFATTO. Flusso netto: 1.03, Demand: 1.03, percentage: 100.0
Sink 15 SODDISFATTO. Flusso netto: 0.45999999999999996, Demand: 0.46, percentage: 99.99999999999999
Sink 16 non è soddisfatto. Flusso netto: 2.83, Demand: 8.4, percentage: 33.69047619047619
Sink 19 non è soddisfatto. Flusso netto: 0.0, Demand: 0.54, percentage: 0.0
Sink 23 non è soddisfatto. Flusso netto: 0.0, Demand: 0.6, percentage: 0.0
Sink 24 non è soddisfatto. Flusso netto: 0.0, Demand: 0.8, percentage: 0.0
Sink 25 non è soddisfatto. Flusso netto: 0.0, Demand: 3.5, percentage: 0.0
Sink 26 non è soddisfatto. Flusso netto: 0.0, Demand: 6.0, percentage: 0.0
Sink 28 non è soddisfatto. Flusso netto: 0.0, Demand: 0.4, percentage: 0.0
Sink 30 non è soddisfatto. Flusso netto: 0.0, Demand: 0.98, percentage: 0.0
Sink 31 non è soddisfatto. Flusso netto: 0.0, Demand: 0.4, percentage: 0.0
Sink 32 SODDISFATTO. Flusso netto: 1.0000000000000009, Demand: 1.0, percentage: 100.00000000000009
Sink 34 SODDISFATTO. Flusso netto: 1.74, Demand: 1.74, percentage: 100.0
Sink 35 SODDISFATTO. Flusso netto: 1.3, Demand: 1.3, percentage: 100.0
Sink 37 SODDISFATTO. Flusso netto: 1.0, Demand: 1.0, percentage: 100.0
Sink 39 non è soddisfatto. Flusso netto: 0.0, Demand: 0.4, percentage: 0.0
Sink 40 non è soddisfatto. Flusso netto: 0.0, Demand: 0.5, percentage: 0.0
Sink 41 SODDISFATTO. Flusso netto: 1.0600000000000005, Demand: 1.06, percentage: 100.00000000000004
Sink 42 SODDISFATTO. Flusso netto: 2.8199999999999994, Demand: 2.82, percentage: 99.99999999999999
Sink 45 SODDISFATTO. Flusso netto: 0.68, Demand: 0.68, percentage: 100.0
Sink 46 SODDISFATTO. Flusso netto: 1.17, Demand: 1.17, percentage: 100.0
Sink 49 non è soddisfatto. Flusso netto: 3.82, Demand: 7.0, percentage: 54.57142857142857
Flusso totale entrante nei SINK: 50.23
Flusso totale uscente nei SINK: 26.66
Flusso totale netto nei SINK: 23.569999999999997
Total DEMAND dei SINK: 46.44
Percentual di flusso ai SINK: 0.5075366063738156
Numero di Sink soddisfatti: 13.0, numero totale di sink: 25.0
Percentuale di Sink soddisfatti: 0.52

---------------------------------- DAY 91

Update Fixed Elements from Intrinsic Faults
Update Fixed Elements from Heavy Faults
Update Fixed Elements from Attack
Propagate Intrinsic Fault
Node NODO_10 has still failing due to Intrinsic Fault
Node NODO_19 has still failing due to Intrinsic Fault
pipeline ARCO_17 still has reduced capacity: 0.0 due to Intrinsic Fault
pipeline ARCO_88 still has reduced capacity: 0.0 due to Intrinsic Fault
pipeline ARCO_89 still has reduced capacity: 0.0 due to Intrinsic Fault
pipeline V_EDGE_53_8 still has reduced capacity: 0.0 due to Intrinsic Fault
pipeline ARCO_18 still has reduced capacity: 0.0 due to Intrinsic Fault
pipeline ARCO_19 still has reduced capacity: 0.0 due to Intrinsic Fault
pipeline ARCO_87 still has reduced capacity: 0.0 due to Intrinsic Fault
pipeline ARCO_35 still has reduced capacity: 0.0 due to Intrinsic Fault
pipeline ARCO_109 still has reduced capacity: 0.0 due to Intrinsic Fault
pipeline ARCO_110 still has reduced capacity: 0.0 due to Intrinsic Fault
pipeline V_EDGE_53_17 still has reduced capacity: 0.0 due to Intrinsic Fault
pipeline ARCO_39 still has reduced capacity: 0.0 due to Intrinsic Fault
pipeline ARCO_40 still has reduced capacity: 0.0 due to Intrinsic Fault
pipeline ARCO_105 still has reduced capacity: 0.0 due to Intrinsic Fault
Propagate Heavy Faults
Propagate Attacks
Inject Intrinsic Failure To Source
Inject Heavy Fault To Sources
Inject Attack Multiple To Source
Inject Intrinsic Fault To Pipeline
Inject Heavy Fault To Pipeline
Inject Attack To Pipeline
----------- Statistics ------------
	Sources Under Attack: 0
	Sources with Heavy Fault: 0
	Sources with Intrinsic Fault: 2
	Arcs with reduce capacity due to Attack: 0
	Arcs with reduce capacity due to Heavy Fault: 0
	Arcs with reduce capacity due to Intrinsic Fault: 14
	Arcs with Attacks: 0
	Arcs with Heavy Fault: 0
	Arcs with Intrinsic Fault: 0
--------- SOURCES STATISTICS ---------------
Demand del real Source[0]: -31.0, flusso erogato: 16.470000000000002, flusso entrante: 0.0, efficienza: 53.12903225806453 %
Demand del real Source[8]: -10.5, flusso erogato: 0.0, flusso entrante: 0.0, efficienza: 0.0 %
Demand del real Source[9]: -7.1, flusso erogato: 22.57, flusso entrante: 15.470000000000002, efficienza: 317.88732394366195 %
Demand del real Source[17]: -25.0, flusso erogato: 0.0, flusso entrante: 0.0, efficienza: 0.0 %
Flusso totale entrante nei Real Source: 15.470000000000002
Flusso totale uscente dai Real Source: 39.040000000000006
Flusso netto sui real Source: -23.570000000000004
--- SINKS STATISTICS ---
Sink 3 SODDISFATTO. Flusso netto: 3.43, Demand: 3.43, percentage: 100.0
Sink 4 SODDISFATTO. Flusso netto: 0.5700000000000003, Demand: 0.57, percentage: 100.00000000000007
Sink 5 SODDISFATTO. Flusso netto: 0.6599999999999997, Demand: 0.66, percentage: 99.99999999999994
Sink 11 SODDISFATTO. Flusso netto: 1.03, Demand: 1.03, percentage: 100.0
Sink 15 SODDISFATTO. Flusso netto: 0.45999999999999996, Demand: 0.46, percentage: 99.99999999999999
Sink 16 non è soddisfatto. Flusso netto: 2.83, Demand: 8.4, percentage: 33.69047619047619
Sink 19 non è soddisfatto. Flusso netto: 0.0, Demand: 0.54, percentage: 0.0
Sink 23 non è soddisfatto. Flusso netto: 0.0, Demand: 0.6, percentage: 0.0
Sink 24 non è soddisfatto. Flusso netto: 0.0, Demand: 0.8, percentage: 0.0
Sink 25 non è soddisfatto. Flusso netto: 0.0, Demand: 3.5, percentage: 0.0
Sink 26 non è soddisfatto. Flusso netto: 0.0, Demand: 6.0, percentage: 0.0
Sink 28 non è soddisfatto. Flusso netto: 0.0, Demand: 0.4, percentage: 0.0
Sink 30 non è soddisfatto. Flusso netto: 0.0, Demand: 0.98, percentage: 0.0
Sink 31 non è soddisfatto. Flusso netto: 0.0, Demand: 0.4, percentage: 0.0
Sink 32 SODDISFATTO. Flusso netto: 1.0000000000000009, Demand: 1.0, percentage: 100.00000000000009
Sink 34 SODDISFATTO. Flusso netto: 1.74, Demand: 1.74, percentage: 100.0
Sink 35 SODDISFATTO. Flusso netto: 1.3, Demand: 1.3, percentage: 100.0
Sink 37 SODDISFATTO. Flusso netto: 1.0, Demand: 1.0, percentage: 100.0
Sink 39 non è soddisfatto. Flusso netto: 0.0, Demand: 0.4, percentage: 0.0
Sink 40 non è soddisfatto. Flusso netto: 0.0, Demand: 0.5, percentage: 0.0
Sink 41 SODDISFATTO. Flusso netto: 1.0600000000000005, Demand: 1.06, percentage: 100.00000000000004
Sink 42 SODDISFATTO. Flusso netto: 2.8199999999999994, Demand: 2.82, percentage: 99.99999999999999
Sink 45 SODDISFATTO. Flusso netto: 0.68, Demand: 0.68, percentage: 100.0
Sink 46 SODDISFATTO. Flusso netto: 1.17, Demand: 1.17, percentage: 100.0
Sink 49 non è soddisfatto. Flusso netto: 3.82, Demand: 7.0, percentage: 54.57142857142857
Flusso totale entrante nei SINK: 50.23
Flusso totale uscente nei SINK: 26.66
Flusso totale netto nei SINK: 23.569999999999997
Total DEMAND dei SINK: 46.44
Percentual di flusso ai SINK: 0.5075366063738156
Numero di Sink soddisfatti: 13.0, numero totale di sink: 25.0
Percentuale di Sink soddisfatti: 0.52

---------------------------------- DAY 92

Update Fixed Elements from Intrinsic Faults
Source NODO_10 fixed from Intrinsic Fault
Pipeline ARCO_17 fixed due to Source NODO_10 fixing from Intrinsic Fault
Pipeline ARCO_88 fixed due to Source NODO_10 fixing from Intrinsic Fault
Pipeline ARCO_89 fixed due to Source NODO_10 fixing from Intrinsic Fault
Pipeline V_EDGE_53_8 fixed due to Source NODO_10 fixing from Intrinsic Fault
Pipeline ARCO_18 fixed due to Source NODO_10 fixing from Intrinsic Fault
Pipeline ARCO_19 fixed due to Source NODO_10 fixing from Intrinsic Fault
Pipeline ARCO_87 fixed due to Source NODO_10 fixing from Intrinsic Fault
Source NODO_19 fixed from Intrinsic Fault
Pipeline ARCO_35 fixed due to Source NODO_19 fixing from Intrinsic Fault
Pipeline ARCO_109 fixed due to Source NODO_19 fixing from Intrinsic Fault
Pipeline ARCO_110 fixed due to Source NODO_19 fixing from Intrinsic Fault
Pipeline V_EDGE_53_17 fixed due to Source NODO_19 fixing from Intrinsic Fault
Pipeline ARCO_39 fixed due to Source NODO_19 fixing from Intrinsic Fault
Pipeline ARCO_40 fixed due to Source NODO_19 fixing from Intrinsic Fault
Pipeline ARCO_105 fixed due to Source NODO_19 fixing from Intrinsic Fault
Update Fixed Elements from Heavy Faults
Update Fixed Elements from Attack
Propagate Intrinsic Fault
Propagate Heavy Faults
Propagate Attacks
Inject Intrinsic Failure To Source
Inject Heavy Fault To Sources
Inject Attack Multiple To Source
Inject Intrinsic Fault To Pipeline
Inject Heavy Fault To Pipeline
Inject Attack To Pipeline
----------- Statistics ------------
	Sources Under Attack: 0
	Sources with Heavy Fault: 0
	Sources with Intrinsic Fault: 0
	Arcs with reduce capacity due to Attack: 0
	Arcs with reduce capacity due to Heavy Fault: 0
	Arcs with reduce capacity due to Intrinsic Fault: 0
	Arcs with Attacks: 0
	Arcs with Heavy Fault: 0
	Arcs with Intrinsic Fault: 0
--------- SOURCES STATISTICS ---------------
Demand del real Source[0]: -31.0, flusso erogato: 10.129999999999997, flusso entrante: 0.0, efficienza: 32.6774193548387 %
Demand del real Source[8]: -10.5, flusso erogato: 3.8600000000000003, flusso entrante: 0.0, efficienza: 36.76190476190476 %
Demand del real Source[9]: -7.1, flusso erogato: 16.229999999999997, flusso entrante: 9.129999999999997, efficienza: 228.59154929577463 %
Demand del real Source[17]: -25.0, flusso erogato: 25.000000000000007, flusso entrante: 0.0, efficienza: 100.00000000000003 %
Flusso totale entrante nei Real Source: 9.129999999999997
Flusso totale uscente dai Real Source: 55.220000000000006
Flusso netto sui real Source: -46.09000000000001
--- SINKS STATISTICS ---
Sink 3 SODDISFATTO. Flusso netto: 3.43, Demand: 3.43, percentage: 100.0
Sink 4 SODDISFATTO. Flusso netto: 0.5700000000000003, Demand: 0.57, percentage: 100.00000000000007
Sink 5 SODDISFATTO. Flusso netto: 0.6600000000000001, Demand: 0.66, percentage: 100.00000000000003
Sink 11 SODDISFATTO. Flusso netto: 1.03, Demand: 1.03, percentage: 100.0
Sink 15 SODDISFATTO. Flusso netto: 0.46, Demand: 0.46, percentage: 100.0
Sink 16 SODDISFATTO. Flusso netto: 8.400000000000002, Demand: 8.4, percentage: 100.00000000000003
Sink 19 SODDISFATTO. Flusso netto: 0.5399999999999991, Demand: 0.54, percentage: 99.99999999999983
Sink 23 SODDISFATTO. Flusso netto: 0.5999999999999999, Demand: 0.6, percentage: 99.99999999999997
Sink 24 SODDISFATTO. Flusso netto: 0.8, Demand: 0.8, percentage: 100.0
Sink 25 SODDISFATTO. Flusso netto: 3.5, Demand: 3.5, percentage: 100.0
Sink 26 SODDISFATTO. Flusso netto: 6.000000000000002, Demand: 6.0, percentage: 100.00000000000003
Sink 28 SODDISFATTO. Flusso netto: 0.4, Demand: 0.4, percentage: 100.0
Sink 30 SODDISFATTO. Flusso netto: 0.9799999999999986, Demand: 0.98, percentage: 99.99999999999987
Sink 31 SODDISFATTO. Flusso netto: 0.4, Demand: 0.4, percentage: 100.0
Sink 32 SODDISFATTO. Flusso netto: 0.9999999999999996, Demand: 1.0, percentage: 99.99999999999996
Sink 34 SODDISFATTO. Flusso netto: 1.74, Demand: 1.74, percentage: 100.0
Sink 35 SODDISFATTO. Flusso netto: 1.3, Demand: 1.3, percentage: 100.0
Sink 37 SODDISFATTO. Flusso netto: 1.0, Demand: 1.0, percentage: 100.0
Sink 39 SODDISFATTO. Flusso netto: 0.4, Demand: 0.4, percentage: 100.0
Sink 40 SODDISFATTO. Flusso netto: 0.5, Demand: 0.5, percentage: 100.0
Sink 41 SODDISFATTO. Flusso netto: 1.06, Demand: 1.06, percentage: 100.0
Sink 42 SODDISFATTO. Flusso netto: 2.8199999999999994, Demand: 2.82, percentage: 99.99999999999999
Sink 45 SODDISFATTO. Flusso netto: 0.68, Demand: 0.68, percentage: 100.0
Sink 46 SODDISFATTO. Flusso netto: 1.17, Demand: 1.17, percentage: 100.0
Sink 49 non è soddisfatto. Flusso netto: 6.6499999999999995, Demand: 7.0, percentage: 95.0
Flusso totale entrante nei SINK: 92.61000000000001
Flusso totale uscente nei SINK: 46.52
Flusso totale netto nei SINK: 46.09000000000001
Total DEMAND dei SINK: 46.44
Percentual di flusso ai SINK: 0.9924633936261846
Numero di Sink soddisfatti: 24.0, numero totale di sink: 25.0
Percentuale di Sink soddisfatti: 0.96

---------------------------------- DAY 93

Update Fixed Elements from Intrinsic Faults
Update Fixed Elements from Heavy Faults
Update Fixed Elements from Attack
Propagate Intrinsic Fault
Propagate Heavy Faults
Propagate Attacks
Inject Intrinsic Failure To Source
Inject Heavy Fault To Sources
Inject Attack Multiple To Source
Inject Intrinsic Fault To Pipeline
Inject Heavy Fault To Pipeline
Inject Attack To Pipeline
----------- Statistics ------------
	Sources Under Attack: 0
	Sources with Heavy Fault: 0
	Sources with Intrinsic Fault: 0
	Arcs with reduce capacity due to Attack: 0
	Arcs with reduce capacity due to Heavy Fault: 0
	Arcs with reduce capacity due to Intrinsic Fault: 0
	Arcs with Attacks: 0
	Arcs with Heavy Fault: 0
	Arcs with Intrinsic Fault: 0
--------- SOURCES STATISTICS ---------------
Demand del real Source[0]: -31.0, flusso erogato: 10.129999999999997, flusso entrante: 0.0, efficienza: 32.6774193548387 %
Demand del real Source[8]: -10.5, flusso erogato: 3.8600000000000003, flusso entrante: 0.0, efficienza: 36.76190476190476 %
Demand del real Source[9]: -7.1, flusso erogato: 16.229999999999997, flusso entrante: 9.129999999999997, efficienza: 228.59154929577463 %
Demand del real Source[17]: -25.0, flusso erogato: 25.000000000000007, flusso entrante: 0.0, efficienza: 100.00000000000003 %
Flusso totale entrante nei Real Source: 9.129999999999997
Flusso totale uscente dai Real Source: 55.220000000000006
Flusso netto sui real Source: -46.09000000000001
--- SINKS STATISTICS ---
Sink 3 SODDISFATTO. Flusso netto: 3.43, Demand: 3.43, percentage: 100.0
Sink 4 SODDISFATTO. Flusso netto: 0.5700000000000003, Demand: 0.57, percentage: 100.00000000000007
Sink 5 SODDISFATTO. Flusso netto: 0.6600000000000001, Demand: 0.66, percentage: 100.00000000000003
Sink 11 SODDISFATTO. Flusso netto: 1.03, Demand: 1.03, percentage: 100.0
Sink 15 SODDISFATTO. Flusso netto: 0.46, Demand: 0.46, percentage: 100.0
Sink 16 SODDISFATTO. Flusso netto: 8.400000000000002, Demand: 8.4, percentage: 100.00000000000003
Sink 19 SODDISFATTO. Flusso netto: 0.5399999999999991, Demand: 0.54, percentage: 99.99999999999983
Sink 23 SODDISFATTO. Flusso netto: 0.5999999999999999, Demand: 0.6, percentage: 99.99999999999997
Sink 24 SODDISFATTO. Flusso netto: 0.8, Demand: 0.8, percentage: 100.0
Sink 25 SODDISFATTO. Flusso netto: 3.5, Demand: 3.5, percentage: 100.0
Sink 26 SODDISFATTO. Flusso netto: 6.000000000000002, Demand: 6.0, percentage: 100.00000000000003
Sink 28 SODDISFATTO. Flusso netto: 0.4, Demand: 0.4, percentage: 100.0
Sink 30 SODDISFATTO. Flusso netto: 0.9799999999999986, Demand: 0.98, percentage: 99.99999999999987
Sink 31 SODDISFATTO. Flusso netto: 0.4, Demand: 0.4, percentage: 100.0
Sink 32 SODDISFATTO. Flusso netto: 0.9999999999999996, Demand: 1.0, percentage: 99.99999999999996
Sink 34 SODDISFATTO. Flusso netto: 1.74, Demand: 1.74, percentage: 100.0
Sink 35 SODDISFATTO. Flusso netto: 1.3, Demand: 1.3, percentage: 100.0
Sink 37 SODDISFATTO. Flusso netto: 1.0, Demand: 1.0, percentage: 100.0
Sink 39 SODDISFATTO. Flusso netto: 0.4, Demand: 0.4, percentage: 100.0
Sink 40 SODDISFATTO. Flusso netto: 0.5, Demand: 0.5, percentage: 100.0
Sink 41 SODDISFATTO. Flusso netto: 1.06, Demand: 1.06, percentage: 100.0
Sink 42 SODDISFATTO. Flusso netto: 2.8199999999999994, Demand: 2.82, percentage: 99.99999999999999
Sink 45 SODDISFATTO. Flusso netto: 0.68, Demand: 0.68, percentage: 100.0
Sink 46 SODDISFATTO. Flusso netto: 1.17, Demand: 1.17, percentage: 100.0
Sink 49 non è soddisfatto. Flusso netto: 6.6499999999999995, Demand: 7.0, percentage: 95.0
Flusso totale entrante nei SINK: 92.61000000000001
Flusso totale uscente nei SINK: 46.52
Flusso totale netto nei SINK: 46.09000000000001
Total DEMAND dei SINK: 46.44
Percentual di flusso ai SINK: 0.9924633936261846
Numero di Sink soddisfatti: 24.0, numero totale di sink: 25.0
Percentuale di Sink soddisfatti: 0.96

---------------------------------- DAY 94

Update Fixed Elements from Intrinsic Faults
Update Fixed Elements from Heavy Faults
Update Fixed Elements from Attack
Propagate Intrinsic Fault
Propagate Heavy Faults
Propagate Attacks
Inject Intrinsic Failure To Source
Source NODO_2 is failing for an Intrinsic Fault in day: 94
pipeline ARCO_70 has reduced capacity due to NODO_2 Intrinsic fault
pipeline V_EDGE_53_0 has reduced capacity due to NODO_2 Intrinsic fault
pipeline ARCO_0 has reduced capacity due to NODO_2 Intrinsic fault
Inject Heavy Fault To Sources
Inject Attack Multiple To Source
Inject Intrinsic Fault To Pipeline
Inject Heavy Fault To Pipeline
Inject Attack To Pipeline
----------- Statistics ------------
	Sources Under Attack: 0
	Sources with Heavy Fault: 0
	Sources with Intrinsic Fault: 1
	Arcs with reduce capacity due to Attack: 0
	Arcs with reduce capacity due to Heavy Fault: 0
	Arcs with reduce capacity due to Intrinsic Fault: 3
	Arcs with Attacks: 0
	Arcs with Heavy Fault: 0
	Arcs with Intrinsic Fault: 0
--------- SOURCES STATISTICS ---------------
Demand del real Source[0]: -31.0, flusso erogato: 10.129999999999997, flusso entrante: 0.0, efficienza: 32.6774193548387 %
Demand del real Source[8]: -10.5, flusso erogato: 3.8600000000000003, flusso entrante: 0.0, efficienza: 36.76190476190476 %
Demand del real Source[9]: -7.1, flusso erogato: 16.229999999999997, flusso entrante: 9.129999999999997, efficienza: 228.59154929577463 %
Demand del real Source[17]: -25.0, flusso erogato: 25.000000000000007, flusso entrante: 0.0, efficienza: 100.00000000000003 %
Flusso totale entrante nei Real Source: 9.129999999999997
Flusso totale uscente dai Real Source: 55.220000000000006
Flusso netto sui real Source: -46.09000000000001
--- SINKS STATISTICS ---
Sink 3 SODDISFATTO. Flusso netto: 3.43, Demand: 3.43, percentage: 100.0
Sink 4 SODDISFATTO. Flusso netto: 0.5700000000000003, Demand: 0.57, percentage: 100.00000000000007
Sink 5 SODDISFATTO. Flusso netto: 0.6600000000000001, Demand: 0.66, percentage: 100.00000000000003
Sink 11 SODDISFATTO. Flusso netto: 1.03, Demand: 1.03, percentage: 100.0
Sink 15 SODDISFATTO. Flusso netto: 0.46, Demand: 0.46, percentage: 100.0
Sink 16 SODDISFATTO. Flusso netto: 8.400000000000002, Demand: 8.4, percentage: 100.00000000000003
Sink 19 SODDISFATTO. Flusso netto: 0.5399999999999991, Demand: 0.54, percentage: 99.99999999999983
Sink 23 SODDISFATTO. Flusso netto: 0.5999999999999999, Demand: 0.6, percentage: 99.99999999999997
Sink 24 SODDISFATTO. Flusso netto: 0.8, Demand: 0.8, percentage: 100.0
Sink 25 SODDISFATTO. Flusso netto: 3.5, Demand: 3.5, percentage: 100.0
Sink 26 SODDISFATTO. Flusso netto: 6.000000000000002, Demand: 6.0, percentage: 100.00000000000003
Sink 28 SODDISFATTO. Flusso netto: 0.4, Demand: 0.4, percentage: 100.0
Sink 30 SODDISFATTO. Flusso netto: 0.9799999999999986, Demand: 0.98, percentage: 99.99999999999987
Sink 31 SODDISFATTO. Flusso netto: 0.4, Demand: 0.4, percentage: 100.0
Sink 32 SODDISFATTO. Flusso netto: 0.9999999999999996, Demand: 1.0, percentage: 99.99999999999996
Sink 34 SODDISFATTO. Flusso netto: 1.74, Demand: 1.74, percentage: 100.0
Sink 35 SODDISFATTO. Flusso netto: 1.3, Demand: 1.3, percentage: 100.0
Sink 37 SODDISFATTO. Flusso netto: 1.0, Demand: 1.0, percentage: 100.0
Sink 39 SODDISFATTO. Flusso netto: 0.4, Demand: 0.4, percentage: 100.0
Sink 40 SODDISFATTO. Flusso netto: 0.5, Demand: 0.5, percentage: 100.0
Sink 41 SODDISFATTO. Flusso netto: 1.06, Demand: 1.06, percentage: 100.0
Sink 42 SODDISFATTO. Flusso netto: 2.8199999999999994, Demand: 2.82, percentage: 99.99999999999999
Sink 45 SODDISFATTO. Flusso netto: 0.68, Demand: 0.68, percentage: 100.0
Sink 46 SODDISFATTO. Flusso netto: 1.17, Demand: 1.17, percentage: 100.0
Sink 49 non è soddisfatto. Flusso netto: 6.6499999999999995, Demand: 7.0, percentage: 95.0
Flusso totale entrante nei SINK: 92.61000000000001
Flusso totale uscente nei SINK: 46.52
Flusso totale netto nei SINK: 46.09000000000001
Total DEMAND dei SINK: 46.44
Percentual di flusso ai SINK: 0.9924633936261846
Numero di Sink soddisfatti: 24.0, numero totale di sink: 25.0
Percentuale di Sink soddisfatti: 0.96

---------------------------------- DAY 95

Update Fixed Elements from Intrinsic Faults
Update Fixed Elements from Heavy Faults
Update Fixed Elements from Attack
Propagate Intrinsic Fault
Node NODO_2 has still failing due to Intrinsic Fault
pipeline ARCO_70 still has reduced capacity: 24.8 due to Intrinsic Fault
pipeline V_EDGE_53_0 still has reduced capacity: 24.8 due to Intrinsic Fault
pipeline ARCO_0 still has reduced capacity: 24.8 due to Intrinsic Fault
Propagate Heavy Faults
Propagate Attacks
Inject Intrinsic Failure To Source
Source NODO_10 is failing for an Intrinsic Fault in day: 95
pipeline ARCO_17 has reduced capacity due to NODO_10 Intrinsic fault
pipeline ARCO_88 has reduced capacity due to NODO_10 Intrinsic fault
pipeline ARCO_89 has reduced capacity due to NODO_10 Intrinsic fault
pipeline V_EDGE_53_8 has reduced capacity due to NODO_10 Intrinsic fault
pipeline ARCO_18 has reduced capacity due to NODO_10 Intrinsic fault
pipeline ARCO_19 has reduced capacity due to NODO_10 Intrinsic fault
pipeline ARCO_87 has reduced capacity due to NODO_10 Intrinsic fault
Inject Heavy Fault To Sources
Inject Attack Multiple To Source
Inject Intrinsic Fault To Pipeline
Inject Heavy Fault To Pipeline
Inject Attack To Pipeline
----------- Statistics ------------
	Sources Under Attack: 0
	Sources with Heavy Fault: 0
	Sources with Intrinsic Fault: 2
	Arcs with reduce capacity due to Attack: 0
	Arcs with reduce capacity due to Heavy Fault: 0
	Arcs with reduce capacity due to Intrinsic Fault: 10
	Arcs with Attacks: 0
	Arcs with Heavy Fault: 0
	Arcs with Intrinsic Fault: 0
--------- SOURCES STATISTICS ---------------
Demand del real Source[0]: -31.0, flusso erogato: 11.159999999999998, flusso entrante: 0.0, efficienza: 35.99999999999999 %
Demand del real Source[8]: -10.5, flusso erogato: 0.0, flusso entrante: 0.0, efficienza: 0.0 %
Demand del real Source[9]: -7.1, flusso erogato: 17.259999999999998, flusso entrante: 10.159999999999998, efficienza: 243.09859154929575 %
Demand del real Source[17]: -25.0, flusso erogato: 25.000000000000007, flusso entrante: 0.0, efficienza: 100.00000000000003 %
Flusso totale entrante nei Real Source: 10.159999999999998
Flusso totale uscente dai Real Source: 53.42
Flusso netto sui real Source: -43.260000000000005
--- SINKS STATISTICS ---
Sink 3 SODDISFATTO. Flusso netto: 3.43, Demand: 3.43, percentage: 100.0
Sink 4 SODDISFATTO. Flusso netto: 0.5700000000000003, Demand: 0.57, percentage: 100.00000000000007
Sink 5 SODDISFATTO. Flusso netto: 0.6599999999999997, Demand: 0.66, percentage: 99.99999999999994
Sink 11 SODDISFATTO. Flusso netto: 1.03, Demand: 1.03, percentage: 100.0
Sink 15 SODDISFATTO. Flusso netto: 0.46, Demand: 0.46, percentage: 100.0
Sink 16 SODDISFATTO. Flusso netto: 8.400000000000002, Demand: 8.4, percentage: 100.00000000000003
Sink 19 SODDISFATTO. Flusso netto: 0.5399999999999991, Demand: 0.54, percentage: 99.99999999999983
Sink 23 SODDISFATTO. Flusso netto: 0.5999999999999999, Demand: 0.6, percentage: 99.99999999999997
Sink 24 SODDISFATTO. Flusso netto: 0.8, Demand: 0.8, percentage: 100.0
Sink 25 SODDISFATTO. Flusso netto: 3.5, Demand: 3.5, percentage: 100.0
Sink 26 SODDISFATTO. Flusso netto: 6.000000000000002, Demand: 6.0, percentage: 100.00000000000003
Sink 28 SODDISFATTO. Flusso netto: 0.4, Demand: 0.4, percentage: 100.0
Sink 30 SODDISFATTO. Flusso netto: 0.9799999999999986, Demand: 0.98, percentage: 99.99999999999987
Sink 31 SODDISFATTO. Flusso netto: 0.4, Demand: 0.4, percentage: 100.0
Sink 32 SODDISFATTO. Flusso netto: 0.9999999999999996, Demand: 1.0, percentage: 99.99999999999996
Sink 34 SODDISFATTO. Flusso netto: 1.74, Demand: 1.74, percentage: 100.0
Sink 35 SODDISFATTO. Flusso netto: 1.3, Demand: 1.3, percentage: 100.0
Sink 37 SODDISFATTO. Flusso netto: 1.0, Demand: 1.0, percentage: 100.0
Sink 39 SODDISFATTO. Flusso netto: 0.4, Demand: 0.4, percentage: 100.0
Sink 40 SODDISFATTO. Flusso netto: 0.5, Demand: 0.5, percentage: 100.0
Sink 41 SODDISFATTO. Flusso netto: 1.06, Demand: 1.06, percentage: 100.0
Sink 42 SODDISFATTO. Flusso netto: 2.8199999999999994, Demand: 2.82, percentage: 99.99999999999999
Sink 45 SODDISFATTO. Flusso netto: 0.68, Demand: 0.68, percentage: 100.0
Sink 46 SODDISFATTO. Flusso netto: 1.17, Demand: 1.17, percentage: 100.0
Sink 49 non è soddisfatto. Flusso netto: 3.82, Demand: 7.0, percentage: 54.57142857142857
Flusso totale entrante nei SINK: 89.12
Flusso totale uscente nei SINK: 45.86000000000001
Flusso totale netto nei SINK: 43.26
Total DEMAND dei SINK: 46.44
Percentual di flusso ai SINK: 0.9315245478036176
Numero di Sink soddisfatti: 24.0, numero totale di sink: 25.0
Percentuale di Sink soddisfatti: 0.96

---------------------------------- DAY 96

Update Fixed Elements from Intrinsic Faults
Update Fixed Elements from Heavy Faults
Update Fixed Elements from Attack
Propagate Intrinsic Fault
Node NODO_2 has still failing due to Intrinsic Fault
Node NODO_10 has still failing due to Intrinsic Fault
pipeline ARCO_70 still has reduced capacity: 24.8 due to Intrinsic Fault
pipeline V_EDGE_53_0 still has reduced capacity: 24.8 due to Intrinsic Fault
pipeline ARCO_0 still has reduced capacity: 24.8 due to Intrinsic Fault
pipeline ARCO_17 still has reduced capacity: 0.0 due to Intrinsic Fault
pipeline ARCO_88 still has reduced capacity: 0.0 due to Intrinsic Fault
pipeline ARCO_89 still has reduced capacity: 0.0 due to Intrinsic Fault
pipeline V_EDGE_53_8 still has reduced capacity: 0.0 due to Intrinsic Fault
pipeline ARCO_18 still has reduced capacity: 0.0 due to Intrinsic Fault
pipeline ARCO_19 still has reduced capacity: 0.0 due to Intrinsic Fault
pipeline ARCO_87 still has reduced capacity: 0.0 due to Intrinsic Fault
Propagate Heavy Faults
Propagate Attacks
Inject Intrinsic Failure To Source
Source NODO_11 is failing for an Intrinsic Fault in day: 96
pipeline ARCO_3 has reduced capacity due to NODO_11 Intrinsic fault
pipeline ARCO_90 has reduced capacity due to NODO_11 Intrinsic fault
pipeline ARCO_91 has reduced capacity due to NODO_11 Intrinsic fault
pipeline ARCO_92 has reduced capacity due to NODO_11 Intrinsic fault
pipeline V_EDGE_53_9 has reduced capacity due to NODO_11 Intrinsic fault
pipeline ARCO_20 has reduced capacity due to NODO_11 Intrinsic fault
pipeline ARCO_21 has reduced capacity due to NODO_11 Intrinsic fault
pipeline ARCO_22 has reduced capacity due to NODO_11 Intrinsic fault
pipeline ARCO_73 has reduced capacity due to NODO_11 Intrinsic fault
Inject Heavy Fault To Sources
Inject Attack Multiple To Source
Inject Intrinsic Fault To Pipeline
Inject Heavy Fault To Pipeline
Inject Attack To Pipeline
----------- Statistics ------------
	Sources Under Attack: 0
	Sources with Heavy Fault: 0
	Sources with Intrinsic Fault: 3
	Arcs with reduce capacity due to Attack: 0
	Arcs with reduce capacity due to Heavy Fault: 0
	Arcs with reduce capacity due to Intrinsic Fault: 19
	Arcs with Attacks: 0
	Arcs with Heavy Fault: 0
	Arcs with Intrinsic Fault: 0
--------- SOURCES STATISTICS ---------------
Demand del real Source[0]: -31.0, flusso erogato: 12.427999999999997, flusso entrante: 0.0, efficienza: 40.09032258064516 %
Demand del real Source[8]: -10.5, flusso erogato: 0.0, flusso entrante: 0.0, efficienza: 0.0 %
Demand del real Source[9]: -7.1, flusso erogato: 17.107999999999997, flusso entrante: 11.427999999999999, efficienza: 240.9577464788732 %
Demand del real Source[17]: -25.0, flusso erogato: 25.000000000000007, flusso entrante: 0.0, efficienza: 100.00000000000003 %
Flusso totale entrante nei Real Source: 11.427999999999999
Flusso totale uscente dai Real Source: 54.536
Flusso netto sui real Source: -43.108000000000004
--- SINKS STATISTICS ---
Sink 3 SODDISFATTO. Flusso netto: 3.43, Demand: 3.43, percentage: 100.0
Sink 4 SODDISFATTO. Flusso netto: 0.5700000000000003, Demand: 0.57, percentage: 100.00000000000007
Sink 5 SODDISFATTO. Flusso netto: 0.6599999999999997, Demand: 0.66, percentage: 99.99999999999994
Sink 11 SODDISFATTO. Flusso netto: 1.03, Demand: 1.03, percentage: 100.0
Sink 15 SODDISFATTO. Flusso netto: 0.46, Demand: 0.46, percentage: 100.0
Sink 16 SODDISFATTO. Flusso netto: 8.400000000000002, Demand: 8.4, percentage: 100.00000000000003
Sink 19 SODDISFATTO. Flusso netto: 0.5399999999999991, Demand: 0.54, percentage: 99.99999999999983
Sink 23 SODDISFATTO. Flusso netto: 0.5999999999999999, Demand: 0.6, percentage: 99.99999999999997
Sink 24 SODDISFATTO. Flusso netto: 0.8, Demand: 0.8, percentage: 100.0
Sink 25 SODDISFATTO. Flusso netto: 3.5, Demand: 3.5, percentage: 100.0
Sink 26 SODDISFATTO. Flusso netto: 6.000000000000002, Demand: 6.0, percentage: 100.00000000000003
Sink 28 SODDISFATTO. Flusso netto: 0.4, Demand: 0.4, percentage: 100.0
Sink 30 SODDISFATTO. Flusso netto: 0.9799999999999986, Demand: 0.98, percentage: 99.99999999999987
Sink 31 SODDISFATTO. Flusso netto: 0.4, Demand: 0.4, percentage: 100.0
Sink 32 SODDISFATTO. Flusso netto: 0.9999999999999996, Demand: 1.0, percentage: 99.99999999999996
Sink 34 SODDISFATTO. Flusso netto: 1.74, Demand: 1.74, percentage: 100.0
Sink 35 SODDISFATTO. Flusso netto: 1.3, Demand: 1.3, percentage: 100.0
Sink 37 SODDISFATTO. Flusso netto: 1.0, Demand: 1.0, percentage: 100.0
Sink 39 SODDISFATTO. Flusso netto: 0.4, Demand: 0.4, percentage: 100.0
Sink 40 SODDISFATTO. Flusso netto: 0.5, Demand: 0.5, percentage: 100.0
Sink 41 SODDISFATTO. Flusso netto: 1.0599999999999996, Demand: 1.06, percentage: 99.99999999999996
Sink 42 SODDISFATTO. Flusso netto: 2.8200000000000003, Demand: 2.82, percentage: 100.00000000000003
Sink 45 SODDISFATTO. Flusso netto: 0.68, Demand: 0.68, percentage: 100.0
Sink 46 SODDISFATTO. Flusso netto: 1.17, Demand: 1.17, percentage: 100.0
Sink 49 non è soddisfatto. Flusso netto: 3.6679999999999997, Demand: 7.0, percentage: 52.39999999999999
Flusso totale entrante nei SINK: 91.75200000000002
Flusso totale uscente nei SINK: 48.64399999999999
Flusso totale netto nei SINK: 43.10800000000003
Total DEMAND dei SINK: 46.44
Percentual di flusso ai SINK: 0.9282515073212755
Numero di Sink soddisfatti: 24.0, numero totale di sink: 25.0
Percentuale di Sink soddisfatti: 0.96

---------------------------------- DAY 97

Update Fixed Elements from Intrinsic Faults
Source NODO_2 fixed from Intrinsic Fault
Pipeline ARCO_70 fixed due to Source NODO_2 fixing from Intrinsic Fault
Pipeline V_EDGE_53_0 fixed due to Source NODO_2 fixing from Intrinsic Fault
Pipeline ARCO_0 fixed due to Source NODO_2 fixing from Intrinsic Fault
Update Fixed Elements from Heavy Faults
Update Fixed Elements from Attack
Propagate Intrinsic Fault
Node NODO_10 has still failing due to Intrinsic Fault
Node NODO_11 has still failing due to Intrinsic Fault
pipeline ARCO_17 still has reduced capacity: 0.0 due to Intrinsic Fault
pipeline ARCO_88 still has reduced capacity: 0.0 due to Intrinsic Fault
pipeline ARCO_89 still has reduced capacity: 0.0 due to Intrinsic Fault
pipeline V_EDGE_53_8 still has reduced capacity: 0.0 due to Intrinsic Fault
pipeline ARCO_18 still has reduced capacity: 0.0 due to Intrinsic Fault
pipeline ARCO_19 still has reduced capacity: 0.0 due to Intrinsic Fault
pipeline ARCO_87 still has reduced capacity: 0.0 due to Intrinsic Fault
pipeline ARCO_3 still has reduced capacity: 9.688 due to Intrinsic Fault
pipeline ARCO_90 still has reduced capacity: 1.6 due to Intrinsic Fault
pipeline ARCO_91 still has reduced capacity: 9.688 due to Intrinsic Fault
pipeline ARCO_92 still has reduced capacity: 39.328 due to Intrinsic Fault
pipeline V_EDGE_53_9 still has reduced capacity: 5.68 due to Intrinsic Fault
pipeline ARCO_20 still has reduced capacity: 1.6 due to Intrinsic Fault
pipeline ARCO_21 still has reduced capacity: 9.688 due to Intrinsic Fault
pipeline ARCO_22 still has reduced capacity: 39.328 due to Intrinsic Fault
pipeline ARCO_73 still has reduced capacity: 9.688 due to Intrinsic Fault
Propagate Heavy Faults
Propagate Attacks
Inject Intrinsic Failure To Source
Source NODO_10 is failing for an Intrinsic Fault in day: 97
pipeline ARCO_17 has reduced capacity due to NODO_10 Intrinsic fault
pipeline ARCO_88 has reduced capacity due to NODO_10 Intrinsic fault
pipeline ARCO_89 has reduced capacity due to NODO_10 Intrinsic fault
pipeline V_EDGE_53_8 has reduced capacity due to NODO_10 Intrinsic fault
pipeline ARCO_18 has reduced capacity due to NODO_10 Intrinsic fault
pipeline ARCO_19 has reduced capacity due to NODO_10 Intrinsic fault
pipeline ARCO_87 has reduced capacity due to NODO_10 Intrinsic fault
Inject Heavy Fault To Sources
Inject Attack Multiple To Source
Inject Intrinsic Fault To Pipeline
Inject Heavy Fault To Pipeline
Inject Attack To Pipeline
----------- Statistics ------------
	Sources Under Attack: 0
	Sources with Heavy Fault: 0
	Sources with Intrinsic Fault: 2
	Arcs with reduce capacity due to Attack: 0
	Arcs with reduce capacity due to Heavy Fault: 0
	Arcs with reduce capacity due to Intrinsic Fault: 16
	Arcs with Attacks: 0
	Arcs with Heavy Fault: 0
	Arcs with Intrinsic Fault: 0
--------- SOURCES STATISTICS ---------------
Demand del real Source[0]: -31.0, flusso erogato: 12.427999999999997, flusso entrante: 0.0, efficienza: 40.09032258064516 %
Demand del real Source[8]: -10.5, flusso erogato: 0.0, flusso entrante: 0.0, efficienza: 0.0 %
Demand del real Source[9]: -7.1, flusso erogato: 17.107999999999997, flusso entrante: 11.427999999999999, efficienza: 240.9577464788732 %
Demand del real Source[17]: -25.0, flusso erogato: 25.000000000000007, flusso entrante: 0.0, efficienza: 100.00000000000003 %
Flusso totale entrante nei Real Source: 11.427999999999999
Flusso totale uscente dai Real Source: 54.536
Flusso netto sui real Source: -43.108000000000004
--- SINKS STATISTICS ---
Sink 3 SODDISFATTO. Flusso netto: 3.43, Demand: 3.43, percentage: 100.0
Sink 4 SODDISFATTO. Flusso netto: 0.5700000000000003, Demand: 0.57, percentage: 100.00000000000007
Sink 5 SODDISFATTO. Flusso netto: 0.6599999999999997, Demand: 0.66, percentage: 99.99999999999994
Sink 11 SODDISFATTO. Flusso netto: 1.03, Demand: 1.03, percentage: 100.0
Sink 15 SODDISFATTO. Flusso netto: 0.46, Demand: 0.46, percentage: 100.0
Sink 16 SODDISFATTO. Flusso netto: 8.400000000000002, Demand: 8.4, percentage: 100.00000000000003
Sink 19 SODDISFATTO. Flusso netto: 0.5399999999999991, Demand: 0.54, percentage: 99.99999999999983
Sink 23 SODDISFATTO. Flusso netto: 0.5999999999999999, Demand: 0.6, percentage: 99.99999999999997
Sink 24 SODDISFATTO. Flusso netto: 0.8, Demand: 0.8, percentage: 100.0
Sink 25 SODDISFATTO. Flusso netto: 3.5, Demand: 3.5, percentage: 100.0
Sink 26 SODDISFATTO. Flusso netto: 6.000000000000002, Demand: 6.0, percentage: 100.00000000000003
Sink 28 SODDISFATTO. Flusso netto: 0.4, Demand: 0.4, percentage: 100.0
Sink 30 SODDISFATTO. Flusso netto: 0.9799999999999986, Demand: 0.98, percentage: 99.99999999999987
Sink 31 SODDISFATTO. Flusso netto: 0.4, Demand: 0.4, percentage: 100.0
Sink 32 SODDISFATTO. Flusso netto: 0.9999999999999996, Demand: 1.0, percentage: 99.99999999999996
Sink 34 SODDISFATTO. Flusso netto: 1.74, Demand: 1.74, percentage: 100.0
Sink 35 SODDISFATTO. Flusso netto: 1.3, Demand: 1.3, percentage: 100.0
Sink 37 SODDISFATTO. Flusso netto: 1.0, Demand: 1.0, percentage: 100.0
Sink 39 SODDISFATTO. Flusso netto: 0.4, Demand: 0.4, percentage: 100.0
Sink 40 SODDISFATTO. Flusso netto: 0.5, Demand: 0.5, percentage: 100.0
Sink 41 SODDISFATTO. Flusso netto: 1.0599999999999996, Demand: 1.06, percentage: 99.99999999999996
Sink 42 SODDISFATTO. Flusso netto: 2.8200000000000003, Demand: 2.82, percentage: 100.00000000000003
Sink 45 SODDISFATTO. Flusso netto: 0.68, Demand: 0.68, percentage: 100.0
Sink 46 SODDISFATTO. Flusso netto: 1.17, Demand: 1.17, percentage: 100.0
Sink 49 non è soddisfatto. Flusso netto: 3.6679999999999997, Demand: 7.0, percentage: 52.39999999999999
Flusso totale entrante nei SINK: 91.75200000000002
Flusso totale uscente nei SINK: 48.64399999999999
Flusso totale netto nei SINK: 43.10800000000003
Total DEMAND dei SINK: 46.44
Percentual di flusso ai SINK: 0.9282515073212755
Numero di Sink soddisfatti: 24.0, numero totale di sink: 25.0
Percentuale di Sink soddisfatti: 0.96

---------------------------------- DAY 98

Update Fixed Elements from Intrinsic Faults
Update Fixed Elements from Heavy Faults
Update Fixed Elements from Attack
Propagate Intrinsic Fault
Node NODO_10 has still failing due to Intrinsic Fault
Node NODO_11 has still failing due to Intrinsic Fault
pipeline ARCO_17 still has reduced capacity: 0.0 due to Intrinsic Fault
pipeline ARCO_88 still has reduced capacity: 0.0 due to Intrinsic Fault
pipeline ARCO_89 still has reduced capacity: 0.0 due to Intrinsic Fault
pipeline V_EDGE_53_8 still has reduced capacity: 0.0 due to Intrinsic Fault
pipeline ARCO_18 still has reduced capacity: 0.0 due to Intrinsic Fault
pipeline ARCO_19 still has reduced capacity: 0.0 due to Intrinsic Fault
pipeline ARCO_87 still has reduced capacity: 0.0 due to Intrinsic Fault
pipeline ARCO_3 still has reduced capacity: 9.688 due to Intrinsic Fault
pipeline ARCO_90 still has reduced capacity: 1.6 due to Intrinsic Fault
pipeline ARCO_91 still has reduced capacity: 9.688 due to Intrinsic Fault
pipeline ARCO_92 still has reduced capacity: 39.328 due to Intrinsic Fault
pipeline V_EDGE_53_9 still has reduced capacity: 5.68 due to Intrinsic Fault
pipeline ARCO_20 still has reduced capacity: 1.6 due to Intrinsic Fault
pipeline ARCO_21 still has reduced capacity: 9.688 due to Intrinsic Fault
pipeline ARCO_22 still has reduced capacity: 39.328 due to Intrinsic Fault
pipeline ARCO_73 still has reduced capacity: 9.688 due to Intrinsic Fault
Propagate Heavy Faults
Propagate Attacks
Inject Intrinsic Failure To Source
Inject Heavy Fault To Sources
Inject Attack Multiple To Source
Inject Intrinsic Fault To Pipeline
Inject Heavy Fault To Pipeline
Inject Attack To Pipeline
----------- Statistics ------------
	Sources Under Attack: 0
	Sources with Heavy Fault: 0
	Sources with Intrinsic Fault: 2
	Arcs with reduce capacity due to Attack: 0
	Arcs with reduce capacity due to Heavy Fault: 0
	Arcs with reduce capacity due to Intrinsic Fault: 16
	Arcs with Attacks: 0
	Arcs with Heavy Fault: 0
	Arcs with Intrinsic Fault: 0
--------- SOURCES STATISTICS ---------------
Demand del real Source[0]: -31.0, flusso erogato: 12.427999999999997, flusso entrante: 0.0, efficienza: 40.09032258064516 %
Demand del real Source[8]: -10.5, flusso erogato: 0.0, flusso entrante: 0.0, efficienza: 0.0 %
Demand del real Source[9]: -7.1, flusso erogato: 17.107999999999997, flusso entrante: 11.427999999999999, efficienza: 240.9577464788732 %
Demand del real Source[17]: -25.0, flusso erogato: 25.000000000000007, flusso entrante: 0.0, efficienza: 100.00000000000003 %
Flusso totale entrante nei Real Source: 11.427999999999999
Flusso totale uscente dai Real Source: 54.536
Flusso netto sui real Source: -43.108000000000004
--- SINKS STATISTICS ---
Sink 3 SODDISFATTO. Flusso netto: 3.43, Demand: 3.43, percentage: 100.0
Sink 4 SODDISFATTO. Flusso netto: 0.5700000000000003, Demand: 0.57, percentage: 100.00000000000007
Sink 5 SODDISFATTO. Flusso netto: 0.6599999999999997, Demand: 0.66, percentage: 99.99999999999994
Sink 11 SODDISFATTO. Flusso netto: 1.03, Demand: 1.03, percentage: 100.0
Sink 15 SODDISFATTO. Flusso netto: 0.46, Demand: 0.46, percentage: 100.0
Sink 16 SODDISFATTO. Flusso netto: 8.400000000000002, Demand: 8.4, percentage: 100.00000000000003
Sink 19 SODDISFATTO. Flusso netto: 0.5399999999999991, Demand: 0.54, percentage: 99.99999999999983
Sink 23 SODDISFATTO. Flusso netto: 0.5999999999999999, Demand: 0.6, percentage: 99.99999999999997
Sink 24 SODDISFATTO. Flusso netto: 0.8, Demand: 0.8, percentage: 100.0
Sink 25 SODDISFATTO. Flusso netto: 3.5, Demand: 3.5, percentage: 100.0
Sink 26 SODDISFATTO. Flusso netto: 6.000000000000002, Demand: 6.0, percentage: 100.00000000000003
Sink 28 SODDISFATTO. Flusso netto: 0.4, Demand: 0.4, percentage: 100.0
Sink 30 SODDISFATTO. Flusso netto: 0.9799999999999986, Demand: 0.98, percentage: 99.99999999999987
Sink 31 SODDISFATTO. Flusso netto: 0.4, Demand: 0.4, percentage: 100.0
Sink 32 SODDISFATTO. Flusso netto: 0.9999999999999996, Demand: 1.0, percentage: 99.99999999999996
Sink 34 SODDISFATTO. Flusso netto: 1.74, Demand: 1.74, percentage: 100.0
Sink 35 SODDISFATTO. Flusso netto: 1.3, Demand: 1.3, percentage: 100.0
Sink 37 SODDISFATTO. Flusso netto: 1.0, Demand: 1.0, percentage: 100.0
Sink 39 SODDISFATTO. Flusso netto: 0.4, Demand: 0.4, percentage: 100.0
Sink 40 SODDISFATTO. Flusso netto: 0.5, Demand: 0.5, percentage: 100.0
Sink 41 SODDISFATTO. Flusso netto: 1.0599999999999996, Demand: 1.06, percentage: 99.99999999999996
Sink 42 SODDISFATTO. Flusso netto: 2.8200000000000003, Demand: 2.82, percentage: 100.00000000000003
Sink 45 SODDISFATTO. Flusso netto: 0.68, Demand: 0.68, percentage: 100.0
Sink 46 SODDISFATTO. Flusso netto: 1.17, Demand: 1.17, percentage: 100.0
Sink 49 non è soddisfatto. Flusso netto: 3.6679999999999997, Demand: 7.0, percentage: 52.39999999999999
Flusso totale entrante nei SINK: 91.75200000000002
Flusso totale uscente nei SINK: 48.64399999999999
Flusso totale netto nei SINK: 43.10800000000003
Total DEMAND dei SINK: 46.44
Percentual di flusso ai SINK: 0.9282515073212755
Numero di Sink soddisfatti: 24.0, numero totale di sink: 25.0
Percentuale di Sink soddisfatti: 0.96

---------------------------------- DAY 99

Update Fixed Elements from Intrinsic Faults
Source NODO_11 fixed from Intrinsic Fault
Pipeline ARCO_3 fixed due to Source NODO_11 fixing from Intrinsic Fault
Pipeline ARCO_90 fixed due to Source NODO_11 fixing from Intrinsic Fault
Pipeline ARCO_91 fixed due to Source NODO_11 fixing from Intrinsic Fault
Pipeline ARCO_92 fixed due to Source NODO_11 fixing from Intrinsic Fault
Pipeline V_EDGE_53_9 fixed due to Source NODO_11 fixing from Intrinsic Fault
Pipeline ARCO_20 fixed due to Source NODO_11 fixing from Intrinsic Fault
Pipeline ARCO_21 fixed due to Source NODO_11 fixing from Intrinsic Fault
Pipeline ARCO_22 fixed due to Source NODO_11 fixing from Intrinsic Fault
Pipeline ARCO_73 fixed due to Source NODO_11 fixing from Intrinsic Fault
Update Fixed Elements from Heavy Faults
Update Fixed Elements from Attack
Propagate Intrinsic Fault
Node NODO_10 has still failing due to Intrinsic Fault
pipeline ARCO_17 still has reduced capacity: 0.0 due to Intrinsic Fault
pipeline ARCO_88 still has reduced capacity: 0.0 due to Intrinsic Fault
pipeline ARCO_89 still has reduced capacity: 0.0 due to Intrinsic Fault
pipeline V_EDGE_53_8 still has reduced capacity: 0.0 due to Intrinsic Fault
pipeline ARCO_18 still has reduced capacity: 0.0 due to Intrinsic Fault
pipeline ARCO_19 still has reduced capacity: 0.0 due to Intrinsic Fault
pipeline ARCO_87 still has reduced capacity: 0.0 due to Intrinsic Fault
Propagate Heavy Faults
Propagate Attacks
Inject Intrinsic Failure To Source
Source NODO_19 is failing for an Intrinsic Fault in day: 99
pipeline ARCO_35 has reduced capacity due to NODO_19 Intrinsic fault
pipeline ARCO_109 has reduced capacity due to NODO_19 Intrinsic fault
pipeline ARCO_110 has reduced capacity due to NODO_19 Intrinsic fault
pipeline V_EDGE_53_17 has reduced capacity due to NODO_19 Intrinsic fault
pipeline ARCO_39 has reduced capacity due to NODO_19 Intrinsic fault
pipeline ARCO_40 has reduced capacity due to NODO_19 Intrinsic fault
pipeline ARCO_105 has reduced capacity due to NODO_19 Intrinsic fault
Inject Heavy Fault To Sources
Inject Attack Multiple To Source
Inject Intrinsic Fault To Pipeline
Inject Heavy Fault To Pipeline
Inject Attack To Pipeline
----------- Statistics ------------
	Sources Under Attack: 0
	Sources with Heavy Fault: 0
	Sources with Intrinsic Fault: 2
	Arcs with reduce capacity due to Attack: 0
	Arcs with reduce capacity due to Heavy Fault: 0
	Arcs with reduce capacity due to Intrinsic Fault: 14
	Arcs with Attacks: 0
	Arcs with Heavy Fault: 0
	Arcs with Intrinsic Fault: 0
--------- SOURCES STATISTICS ---------------
Demand del real Source[0]: -31.0, flusso erogato: 16.470000000000002, flusso entrante: 0.0, efficienza: 53.12903225806453 %
Demand del real Source[8]: -10.5, flusso erogato: 0.0, flusso entrante: 0.0, efficienza: 0.0 %
Demand del real Source[9]: -7.1, flusso erogato: 22.57, flusso entrante: 15.470000000000002, efficienza: 317.88732394366195 %
Demand del real Source[17]: -25.0, flusso erogato: 0.0, flusso entrante: 0.0, efficienza: 0.0 %
Flusso totale entrante nei Real Source: 15.470000000000002
Flusso totale uscente dai Real Source: 39.040000000000006
Flusso netto sui real Source: -23.570000000000004
--- SINKS STATISTICS ---
Sink 3 SODDISFATTO. Flusso netto: 3.43, Demand: 3.43, percentage: 100.0
Sink 4 SODDISFATTO. Flusso netto: 0.5700000000000003, Demand: 0.57, percentage: 100.00000000000007
Sink 5 SODDISFATTO. Flusso netto: 0.6599999999999997, Demand: 0.66, percentage: 99.99999999999994
Sink 11 SODDISFATTO. Flusso netto: 1.03, Demand: 1.03, percentage: 100.0
Sink 15 SODDISFATTO. Flusso netto: 0.45999999999999996, Demand: 0.46, percentage: 99.99999999999999
Sink 16 non è soddisfatto. Flusso netto: 2.83, Demand: 8.4, percentage: 33.69047619047619
Sink 19 non è soddisfatto. Flusso netto: 0.0, Demand: 0.54, percentage: 0.0
Sink 23 non è soddisfatto. Flusso netto: 0.0, Demand: 0.6, percentage: 0.0
Sink 24 non è soddisfatto. Flusso netto: 0.0, Demand: 0.8, percentage: 0.0
Sink 25 non è soddisfatto. Flusso netto: 0.0, Demand: 3.5, percentage: 0.0
Sink 26 non è soddisfatto. Flusso netto: 0.0, Demand: 6.0, percentage: 0.0
Sink 28 non è soddisfatto. Flusso netto: 0.0, Demand: 0.4, percentage: 0.0
Sink 30 non è soddisfatto. Flusso netto: 0.0, Demand: 0.98, percentage: 0.0
Sink 31 non è soddisfatto. Flusso netto: 0.0, Demand: 0.4, percentage: 0.0
Sink 32 SODDISFATTO. Flusso netto: 1.0000000000000009, Demand: 1.0, percentage: 100.00000000000009
Sink 34 SODDISFATTO. Flusso netto: 1.74, Demand: 1.74, percentage: 100.0
Sink 35 SODDISFATTO. Flusso netto: 1.3, Demand: 1.3, percentage: 100.0
Sink 37 SODDISFATTO. Flusso netto: 1.0, Demand: 1.0, percentage: 100.0
Sink 39 non è soddisfatto. Flusso netto: 0.0, Demand: 0.4, percentage: 0.0
Sink 40 non è soddisfatto. Flusso netto: 0.0, Demand: 0.5, percentage: 0.0
Sink 41 SODDISFATTO. Flusso netto: 1.0600000000000005, Demand: 1.06, percentage: 100.00000000000004
Sink 42 SODDISFATTO. Flusso netto: 2.8199999999999994, Demand: 2.82, percentage: 99.99999999999999
Sink 45 SODDISFATTO. Flusso netto: 0.68, Demand: 0.68, percentage: 100.0
Sink 46 SODDISFATTO. Flusso netto: 1.17, Demand: 1.17, percentage: 100.0
Sink 49 non è soddisfatto. Flusso netto: 3.82, Demand: 7.0, percentage: 54.57142857142857
Flusso totale entrante nei SINK: 50.23
Flusso totale uscente nei SINK: 26.66
Flusso totale netto nei SINK: 23.569999999999997
Total DEMAND dei SINK: 46.44
Percentual di flusso ai SINK: 0.5075366063738156
Numero di Sink soddisfatti: 13.0, numero totale di sink: 25.0
Percentuale di Sink soddisfatti: 0.52

---------------------------------- DAY 100

Update Fixed Elements from Intrinsic Faults
Source NODO_10 fixed from Intrinsic Fault
Pipeline ARCO_17 fixed due to Source NODO_10 fixing from Intrinsic Fault
Pipeline ARCO_88 fixed due to Source NODO_10 fixing from Intrinsic Fault
Pipeline ARCO_89 fixed due to Source NODO_10 fixing from Intrinsic Fault
Pipeline V_EDGE_53_8 fixed due to Source NODO_10 fixing from Intrinsic Fault
Pipeline ARCO_18 fixed due to Source NODO_10 fixing from Intrinsic Fault
Pipeline ARCO_19 fixed due to Source NODO_10 fixing from Intrinsic Fault
Pipeline ARCO_87 fixed due to Source NODO_10 fixing from Intrinsic Fault
Update Fixed Elements from Heavy Faults
Update Fixed Elements from Attack
Propagate Intrinsic Fault
Node NODO_19 has still failing due to Intrinsic Fault
pipeline ARCO_35 still has reduced capacity: 0.0 due to Intrinsic Fault
pipeline ARCO_109 still has reduced capacity: 0.0 due to Intrinsic Fault
pipeline ARCO_110 still has reduced capacity: 0.0 due to Intrinsic Fault
pipeline V_EDGE_53_17 still has reduced capacity: 0.0 due to Intrinsic Fault
pipeline ARCO_39 still has reduced capacity: 0.0 due to Intrinsic Fault
pipeline ARCO_40 still has reduced capacity: 0.0 due to Intrinsic Fault
pipeline ARCO_105 still has reduced capacity: 0.0 due to Intrinsic Fault
Propagate Heavy Faults
Propagate Attacks
Inject Intrinsic Failure To Source
Inject Heavy Fault To Sources
Inject Attack Multiple To Source
Inject Intrinsic Fault To Pipeline
Inject Heavy Fault To Pipeline
Inject Attack To Pipeline
----------- Statistics ------------
	Sources Under Attack: 0
	Sources with Heavy Fault: 0
	Sources with Intrinsic Fault: 1
	Arcs with reduce capacity due to Attack: 0
	Arcs with reduce capacity due to Heavy Fault: 0
	Arcs with reduce capacity due to Intrinsic Fault: 7
	Arcs with Attacks: 0
	Arcs with Heavy Fault: 0
	Arcs with Intrinsic Fault: 0
--------- SOURCES STATISTICS ---------------
Demand del real Source[0]: -31.0, flusso erogato: 15.440000000000001, flusso entrante: 0.0, efficienza: 49.80645161290323 %
Demand del real Source[8]: -10.5, flusso erogato: 3.8600000000000003, flusso entrante: 0.0, efficienza: 36.76190476190476 %
Demand del real Source[9]: -7.1, flusso erogato: 21.54, flusso entrante: 14.440000000000001, efficienza: 303.38028169014086 %
Demand del real Source[17]: -25.0, flusso erogato: 0.0, flusso entrante: 0.0, efficienza: 0.0 %
Flusso totale entrante nei Real Source: 14.440000000000001
Flusso totale uscente dai Real Source: 40.84
Flusso netto sui real Source: -26.400000000000002
--- SINKS STATISTICS ---
Sink 3 SODDISFATTO. Flusso netto: 3.43, Demand: 3.43, percentage: 100.0
Sink 4 SODDISFATTO. Flusso netto: 0.5700000000000003, Demand: 0.57, percentage: 100.00000000000007
Sink 5 SODDISFATTO. Flusso netto: 0.6600000000000001, Demand: 0.66, percentage: 100.00000000000003
Sink 11 SODDISFATTO. Flusso netto: 1.03, Demand: 1.03, percentage: 100.0
Sink 15 SODDISFATTO. Flusso netto: 0.45999999999999996, Demand: 0.46, percentage: 99.99999999999999
Sink 16 non è soddisfatto. Flusso netto: 2.83, Demand: 8.4, percentage: 33.69047619047619
Sink 19 non è soddisfatto. Flusso netto: 0.0, Demand: 0.54, percentage: 0.0
Sink 23 non è soddisfatto. Flusso netto: 0.0, Demand: 0.6, percentage: 0.0
Sink 24 non è soddisfatto. Flusso netto: 0.0, Demand: 0.8, percentage: 0.0
Sink 25 non è soddisfatto. Flusso netto: 0.0, Demand: 3.5, percentage: 0.0
Sink 26 non è soddisfatto. Flusso netto: 0.0, Demand: 6.0, percentage: 0.0
Sink 28 non è soddisfatto. Flusso netto: 0.0, Demand: 0.4, percentage: 0.0
Sink 30 non è soddisfatto. Flusso netto: 0.0, Demand: 0.98, percentage: 0.0
Sink 31 non è soddisfatto. Flusso netto: 0.0, Demand: 0.4, percentage: 0.0
Sink 32 SODDISFATTO. Flusso netto: 1.0, Demand: 1.0, percentage: 100.0
Sink 34 SODDISFATTO. Flusso netto: 1.74, Demand: 1.74, percentage: 100.0
Sink 35 SODDISFATTO. Flusso netto: 1.3, Demand: 1.3, percentage: 100.0
Sink 37 SODDISFATTO. Flusso netto: 1.0, Demand: 1.0, percentage: 100.0
Sink 39 non è soddisfatto. Flusso netto: 0.0, Demand: 0.4, percentage: 0.0
Sink 40 non è soddisfatto. Flusso netto: 0.0, Demand: 0.5, percentage: 0.0
Sink 41 SODDISFATTO. Flusso netto: 1.0600000000000005, Demand: 1.06, percentage: 100.00000000000004
Sink 42 SODDISFATTO. Flusso netto: 2.8199999999999994, Demand: 2.82, percentage: 99.99999999999999
Sink 45 SODDISFATTO. Flusso netto: 0.68, Demand: 0.68, percentage: 100.0
Sink 46 SODDISFATTO. Flusso netto: 1.17, Demand: 1.17, percentage: 100.0
Sink 49 non è soddisfatto. Flusso netto: 6.6499999999999995, Demand: 7.0, percentage: 95.0
Flusso totale entrante nei SINK: 53.099999999999994
Flusso totale uscente nei SINK: 26.7
Flusso totale netto nei SINK: 26.399999999999995
Total DEMAND dei SINK: 46.44
Percentual di flusso ai SINK: 0.5684754521963824
Numero di Sink soddisfatti: 13.0, numero totale di sink: 25.0
Percentuale di Sink soddisfatti: 0.52

---------------------------------- DAY 101

Update Fixed Elements from Intrinsic Faults
Update Fixed Elements from Heavy Faults
Update Fixed Elements from Attack
Propagate Intrinsic Fault
Node NODO_19 has still failing due to Intrinsic Fault
pipeline ARCO_35 still has reduced capacity: 0.0 due to Intrinsic Fault
pipeline ARCO_109 still has reduced capacity: 0.0 due to Intrinsic Fault
pipeline ARCO_110 still has reduced capacity: 0.0 due to Intrinsic Fault
pipeline V_EDGE_53_17 still has reduced capacity: 0.0 due to Intrinsic Fault
pipeline ARCO_39 still has reduced capacity: 0.0 due to Intrinsic Fault
pipeline ARCO_40 still has reduced capacity: 0.0 due to Intrinsic Fault
pipeline ARCO_105 still has reduced capacity: 0.0 due to Intrinsic Fault
Propagate Heavy Faults
Propagate Attacks
Inject Intrinsic Failure To Source
Inject Heavy Fault To Sources
Inject Attack Multiple To Source
Inject Intrinsic Fault To Pipeline
Inject Heavy Fault To Pipeline
Inject Attack To Pipeline
----------- Statistics ------------
	Sources Under Attack: 0
	Sources with Heavy Fault: 0
	Sources with Intrinsic Fault: 1
	Arcs with reduce capacity due to Attack: 0
	Arcs with reduce capacity due to Heavy Fault: 0
	Arcs with reduce capacity due to Intrinsic Fault: 7
	Arcs with Attacks: 0
	Arcs with Heavy Fault: 0
	Arcs with Intrinsic Fault: 0
--------- SOURCES STATISTICS ---------------
Demand del real Source[0]: -31.0, flusso erogato: 15.440000000000001, flusso entrante: 0.0, efficienza: 49.80645161290323 %
Demand del real Source[8]: -10.5, flusso erogato: 3.8600000000000003, flusso entrante: 0.0, efficienza: 36.76190476190476 %
Demand del real Source[9]: -7.1, flusso erogato: 21.54, flusso entrante: 14.440000000000001, efficienza: 303.38028169014086 %
Demand del real Source[17]: -25.0, flusso erogato: 0.0, flusso entrante: 0.0, efficienza: 0.0 %
Flusso totale entrante nei Real Source: 14.440000000000001
Flusso totale uscente dai Real Source: 40.84
Flusso netto sui real Source: -26.400000000000002
--- SINKS STATISTICS ---
Sink 3 SODDISFATTO. Flusso netto: 3.43, Demand: 3.43, percentage: 100.0
Sink 4 SODDISFATTO. Flusso netto: 0.5700000000000003, Demand: 0.57, percentage: 100.00000000000007
Sink 5 SODDISFATTO. Flusso netto: 0.6600000000000001, Demand: 0.66, percentage: 100.00000000000003
Sink 11 SODDISFATTO. Flusso netto: 1.03, Demand: 1.03, percentage: 100.0
Sink 15 SODDISFATTO. Flusso netto: 0.45999999999999996, Demand: 0.46, percentage: 99.99999999999999
Sink 16 non è soddisfatto. Flusso netto: 2.83, Demand: 8.4, percentage: 33.69047619047619
Sink 19 non è soddisfatto. Flusso netto: 0.0, Demand: 0.54, percentage: 0.0
Sink 23 non è soddisfatto. Flusso netto: 0.0, Demand: 0.6, percentage: 0.0
Sink 24 non è soddisfatto. Flusso netto: 0.0, Demand: 0.8, percentage: 0.0
Sink 25 non è soddisfatto. Flusso netto: 0.0, Demand: 3.5, percentage: 0.0
Sink 26 non è soddisfatto. Flusso netto: 0.0, Demand: 6.0, percentage: 0.0
Sink 28 non è soddisfatto. Flusso netto: 0.0, Demand: 0.4, percentage: 0.0
Sink 30 non è soddisfatto. Flusso netto: 0.0, Demand: 0.98, percentage: 0.0
Sink 31 non è soddisfatto. Flusso netto: 0.0, Demand: 0.4, percentage: 0.0
Sink 32 SODDISFATTO. Flusso netto: 1.0, Demand: 1.0, percentage: 100.0
Sink 34 SODDISFATTO. Flusso netto: 1.74, Demand: 1.74, percentage: 100.0
Sink 35 SODDISFATTO. Flusso netto: 1.3, Demand: 1.3, percentage: 100.0
Sink 37 SODDISFATTO. Flusso netto: 1.0, Demand: 1.0, percentage: 100.0
Sink 39 non è soddisfatto. Flusso netto: 0.0, Demand: 0.4, percentage: 0.0
Sink 40 non è soddisfatto. Flusso netto: 0.0, Demand: 0.5, percentage: 0.0
Sink 41 SODDISFATTO. Flusso netto: 1.0600000000000005, Demand: 1.06, percentage: 100.00000000000004
Sink 42 SODDISFATTO. Flusso netto: 2.8199999999999994, Demand: 2.82, percentage: 99.99999999999999
Sink 45 SODDISFATTO. Flusso netto: 0.68, Demand: 0.68, percentage: 100.0
Sink 46 SODDISFATTO. Flusso netto: 1.17, Demand: 1.17, percentage: 100.0
Sink 49 non è soddisfatto. Flusso netto: 6.6499999999999995, Demand: 7.0, percentage: 95.0
Flusso totale entrante nei SINK: 53.099999999999994
Flusso totale uscente nei SINK: 26.7
Flusso totale netto nei SINK: 26.399999999999995
Total DEMAND dei SINK: 46.44
Percentual di flusso ai SINK: 0.5684754521963824
Numero di Sink soddisfatti: 13.0, numero totale di sink: 25.0
Percentuale di Sink soddisfatti: 0.52

---------------------------------- DAY 102

Update Fixed Elements from Intrinsic Faults
Update Fixed Elements from Heavy Faults
Update Fixed Elements from Attack
Propagate Intrinsic Fault
Node NODO_19 has still failing due to Intrinsic Fault
pipeline ARCO_35 still has reduced capacity: 0.0 due to Intrinsic Fault
pipeline ARCO_109 still has reduced capacity: 0.0 due to Intrinsic Fault
pipeline ARCO_110 still has reduced capacity: 0.0 due to Intrinsic Fault
pipeline V_EDGE_53_17 still has reduced capacity: 0.0 due to Intrinsic Fault
pipeline ARCO_39 still has reduced capacity: 0.0 due to Intrinsic Fault
pipeline ARCO_40 still has reduced capacity: 0.0 due to Intrinsic Fault
pipeline ARCO_105 still has reduced capacity: 0.0 due to Intrinsic Fault
Propagate Heavy Faults
Propagate Attacks
Inject Intrinsic Failure To Source
Inject Heavy Fault To Sources
Inject Attack Multiple To Source
Inject Intrinsic Fault To Pipeline
Inject Heavy Fault To Pipeline
Inject Attack To Pipeline
----------- Statistics ------------
	Sources Under Attack: 0
	Sources with Heavy Fault: 0
	Sources with Intrinsic Fault: 1
	Arcs with reduce capacity due to Attack: 0
	Arcs with reduce capacity due to Heavy Fault: 0
	Arcs with reduce capacity due to Intrinsic Fault: 7
	Arcs with Attacks: 0
	Arcs with Heavy Fault: 0
	Arcs with Intrinsic Fault: 0
--------- SOURCES STATISTICS ---------------
Demand del real Source[0]: -31.0, flusso erogato: 15.440000000000001, flusso entrante: 0.0, efficienza: 49.80645161290323 %
Demand del real Source[8]: -10.5, flusso erogato: 3.8600000000000003, flusso entrante: 0.0, efficienza: 36.76190476190476 %
Demand del real Source[9]: -7.1, flusso erogato: 21.54, flusso entrante: 14.440000000000001, efficienza: 303.38028169014086 %
Demand del real Source[17]: -25.0, flusso erogato: 0.0, flusso entrante: 0.0, efficienza: 0.0 %
Flusso totale entrante nei Real Source: 14.440000000000001
Flusso totale uscente dai Real Source: 40.84
Flusso netto sui real Source: -26.400000000000002
--- SINKS STATISTICS ---
Sink 3 SODDISFATTO. Flusso netto: 3.43, Demand: 3.43, percentage: 100.0
Sink 4 SODDISFATTO. Flusso netto: 0.5700000000000003, Demand: 0.57, percentage: 100.00000000000007
Sink 5 SODDISFATTO. Flusso netto: 0.6600000000000001, Demand: 0.66, percentage: 100.00000000000003
Sink 11 SODDISFATTO. Flusso netto: 1.03, Demand: 1.03, percentage: 100.0
Sink 15 SODDISFATTO. Flusso netto: 0.45999999999999996, Demand: 0.46, percentage: 99.99999999999999
Sink 16 non è soddisfatto. Flusso netto: 2.83, Demand: 8.4, percentage: 33.69047619047619
Sink 19 non è soddisfatto. Flusso netto: 0.0, Demand: 0.54, percentage: 0.0
Sink 23 non è soddisfatto. Flusso netto: 0.0, Demand: 0.6, percentage: 0.0
Sink 24 non è soddisfatto. Flusso netto: 0.0, Demand: 0.8, percentage: 0.0
Sink 25 non è soddisfatto. Flusso netto: 0.0, Demand: 3.5, percentage: 0.0
Sink 26 non è soddisfatto. Flusso netto: 0.0, Demand: 6.0, percentage: 0.0
Sink 28 non è soddisfatto. Flusso netto: 0.0, Demand: 0.4, percentage: 0.0
Sink 30 non è soddisfatto. Flusso netto: 0.0, Demand: 0.98, percentage: 0.0
Sink 31 non è soddisfatto. Flusso netto: 0.0, Demand: 0.4, percentage: 0.0
Sink 32 SODDISFATTO. Flusso netto: 1.0, Demand: 1.0, percentage: 100.0
Sink 34 SODDISFATTO. Flusso netto: 1.74, Demand: 1.74, percentage: 100.0
Sink 35 SODDISFATTO. Flusso netto: 1.3, Demand: 1.3, percentage: 100.0
Sink 37 SODDISFATTO. Flusso netto: 1.0, Demand: 1.0, percentage: 100.0
Sink 39 non è soddisfatto. Flusso netto: 0.0, Demand: 0.4, percentage: 0.0
Sink 40 non è soddisfatto. Flusso netto: 0.0, Demand: 0.5, percentage: 0.0
Sink 41 SODDISFATTO. Flusso netto: 1.0600000000000005, Demand: 1.06, percentage: 100.00000000000004
Sink 42 SODDISFATTO. Flusso netto: 2.8199999999999994, Demand: 2.82, percentage: 99.99999999999999
Sink 45 SODDISFATTO. Flusso netto: 0.68, Demand: 0.68, percentage: 100.0
Sink 46 SODDISFATTO. Flusso netto: 1.17, Demand: 1.17, percentage: 100.0
Sink 49 non è soddisfatto. Flusso netto: 6.6499999999999995, Demand: 7.0, percentage: 95.0
Flusso totale entrante nei SINK: 53.099999999999994
Flusso totale uscente nei SINK: 26.7
Flusso totale netto nei SINK: 26.399999999999995
Total DEMAND dei SINK: 46.44
Percentual di flusso ai SINK: 0.5684754521963824
Numero di Sink soddisfatti: 13.0, numero totale di sink: 25.0
Percentuale di Sink soddisfatti: 0.52

---------------------------------- DAY 103

Update Fixed Elements from Intrinsic Faults
Source NODO_19 fixed from Intrinsic Fault
Pipeline ARCO_35 fixed due to Source NODO_19 fixing from Intrinsic Fault
Pipeline ARCO_109 fixed due to Source NODO_19 fixing from Intrinsic Fault
Pipeline ARCO_110 fixed due to Source NODO_19 fixing from Intrinsic Fault
Pipeline V_EDGE_53_17 fixed due to Source NODO_19 fixing from Intrinsic Fault
Pipeline ARCO_39 fixed due to Source NODO_19 fixing from Intrinsic Fault
Pipeline ARCO_40 fixed due to Source NODO_19 fixing from Intrinsic Fault
Pipeline ARCO_105 fixed due to Source NODO_19 fixing from Intrinsic Fault
Update Fixed Elements from Heavy Faults
Update Fixed Elements from Attack
Propagate Intrinsic Fault
Propagate Heavy Faults
Propagate Attacks
Inject Intrinsic Failure To Source
Inject Heavy Fault To Sources
Inject Attack Multiple To Source
Inject Intrinsic Fault To Pipeline
Inject Heavy Fault To Pipeline
Inject Attack To Pipeline
----------- Statistics ------------
	Sources Under Attack: 0
	Sources with Heavy Fault: 0
	Sources with Intrinsic Fault: 0
	Arcs with reduce capacity due to Attack: 0
	Arcs with reduce capacity due to Heavy Fault: 0
	Arcs with reduce capacity due to Intrinsic Fault: 0
	Arcs with Attacks: 0
	Arcs with Heavy Fault: 0
	Arcs with Intrinsic Fault: 0
--------- SOURCES STATISTICS ---------------
Demand del real Source[0]: -31.0, flusso erogato: 10.129999999999997, flusso entrante: 0.0, efficienza: 32.6774193548387 %
Demand del real Source[8]: -10.5, flusso erogato: 3.8600000000000003, flusso entrante: 0.0, efficienza: 36.76190476190476 %
Demand del real Source[9]: -7.1, flusso erogato: 16.229999999999997, flusso entrante: 9.129999999999997, efficienza: 228.59154929577463 %
Demand del real Source[17]: -25.0, flusso erogato: 25.000000000000007, flusso entrante: 0.0, efficienza: 100.00000000000003 %
Flusso totale entrante nei Real Source: 9.129999999999997
Flusso totale uscente dai Real Source: 55.220000000000006
Flusso netto sui real Source: -46.09000000000001
--- SINKS STATISTICS ---
Sink 3 SODDISFATTO. Flusso netto: 3.43, Demand: 3.43, percentage: 100.0
Sink 4 SODDISFATTO. Flusso netto: 0.5700000000000003, Demand: 0.57, percentage: 100.00000000000007
Sink 5 SODDISFATTO. Flusso netto: 0.6600000000000001, Demand: 0.66, percentage: 100.00000000000003
Sink 11 SODDISFATTO. Flusso netto: 1.03, Demand: 1.03, percentage: 100.0
Sink 15 SODDISFATTO. Flusso netto: 0.46, Demand: 0.46, percentage: 100.0
Sink 16 SODDISFATTO. Flusso netto: 8.400000000000002, Demand: 8.4, percentage: 100.00000000000003
Sink 19 SODDISFATTO. Flusso netto: 0.5399999999999991, Demand: 0.54, percentage: 99.99999999999983
Sink 23 SODDISFATTO. Flusso netto: 0.5999999999999999, Demand: 0.6, percentage: 99.99999999999997
Sink 24 SODDISFATTO. Flusso netto: 0.8, Demand: 0.8, percentage: 100.0
Sink 25 SODDISFATTO. Flusso netto: 3.5, Demand: 3.5, percentage: 100.0
Sink 26 SODDISFATTO. Flusso netto: 6.000000000000002, Demand: 6.0, percentage: 100.00000000000003
Sink 28 SODDISFATTO. Flusso netto: 0.4, Demand: 0.4, percentage: 100.0
Sink 30 SODDISFATTO. Flusso netto: 0.9799999999999986, Demand: 0.98, percentage: 99.99999999999987
Sink 31 SODDISFATTO. Flusso netto: 0.4, Demand: 0.4, percentage: 100.0
Sink 32 SODDISFATTO. Flusso netto: 0.9999999999999996, Demand: 1.0, percentage: 99.99999999999996
Sink 34 SODDISFATTO. Flusso netto: 1.74, Demand: 1.74, percentage: 100.0
Sink 35 SODDISFATTO. Flusso netto: 1.3, Demand: 1.3, percentage: 100.0
Sink 37 SODDISFATTO. Flusso netto: 1.0, Demand: 1.0, percentage: 100.0
Sink 39 SODDISFATTO. Flusso netto: 0.4, Demand: 0.4, percentage: 100.0
Sink 40 SODDISFATTO. Flusso netto: 0.5, Demand: 0.5, percentage: 100.0
Sink 41 SODDISFATTO. Flusso netto: 1.06, Demand: 1.06, percentage: 100.0
Sink 42 SODDISFATTO. Flusso netto: 2.8199999999999994, Demand: 2.82, percentage: 99.99999999999999
Sink 45 SODDISFATTO. Flusso netto: 0.68, Demand: 0.68, percentage: 100.0
Sink 46 SODDISFATTO. Flusso netto: 1.17, Demand: 1.17, percentage: 100.0
Sink 49 non è soddisfatto. Flusso netto: 6.6499999999999995, Demand: 7.0, percentage: 95.0
Flusso totale entrante nei SINK: 92.61000000000001
Flusso totale uscente nei SINK: 46.52
Flusso totale netto nei SINK: 46.09000000000001
Total DEMAND dei SINK: 46.44
Percentual di flusso ai SINK: 0.9924633936261846
Numero di Sink soddisfatti: 24.0, numero totale di sink: 25.0
Percentuale di Sink soddisfatti: 0.96

---------------------------------- DAY 104

Update Fixed Elements from Intrinsic Faults
Update Fixed Elements from Heavy Faults
Update Fixed Elements from Attack
Propagate Intrinsic Fault
Propagate Heavy Faults
Propagate Attacks
Inject Intrinsic Failure To Source
Inject Heavy Fault To Sources
Inject Attack Multiple To Source
Inject Intrinsic Fault To Pipeline
Inject Heavy Fault To Pipeline
Inject Attack To Pipeline
----------- Statistics ------------
	Sources Under Attack: 0
	Sources with Heavy Fault: 0
	Sources with Intrinsic Fault: 0
	Arcs with reduce capacity due to Attack: 0
	Arcs with reduce capacity due to Heavy Fault: 0
	Arcs with reduce capacity due to Intrinsic Fault: 0
	Arcs with Attacks: 0
	Arcs with Heavy Fault: 0
	Arcs with Intrinsic Fault: 0
--------- SOURCES STATISTICS ---------------
Demand del real Source[0]: -31.0, flusso erogato: 10.129999999999997, flusso entrante: 0.0, efficienza: 32.6774193548387 %
Demand del real Source[8]: -10.5, flusso erogato: 3.8600000000000003, flusso entrante: 0.0, efficienza: 36.76190476190476 %
Demand del real Source[9]: -7.1, flusso erogato: 16.229999999999997, flusso entrante: 9.129999999999997, efficienza: 228.59154929577463 %
Demand del real Source[17]: -25.0, flusso erogato: 25.000000000000007, flusso entrante: 0.0, efficienza: 100.00000000000003 %
Flusso totale entrante nei Real Source: 9.129999999999997
Flusso totale uscente dai Real Source: 55.220000000000006
Flusso netto sui real Source: -46.09000000000001
--- SINKS STATISTICS ---
Sink 3 SODDISFATTO. Flusso netto: 3.43, Demand: 3.43, percentage: 100.0
Sink 4 SODDISFATTO. Flusso netto: 0.5700000000000003, Demand: 0.57, percentage: 100.00000000000007
Sink 5 SODDISFATTO. Flusso netto: 0.6600000000000001, Demand: 0.66, percentage: 100.00000000000003
Sink 11 SODDISFATTO. Flusso netto: 1.03, Demand: 1.03, percentage: 100.0
Sink 15 SODDISFATTO. Flusso netto: 0.46, Demand: 0.46, percentage: 100.0
Sink 16 SODDISFATTO. Flusso netto: 8.400000000000002, Demand: 8.4, percentage: 100.00000000000003
Sink 19 SODDISFATTO. Flusso netto: 0.5399999999999991, Demand: 0.54, percentage: 99.99999999999983
Sink 23 SODDISFATTO. Flusso netto: 0.5999999999999999, Demand: 0.6, percentage: 99.99999999999997
Sink 24 SODDISFATTO. Flusso netto: 0.8, Demand: 0.8, percentage: 100.0
Sink 25 SODDISFATTO. Flusso netto: 3.5, Demand: 3.5, percentage: 100.0
Sink 26 SODDISFATTO. Flusso netto: 6.000000000000002, Demand: 6.0, percentage: 100.00000000000003
Sink 28 SODDISFATTO. Flusso netto: 0.4, Demand: 0.4, percentage: 100.0
Sink 30 SODDISFATTO. Flusso netto: 0.9799999999999986, Demand: 0.98, percentage: 99.99999999999987
Sink 31 SODDISFATTO. Flusso netto: 0.4, Demand: 0.4, percentage: 100.0
Sink 32 SODDISFATTO. Flusso netto: 0.9999999999999996, Demand: 1.0, percentage: 99.99999999999996
Sink 34 SODDISFATTO. Flusso netto: 1.74, Demand: 1.74, percentage: 100.0
Sink 35 SODDISFATTO. Flusso netto: 1.3, Demand: 1.3, percentage: 100.0
Sink 37 SODDISFATTO. Flusso netto: 1.0, Demand: 1.0, percentage: 100.0
Sink 39 SODDISFATTO. Flusso netto: 0.4, Demand: 0.4, percentage: 100.0
Sink 40 SODDISFATTO. Flusso netto: 0.5, Demand: 0.5, percentage: 100.0
Sink 41 SODDISFATTO. Flusso netto: 1.06, Demand: 1.06, percentage: 100.0
Sink 42 SODDISFATTO. Flusso netto: 2.8199999999999994, Demand: 2.82, percentage: 99.99999999999999
Sink 45 SODDISFATTO. Flusso netto: 0.68, Demand: 0.68, percentage: 100.0
Sink 46 SODDISFATTO. Flusso netto: 1.17, Demand: 1.17, percentage: 100.0
Sink 49 non è soddisfatto. Flusso netto: 6.6499999999999995, Demand: 7.0, percentage: 95.0
Flusso totale entrante nei SINK: 92.61000000000001
Flusso totale uscente nei SINK: 46.52
Flusso totale netto nei SINK: 46.09000000000001
Total DEMAND dei SINK: 46.44
Percentual di flusso ai SINK: 0.9924633936261846
Numero di Sink soddisfatti: 24.0, numero totale di sink: 25.0
Percentuale di Sink soddisfatti: 0.96

---------------------------------- DAY 105

Update Fixed Elements from Intrinsic Faults
Update Fixed Elements from Heavy Faults
Update Fixed Elements from Attack
Propagate Intrinsic Fault
Propagate Heavy Faults
Propagate Attacks
Inject Intrinsic Failure To Source
Source NODO_10 is failing for an Intrinsic Fault in day: 105
pipeline ARCO_17 has reduced capacity due to NODO_10 Intrinsic fault
pipeline ARCO_88 has reduced capacity due to NODO_10 Intrinsic fault
pipeline ARCO_89 has reduced capacity due to NODO_10 Intrinsic fault
pipeline V_EDGE_53_8 has reduced capacity due to NODO_10 Intrinsic fault
pipeline ARCO_18 has reduced capacity due to NODO_10 Intrinsic fault
pipeline ARCO_19 has reduced capacity due to NODO_10 Intrinsic fault
pipeline ARCO_87 has reduced capacity due to NODO_10 Intrinsic fault
Inject Heavy Fault To Sources
Inject Attack Multiple To Source
Inject Intrinsic Fault To Pipeline
Inject Heavy Fault To Pipeline
Inject Attack To Pipeline
----------- Statistics ------------
	Sources Under Attack: 0
	Sources with Heavy Fault: 0
	Sources with Intrinsic Fault: 1
	Arcs with reduce capacity due to Attack: 0
	Arcs with reduce capacity due to Heavy Fault: 0
	Arcs with reduce capacity due to Intrinsic Fault: 7
	Arcs with Attacks: 0
	Arcs with Heavy Fault: 0
	Arcs with Intrinsic Fault: 0
--------- SOURCES STATISTICS ---------------
Demand del real Source[0]: -31.0, flusso erogato: 11.159999999999998, flusso entrante: 0.0, efficienza: 35.99999999999999 %
Demand del real Source[8]: -10.5, flusso erogato: 0.0, flusso entrante: 0.0, efficienza: 0.0 %
Demand del real Source[9]: -7.1, flusso erogato: 17.259999999999998, flusso entrante: 10.159999999999998, efficienza: 243.09859154929575 %
Demand del real Source[17]: -25.0, flusso erogato: 25.000000000000007, flusso entrante: 0.0, efficienza: 100.00000000000003 %
Flusso totale entrante nei Real Source: 10.159999999999998
Flusso totale uscente dai Real Source: 53.42
Flusso netto sui real Source: -43.260000000000005
--- SINKS STATISTICS ---
Sink 3 SODDISFATTO. Flusso netto: 3.43, Demand: 3.43, percentage: 100.0
Sink 4 SODDISFATTO. Flusso netto: 0.5700000000000003, Demand: 0.57, percentage: 100.00000000000007
Sink 5 SODDISFATTO. Flusso netto: 0.6599999999999997, Demand: 0.66, percentage: 99.99999999999994
Sink 11 SODDISFATTO. Flusso netto: 1.03, Demand: 1.03, percentage: 100.0
Sink 15 SODDISFATTO. Flusso netto: 0.46, Demand: 0.46, percentage: 100.0
Sink 16 SODDISFATTO. Flusso netto: 8.400000000000002, Demand: 8.4, percentage: 100.00000000000003
Sink 19 SODDISFATTO. Flusso netto: 0.5399999999999991, Demand: 0.54, percentage: 99.99999999999983
Sink 23 SODDISFATTO. Flusso netto: 0.5999999999999999, Demand: 0.6, percentage: 99.99999999999997
Sink 24 SODDISFATTO. Flusso netto: 0.8, Demand: 0.8, percentage: 100.0
Sink 25 SODDISFATTO. Flusso netto: 3.5, Demand: 3.5, percentage: 100.0
Sink 26 SODDISFATTO. Flusso netto: 6.000000000000002, Demand: 6.0, percentage: 100.00000000000003
Sink 28 SODDISFATTO. Flusso netto: 0.4, Demand: 0.4, percentage: 100.0
Sink 30 SODDISFATTO. Flusso netto: 0.9799999999999986, Demand: 0.98, percentage: 99.99999999999987
Sink 31 SODDISFATTO. Flusso netto: 0.4, Demand: 0.4, percentage: 100.0
Sink 32 SODDISFATTO. Flusso netto: 0.9999999999999996, Demand: 1.0, percentage: 99.99999999999996
Sink 34 SODDISFATTO. Flusso netto: 1.74, Demand: 1.74, percentage: 100.0
Sink 35 SODDISFATTO. Flusso netto: 1.3, Demand: 1.3, percentage: 100.0
Sink 37 SODDISFATTO. Flusso netto: 1.0, Demand: 1.0, percentage: 100.0
Sink 39 SODDISFATTO. Flusso netto: 0.4, Demand: 0.4, percentage: 100.0
Sink 40 SODDISFATTO. Flusso netto: 0.5, Demand: 0.5, percentage: 100.0
Sink 41 SODDISFATTO. Flusso netto: 1.06, Demand: 1.06, percentage: 100.0
Sink 42 SODDISFATTO. Flusso netto: 2.8199999999999994, Demand: 2.82, percentage: 99.99999999999999
Sink 45 SODDISFATTO. Flusso netto: 0.68, Demand: 0.68, percentage: 100.0
Sink 46 SODDISFATTO. Flusso netto: 1.17, Demand: 1.17, percentage: 100.0
Sink 49 non è soddisfatto. Flusso netto: 3.82, Demand: 7.0, percentage: 54.57142857142857
Flusso totale entrante nei SINK: 89.12
Flusso totale uscente nei SINK: 45.86000000000001
Flusso totale netto nei SINK: 43.26
Total DEMAND dei SINK: 46.44
Percentual di flusso ai SINK: 0.9315245478036176
Numero di Sink soddisfatti: 24.0, numero totale di sink: 25.0
Percentuale di Sink soddisfatti: 0.96

---------------------------------- DAY 106

Update Fixed Elements from Intrinsic Faults
Update Fixed Elements from Heavy Faults
Update Fixed Elements from Attack
Propagate Intrinsic Fault
Node NODO_10 has still failing due to Intrinsic Fault
pipeline ARCO_17 still has reduced capacity: 0.0 due to Intrinsic Fault
pipeline ARCO_88 still has reduced capacity: 0.0 due to Intrinsic Fault
pipeline ARCO_89 still has reduced capacity: 0.0 due to Intrinsic Fault
pipeline V_EDGE_53_8 still has reduced capacity: 0.0 due to Intrinsic Fault
pipeline ARCO_18 still has reduced capacity: 0.0 due to Intrinsic Fault
pipeline ARCO_19 still has reduced capacity: 0.0 due to Intrinsic Fault
pipeline ARCO_87 still has reduced capacity: 0.0 due to Intrinsic Fault
Propagate Heavy Faults
Propagate Attacks
Inject Intrinsic Failure To Source
Inject Heavy Fault To Sources
Inject Attack Multiple To Source
Inject Intrinsic Fault To Pipeline
Inject Heavy Fault To Pipeline
Inject Attack To Pipeline
----------- Statistics ------------
	Sources Under Attack: 0
	Sources with Heavy Fault: 0
	Sources with Intrinsic Fault: 1
	Arcs with reduce capacity due to Attack: 0
	Arcs with reduce capacity due to Heavy Fault: 0
	Arcs with reduce capacity due to Intrinsic Fault: 7
	Arcs with Attacks: 0
	Arcs with Heavy Fault: 0
	Arcs with Intrinsic Fault: 0
--------- SOURCES STATISTICS ---------------
Demand del real Source[0]: -31.0, flusso erogato: 11.159999999999998, flusso entrante: 0.0, efficienza: 35.99999999999999 %
Demand del real Source[8]: -10.5, flusso erogato: 0.0, flusso entrante: 0.0, efficienza: 0.0 %
Demand del real Source[9]: -7.1, flusso erogato: 17.259999999999998, flusso entrante: 10.159999999999998, efficienza: 243.09859154929575 %
Demand del real Source[17]: -25.0, flusso erogato: 25.000000000000007, flusso entrante: 0.0, efficienza: 100.00000000000003 %
Flusso totale entrante nei Real Source: 10.159999999999998
Flusso totale uscente dai Real Source: 53.42
Flusso netto sui real Source: -43.260000000000005
--- SINKS STATISTICS ---
Sink 3 SODDISFATTO. Flusso netto: 3.43, Demand: 3.43, percentage: 100.0
Sink 4 SODDISFATTO. Flusso netto: 0.5700000000000003, Demand: 0.57, percentage: 100.00000000000007
Sink 5 SODDISFATTO. Flusso netto: 0.6599999999999997, Demand: 0.66, percentage: 99.99999999999994
Sink 11 SODDISFATTO. Flusso netto: 1.03, Demand: 1.03, percentage: 100.0
Sink 15 SODDISFATTO. Flusso netto: 0.46, Demand: 0.46, percentage: 100.0
Sink 16 SODDISFATTO. Flusso netto: 8.400000000000002, Demand: 8.4, percentage: 100.00000000000003
Sink 19 SODDISFATTO. Flusso netto: 0.5399999999999991, Demand: 0.54, percentage: 99.99999999999983
Sink 23 SODDISFATTO. Flusso netto: 0.5999999999999999, Demand: 0.6, percentage: 99.99999999999997
Sink 24 SODDISFATTO. Flusso netto: 0.8, Demand: 0.8, percentage: 100.0
Sink 25 SODDISFATTO. Flusso netto: 3.5, Demand: 3.5, percentage: 100.0
Sink 26 SODDISFATTO. Flusso netto: 6.000000000000002, Demand: 6.0, percentage: 100.00000000000003
Sink 28 SODDISFATTO. Flusso netto: 0.4, Demand: 0.4, percentage: 100.0
Sink 30 SODDISFATTO. Flusso netto: 0.9799999999999986, Demand: 0.98, percentage: 99.99999999999987
Sink 31 SODDISFATTO. Flusso netto: 0.4, Demand: 0.4, percentage: 100.0
Sink 32 SODDISFATTO. Flusso netto: 0.9999999999999996, Demand: 1.0, percentage: 99.99999999999996
Sink 34 SODDISFATTO. Flusso netto: 1.74, Demand: 1.74, percentage: 100.0
Sink 35 SODDISFATTO. Flusso netto: 1.3, Demand: 1.3, percentage: 100.0
Sink 37 SODDISFATTO. Flusso netto: 1.0, Demand: 1.0, percentage: 100.0
Sink 39 SODDISFATTO. Flusso netto: 0.4, Demand: 0.4, percentage: 100.0
Sink 40 SODDISFATTO. Flusso netto: 0.5, Demand: 0.5, percentage: 100.0
Sink 41 SODDISFATTO. Flusso netto: 1.06, Demand: 1.06, percentage: 100.0
Sink 42 SODDISFATTO. Flusso netto: 2.8199999999999994, Demand: 2.82, percentage: 99.99999999999999
Sink 45 SODDISFATTO. Flusso netto: 0.68, Demand: 0.68, percentage: 100.0
Sink 46 SODDISFATTO. Flusso netto: 1.17, Demand: 1.17, percentage: 100.0
Sink 49 non è soddisfatto. Flusso netto: 3.82, Demand: 7.0, percentage: 54.57142857142857
Flusso totale entrante nei SINK: 89.12
Flusso totale uscente nei SINK: 45.86000000000001
Flusso totale netto nei SINK: 43.26
Total DEMAND dei SINK: 46.44
Percentual di flusso ai SINK: 0.9315245478036176
Numero di Sink soddisfatti: 24.0, numero totale di sink: 25.0
Percentuale di Sink soddisfatti: 0.96

---------------------------------- DAY 107

Update Fixed Elements from Intrinsic Faults
Update Fixed Elements from Heavy Faults
Update Fixed Elements from Attack
Propagate Intrinsic Fault
Node NODO_10 has still failing due to Intrinsic Fault
pipeline ARCO_17 still has reduced capacity: 0.0 due to Intrinsic Fault
pipeline ARCO_88 still has reduced capacity: 0.0 due to Intrinsic Fault
pipeline ARCO_89 still has reduced capacity: 0.0 due to Intrinsic Fault
pipeline V_EDGE_53_8 still has reduced capacity: 0.0 due to Intrinsic Fault
pipeline ARCO_18 still has reduced capacity: 0.0 due to Intrinsic Fault
pipeline ARCO_19 still has reduced capacity: 0.0 due to Intrinsic Fault
pipeline ARCO_87 still has reduced capacity: 0.0 due to Intrinsic Fault
Propagate Heavy Faults
Propagate Attacks
Inject Intrinsic Failure To Source
Inject Heavy Fault To Sources
Inject Attack Multiple To Source
Inject Intrinsic Fault To Pipeline
Inject Heavy Fault To Pipeline
Inject Attack To Pipeline
----------- Statistics ------------
	Sources Under Attack: 0
	Sources with Heavy Fault: 0
	Sources with Intrinsic Fault: 1
	Arcs with reduce capacity due to Attack: 0
	Arcs with reduce capacity due to Heavy Fault: 0
	Arcs with reduce capacity due to Intrinsic Fault: 7
	Arcs with Attacks: 0
	Arcs with Heavy Fault: 0
	Arcs with Intrinsic Fault: 0
--------- SOURCES STATISTICS ---------------
Demand del real Source[0]: -31.0, flusso erogato: 11.159999999999998, flusso entrante: 0.0, efficienza: 35.99999999999999 %
Demand del real Source[8]: -10.5, flusso erogato: 0.0, flusso entrante: 0.0, efficienza: 0.0 %
Demand del real Source[9]: -7.1, flusso erogato: 17.259999999999998, flusso entrante: 10.159999999999998, efficienza: 243.09859154929575 %
Demand del real Source[17]: -25.0, flusso erogato: 25.000000000000007, flusso entrante: 0.0, efficienza: 100.00000000000003 %
Flusso totale entrante nei Real Source: 10.159999999999998
Flusso totale uscente dai Real Source: 53.42
Flusso netto sui real Source: -43.260000000000005
--- SINKS STATISTICS ---
Sink 3 SODDISFATTO. Flusso netto: 3.43, Demand: 3.43, percentage: 100.0
Sink 4 SODDISFATTO. Flusso netto: 0.5700000000000003, Demand: 0.57, percentage: 100.00000000000007
Sink 5 SODDISFATTO. Flusso netto: 0.6599999999999997, Demand: 0.66, percentage: 99.99999999999994
Sink 11 SODDISFATTO. Flusso netto: 1.03, Demand: 1.03, percentage: 100.0
Sink 15 SODDISFATTO. Flusso netto: 0.46, Demand: 0.46, percentage: 100.0
Sink 16 SODDISFATTO. Flusso netto: 8.400000000000002, Demand: 8.4, percentage: 100.00000000000003
Sink 19 SODDISFATTO. Flusso netto: 0.5399999999999991, Demand: 0.54, percentage: 99.99999999999983
Sink 23 SODDISFATTO. Flusso netto: 0.5999999999999999, Demand: 0.6, percentage: 99.99999999999997
Sink 24 SODDISFATTO. Flusso netto: 0.8, Demand: 0.8, percentage: 100.0
Sink 25 SODDISFATTO. Flusso netto: 3.5, Demand: 3.5, percentage: 100.0
Sink 26 SODDISFATTO. Flusso netto: 6.000000000000002, Demand: 6.0, percentage: 100.00000000000003
Sink 28 SODDISFATTO. Flusso netto: 0.4, Demand: 0.4, percentage: 100.0
Sink 30 SODDISFATTO. Flusso netto: 0.9799999999999986, Demand: 0.98, percentage: 99.99999999999987
Sink 31 SODDISFATTO. Flusso netto: 0.4, Demand: 0.4, percentage: 100.0
Sink 32 SODDISFATTO. Flusso netto: 0.9999999999999996, Demand: 1.0, percentage: 99.99999999999996
Sink 34 SODDISFATTO. Flusso netto: 1.74, Demand: 1.74, percentage: 100.0
Sink 35 SODDISFATTO. Flusso netto: 1.3, Demand: 1.3, percentage: 100.0
Sink 37 SODDISFATTO. Flusso netto: 1.0, Demand: 1.0, percentage: 100.0
Sink 39 SODDISFATTO. Flusso netto: 0.4, Demand: 0.4, percentage: 100.0
Sink 40 SODDISFATTO. Flusso netto: 0.5, Demand: 0.5, percentage: 100.0
Sink 41 SODDISFATTO. Flusso netto: 1.06, Demand: 1.06, percentage: 100.0
Sink 42 SODDISFATTO. Flusso netto: 2.8199999999999994, Demand: 2.82, percentage: 99.99999999999999
Sink 45 SODDISFATTO. Flusso netto: 0.68, Demand: 0.68, percentage: 100.0
Sink 46 SODDISFATTO. Flusso netto: 1.17, Demand: 1.17, percentage: 100.0
Sink 49 non è soddisfatto. Flusso netto: 3.82, Demand: 7.0, percentage: 54.57142857142857
Flusso totale entrante nei SINK: 89.12
Flusso totale uscente nei SINK: 45.86000000000001
Flusso totale netto nei SINK: 43.26
Total DEMAND dei SINK: 46.44
Percentual di flusso ai SINK: 0.9315245478036176
Numero di Sink soddisfatti: 24.0, numero totale di sink: 25.0
Percentuale di Sink soddisfatti: 0.96

---------------------------------- DAY 108

Update Fixed Elements from Intrinsic Faults
Update Fixed Elements from Heavy Faults
Update Fixed Elements from Attack
Propagate Intrinsic Fault
Node NODO_10 has still failing due to Intrinsic Fault
pipeline ARCO_17 still has reduced capacity: 0.0 due to Intrinsic Fault
pipeline ARCO_88 still has reduced capacity: 0.0 due to Intrinsic Fault
pipeline ARCO_89 still has reduced capacity: 0.0 due to Intrinsic Fault
pipeline V_EDGE_53_8 still has reduced capacity: 0.0 due to Intrinsic Fault
pipeline ARCO_18 still has reduced capacity: 0.0 due to Intrinsic Fault
pipeline ARCO_19 still has reduced capacity: 0.0 due to Intrinsic Fault
pipeline ARCO_87 still has reduced capacity: 0.0 due to Intrinsic Fault
Propagate Heavy Faults
Propagate Attacks
Inject Intrinsic Failure To Source
Inject Heavy Fault To Sources
Inject Attack Multiple To Source
Inject Intrinsic Fault To Pipeline
Inject Heavy Fault To Pipeline
Inject Attack To Pipeline
----------- Statistics ------------
	Sources Under Attack: 0
	Sources with Heavy Fault: 0
	Sources with Intrinsic Fault: 1
	Arcs with reduce capacity due to Attack: 0
	Arcs with reduce capacity due to Heavy Fault: 0
	Arcs with reduce capacity due to Intrinsic Fault: 7
	Arcs with Attacks: 0
	Arcs with Heavy Fault: 0
	Arcs with Intrinsic Fault: 0
--------- SOURCES STATISTICS ---------------
Demand del real Source[0]: -31.0, flusso erogato: 11.159999999999998, flusso entrante: 0.0, efficienza: 35.99999999999999 %
Demand del real Source[8]: -10.5, flusso erogato: 0.0, flusso entrante: 0.0, efficienza: 0.0 %
Demand del real Source[9]: -7.1, flusso erogato: 17.259999999999998, flusso entrante: 10.159999999999998, efficienza: 243.09859154929575 %
Demand del real Source[17]: -25.0, flusso erogato: 25.000000000000007, flusso entrante: 0.0, efficienza: 100.00000000000003 %
Flusso totale entrante nei Real Source: 10.159999999999998
Flusso totale uscente dai Real Source: 53.42
Flusso netto sui real Source: -43.260000000000005
--- SINKS STATISTICS ---
Sink 3 SODDISFATTO. Flusso netto: 3.43, Demand: 3.43, percentage: 100.0
Sink 4 SODDISFATTO. Flusso netto: 0.5700000000000003, Demand: 0.57, percentage: 100.00000000000007
Sink 5 SODDISFATTO. Flusso netto: 0.6599999999999997, Demand: 0.66, percentage: 99.99999999999994
Sink 11 SODDISFATTO. Flusso netto: 1.03, Demand: 1.03, percentage: 100.0
Sink 15 SODDISFATTO. Flusso netto: 0.46, Demand: 0.46, percentage: 100.0
Sink 16 SODDISFATTO. Flusso netto: 8.400000000000002, Demand: 8.4, percentage: 100.00000000000003
Sink 19 SODDISFATTO. Flusso netto: 0.5399999999999991, Demand: 0.54, percentage: 99.99999999999983
Sink 23 SODDISFATTO. Flusso netto: 0.5999999999999999, Demand: 0.6, percentage: 99.99999999999997
Sink 24 SODDISFATTO. Flusso netto: 0.8, Demand: 0.8, percentage: 100.0
Sink 25 SODDISFATTO. Flusso netto: 3.5, Demand: 3.5, percentage: 100.0
Sink 26 SODDISFATTO. Flusso netto: 6.000000000000002, Demand: 6.0, percentage: 100.00000000000003
Sink 28 SODDISFATTO. Flusso netto: 0.4, Demand: 0.4, percentage: 100.0
Sink 30 SODDISFATTO. Flusso netto: 0.9799999999999986, Demand: 0.98, percentage: 99.99999999999987
Sink 31 SODDISFATTO. Flusso netto: 0.4, Demand: 0.4, percentage: 100.0
Sink 32 SODDISFATTO. Flusso netto: 0.9999999999999996, Demand: 1.0, percentage: 99.99999999999996
Sink 34 SODDISFATTO. Flusso netto: 1.74, Demand: 1.74, percentage: 100.0
Sink 35 SODDISFATTO. Flusso netto: 1.3, Demand: 1.3, percentage: 100.0
Sink 37 SODDISFATTO. Flusso netto: 1.0, Demand: 1.0, percentage: 100.0
Sink 39 SODDISFATTO. Flusso netto: 0.4, Demand: 0.4, percentage: 100.0
Sink 40 SODDISFATTO. Flusso netto: 0.5, Demand: 0.5, percentage: 100.0
Sink 41 SODDISFATTO. Flusso netto: 1.06, Demand: 1.06, percentage: 100.0
Sink 42 SODDISFATTO. Flusso netto: 2.8199999999999994, Demand: 2.82, percentage: 99.99999999999999
Sink 45 SODDISFATTO. Flusso netto: 0.68, Demand: 0.68, percentage: 100.0
Sink 46 SODDISFATTO. Flusso netto: 1.17, Demand: 1.17, percentage: 100.0
Sink 49 non è soddisfatto. Flusso netto: 3.82, Demand: 7.0, percentage: 54.57142857142857
Flusso totale entrante nei SINK: 89.12
Flusso totale uscente nei SINK: 45.86000000000001
Flusso totale netto nei SINK: 43.26
Total DEMAND dei SINK: 46.44
Percentual di flusso ai SINK: 0.9315245478036176
Numero di Sink soddisfatti: 24.0, numero totale di sink: 25.0
Percentuale di Sink soddisfatti: 0.96

---------------------------------- DAY 109

Update Fixed Elements from Intrinsic Faults
Update Fixed Elements from Heavy Faults
Update Fixed Elements from Attack
Propagate Intrinsic Fault
Node NODO_10 has still failing due to Intrinsic Fault
pipeline ARCO_17 still has reduced capacity: 0.0 due to Intrinsic Fault
pipeline ARCO_88 still has reduced capacity: 0.0 due to Intrinsic Fault
pipeline ARCO_89 still has reduced capacity: 0.0 due to Intrinsic Fault
pipeline V_EDGE_53_8 still has reduced capacity: 0.0 due to Intrinsic Fault
pipeline ARCO_18 still has reduced capacity: 0.0 due to Intrinsic Fault
pipeline ARCO_19 still has reduced capacity: 0.0 due to Intrinsic Fault
pipeline ARCO_87 still has reduced capacity: 0.0 due to Intrinsic Fault
Propagate Heavy Faults
Propagate Attacks
Inject Intrinsic Failure To Source
Inject Heavy Fault To Sources
Inject Attack Multiple To Source
Inject Intrinsic Fault To Pipeline
Inject Heavy Fault To Pipeline
Inject Attack To Pipeline
----------- Statistics ------------
	Sources Under Attack: 0
	Sources with Heavy Fault: 0
	Sources with Intrinsic Fault: 1
	Arcs with reduce capacity due to Attack: 0
	Arcs with reduce capacity due to Heavy Fault: 0
	Arcs with reduce capacity due to Intrinsic Fault: 7
	Arcs with Attacks: 0
	Arcs with Heavy Fault: 0
	Arcs with Intrinsic Fault: 0
--------- SOURCES STATISTICS ---------------
Demand del real Source[0]: -31.0, flusso erogato: 11.159999999999998, flusso entrante: 0.0, efficienza: 35.99999999999999 %
Demand del real Source[8]: -10.5, flusso erogato: 0.0, flusso entrante: 0.0, efficienza: 0.0 %
Demand del real Source[9]: -7.1, flusso erogato: 17.259999999999998, flusso entrante: 10.159999999999998, efficienza: 243.09859154929575 %
Demand del real Source[17]: -25.0, flusso erogato: 25.000000000000007, flusso entrante: 0.0, efficienza: 100.00000000000003 %
Flusso totale entrante nei Real Source: 10.159999999999998
Flusso totale uscente dai Real Source: 53.42
Flusso netto sui real Source: -43.260000000000005
--- SINKS STATISTICS ---
Sink 3 SODDISFATTO. Flusso netto: 3.43, Demand: 3.43, percentage: 100.0
Sink 4 SODDISFATTO. Flusso netto: 0.5700000000000003, Demand: 0.57, percentage: 100.00000000000007
Sink 5 SODDISFATTO. Flusso netto: 0.6599999999999997, Demand: 0.66, percentage: 99.99999999999994
Sink 11 SODDISFATTO. Flusso netto: 1.03, Demand: 1.03, percentage: 100.0
Sink 15 SODDISFATTO. Flusso netto: 0.46, Demand: 0.46, percentage: 100.0
Sink 16 SODDISFATTO. Flusso netto: 8.400000000000002, Demand: 8.4, percentage: 100.00000000000003
Sink 19 SODDISFATTO. Flusso netto: 0.5399999999999991, Demand: 0.54, percentage: 99.99999999999983
Sink 23 SODDISFATTO. Flusso netto: 0.5999999999999999, Demand: 0.6, percentage: 99.99999999999997
Sink 24 SODDISFATTO. Flusso netto: 0.8, Demand: 0.8, percentage: 100.0
Sink 25 SODDISFATTO. Flusso netto: 3.5, Demand: 3.5, percentage: 100.0
Sink 26 SODDISFATTO. Flusso netto: 6.000000000000002, Demand: 6.0, percentage: 100.00000000000003
Sink 28 SODDISFATTO. Flusso netto: 0.4, Demand: 0.4, percentage: 100.0
Sink 30 SODDISFATTO. Flusso netto: 0.9799999999999986, Demand: 0.98, percentage: 99.99999999999987
Sink 31 SODDISFATTO. Flusso netto: 0.4, Demand: 0.4, percentage: 100.0
Sink 32 SODDISFATTO. Flusso netto: 0.9999999999999996, Demand: 1.0, percentage: 99.99999999999996
Sink 34 SODDISFATTO. Flusso netto: 1.74, Demand: 1.74, percentage: 100.0
Sink 35 SODDISFATTO. Flusso netto: 1.3, Demand: 1.3, percentage: 100.0
Sink 37 SODDISFATTO. Flusso netto: 1.0, Demand: 1.0, percentage: 100.0
Sink 39 SODDISFATTO. Flusso netto: 0.4, Demand: 0.4, percentage: 100.0
Sink 40 SODDISFATTO. Flusso netto: 0.5, Demand: 0.5, percentage: 100.0
Sink 41 SODDISFATTO. Flusso netto: 1.06, Demand: 1.06, percentage: 100.0
Sink 42 SODDISFATTO. Flusso netto: 2.8199999999999994, Demand: 2.82, percentage: 99.99999999999999
Sink 45 SODDISFATTO. Flusso netto: 0.68, Demand: 0.68, percentage: 100.0
Sink 46 SODDISFATTO. Flusso netto: 1.17, Demand: 1.17, percentage: 100.0
Sink 49 non è soddisfatto. Flusso netto: 3.82, Demand: 7.0, percentage: 54.57142857142857
Flusso totale entrante nei SINK: 89.12
Flusso totale uscente nei SINK: 45.86000000000001
Flusso totale netto nei SINK: 43.26
Total DEMAND dei SINK: 46.44
Percentual di flusso ai SINK: 0.9315245478036176
Numero di Sink soddisfatti: 24.0, numero totale di sink: 25.0
Percentuale di Sink soddisfatti: 0.96

---------------------------------- DAY 110

Update Fixed Elements from Intrinsic Faults
Source NODO_10 fixed from Intrinsic Fault
Pipeline ARCO_17 fixed due to Source NODO_10 fixing from Intrinsic Fault
Pipeline ARCO_88 fixed due to Source NODO_10 fixing from Intrinsic Fault
Pipeline ARCO_89 fixed due to Source NODO_10 fixing from Intrinsic Fault
Pipeline V_EDGE_53_8 fixed due to Source NODO_10 fixing from Intrinsic Fault
Pipeline ARCO_18 fixed due to Source NODO_10 fixing from Intrinsic Fault
Pipeline ARCO_19 fixed due to Source NODO_10 fixing from Intrinsic Fault
Pipeline ARCO_87 fixed due to Source NODO_10 fixing from Intrinsic Fault
Update Fixed Elements from Heavy Faults
Update Fixed Elements from Attack
Propagate Intrinsic Fault
Propagate Heavy Faults
Propagate Attacks
Inject Intrinsic Failure To Source
Source NODO_11 is failing for an Intrinsic Fault in day: 110
pipeline ARCO_3 has reduced capacity due to NODO_11 Intrinsic fault
pipeline ARCO_90 has reduced capacity due to NODO_11 Intrinsic fault
pipeline ARCO_91 has reduced capacity due to NODO_11 Intrinsic fault
pipeline ARCO_92 has reduced capacity due to NODO_11 Intrinsic fault
pipeline V_EDGE_53_9 has reduced capacity due to NODO_11 Intrinsic fault
pipeline ARCO_20 has reduced capacity due to NODO_11 Intrinsic fault
pipeline ARCO_21 has reduced capacity due to NODO_11 Intrinsic fault
pipeline ARCO_22 has reduced capacity due to NODO_11 Intrinsic fault
pipeline ARCO_73 has reduced capacity due to NODO_11 Intrinsic fault
Inject Heavy Fault To Sources
Inject Attack Multiple To Source
Inject Intrinsic Fault To Pipeline
Inject Heavy Fault To Pipeline
Inject Attack To Pipeline
----------- Statistics ------------
	Sources Under Attack: 0
	Sources with Heavy Fault: 0
	Sources with Intrinsic Fault: 1
	Arcs with reduce capacity due to Attack: 0
	Arcs with reduce capacity due to Heavy Fault: 0
	Arcs with reduce capacity due to Intrinsic Fault: 9
	Arcs with Attacks: 0
	Arcs with Heavy Fault: 0
	Arcs with Intrinsic Fault: 0
--------- SOURCES STATISTICS ---------------
Demand del real Source[0]: -31.0, flusso erogato: 11.397999999999998, flusso entrante: 0.0, efficienza: 36.76774193548387 %
Demand del real Source[8]: -10.5, flusso erogato: 3.8600000000000003, flusso entrante: 0.0, efficienza: 36.76190476190476 %
Demand del real Source[9]: -7.1, flusso erogato: 16.077999999999996, flusso entrante: 10.397999999999998, efficienza: 226.45070422535207 %
Demand del real Source[17]: -25.0, flusso erogato: 25.000000000000007, flusso entrante: 0.0, efficienza: 100.00000000000003 %
Flusso totale entrante nei Real Source: 10.397999999999998
Flusso totale uscente dai Real Source: 56.336000000000006
Flusso netto sui real Source: -45.93800000000001
--- SINKS STATISTICS ---
Sink 3 SODDISFATTO. Flusso netto: 3.43, Demand: 3.43, percentage: 100.0
Sink 4 SODDISFATTO. Flusso netto: 0.5700000000000003, Demand: 0.57, percentage: 100.00000000000007
Sink 5 SODDISFATTO. Flusso netto: 0.6600000000000001, Demand: 0.66, percentage: 100.00000000000003
Sink 11 SODDISFATTO. Flusso netto: 1.03, Demand: 1.03, percentage: 100.0
Sink 15 SODDISFATTO. Flusso netto: 0.46, Demand: 0.46, percentage: 100.0
Sink 16 SODDISFATTO. Flusso netto: 8.400000000000002, Demand: 8.4, percentage: 100.00000000000003
Sink 19 SODDISFATTO. Flusso netto: 0.5399999999999991, Demand: 0.54, percentage: 99.99999999999983
Sink 23 SODDISFATTO. Flusso netto: 0.5999999999999999, Demand: 0.6, percentage: 99.99999999999997
Sink 24 SODDISFATTO. Flusso netto: 0.8, Demand: 0.8, percentage: 100.0
Sink 25 SODDISFATTO. Flusso netto: 3.5, Demand: 3.5, percentage: 100.0
Sink 26 SODDISFATTO. Flusso netto: 6.000000000000002, Demand: 6.0, percentage: 100.00000000000003
Sink 28 SODDISFATTO. Flusso netto: 0.4, Demand: 0.4, percentage: 100.0
Sink 30 SODDISFATTO. Flusso netto: 0.9799999999999986, Demand: 0.98, percentage: 99.99999999999987
Sink 31 SODDISFATTO. Flusso netto: 0.4, Demand: 0.4, percentage: 100.0
Sink 32 SODDISFATTO. Flusso netto: 0.9999999999999996, Demand: 1.0, percentage: 99.99999999999996
Sink 34 SODDISFATTO. Flusso netto: 1.74, Demand: 1.74, percentage: 100.0
Sink 35 SODDISFATTO. Flusso netto: 1.3, Demand: 1.3, percentage: 100.0
Sink 37 SODDISFATTO. Flusso netto: 1.0, Demand: 1.0, percentage: 100.0
Sink 39 SODDISFATTO. Flusso netto: 0.4, Demand: 0.4, percentage: 100.0
Sink 40 SODDISFATTO. Flusso netto: 0.5, Demand: 0.5, percentage: 100.0
Sink 41 SODDISFATTO. Flusso netto: 1.0599999999999996, Demand: 1.06, percentage: 99.99999999999996
Sink 42 SODDISFATTO. Flusso netto: 2.8200000000000003, Demand: 2.82, percentage: 100.00000000000003
Sink 45 SODDISFATTO. Flusso netto: 0.68, Demand: 0.68, percentage: 100.0
Sink 46 SODDISFATTO. Flusso netto: 1.17, Demand: 1.17, percentage: 100.0
Sink 49 non è soddisfatto. Flusso netto: 6.497999999999999, Demand: 7.0, percentage: 92.82857142857142
Flusso totale entrante nei SINK: 95.24200000000002
Flusso totale uscente nei SINK: 49.304
Flusso totale netto nei SINK: 45.93800000000002
Total DEMAND dei SINK: 46.44
Percentual di flusso ai SINK: 0.989190353143842
Numero di Sink soddisfatti: 24.0, numero totale di sink: 25.0
Percentuale di Sink soddisfatti: 0.96

---------------------------------- DAY 111

Update Fixed Elements from Intrinsic Faults
Update Fixed Elements from Heavy Faults
Update Fixed Elements from Attack
Propagate Intrinsic Fault
Node NODO_11 has still failing due to Intrinsic Fault
pipeline ARCO_3 still has reduced capacity: 9.688 due to Intrinsic Fault
pipeline ARCO_90 still has reduced capacity: 1.6 due to Intrinsic Fault
pipeline ARCO_91 still has reduced capacity: 9.688 due to Intrinsic Fault
pipeline ARCO_92 still has reduced capacity: 39.328 due to Intrinsic Fault
pipeline V_EDGE_53_9 still has reduced capacity: 5.68 due to Intrinsic Fault
pipeline ARCO_20 still has reduced capacity: 1.6 due to Intrinsic Fault
pipeline ARCO_21 still has reduced capacity: 9.688 due to Intrinsic Fault
pipeline ARCO_22 still has reduced capacity: 39.328 due to Intrinsic Fault
pipeline ARCO_73 still has reduced capacity: 9.688 due to Intrinsic Fault
Propagate Heavy Faults
Propagate Attacks
Inject Intrinsic Failure To Source
Inject Heavy Fault To Sources
Inject Attack Multiple To Source
Inject Intrinsic Fault To Pipeline
Inject Heavy Fault To Pipeline
Inject Attack To Pipeline
----------- Statistics ------------
	Sources Under Attack: 0
	Sources with Heavy Fault: 0
	Sources with Intrinsic Fault: 1
	Arcs with reduce capacity due to Attack: 0
	Arcs with reduce capacity due to Heavy Fault: 0
	Arcs with reduce capacity due to Intrinsic Fault: 9
	Arcs with Attacks: 0
	Arcs with Heavy Fault: 0
	Arcs with Intrinsic Fault: 0
--------- SOURCES STATISTICS ---------------
Demand del real Source[0]: -31.0, flusso erogato: 11.397999999999998, flusso entrante: 0.0, efficienza: 36.76774193548387 %
Demand del real Source[8]: -10.5, flusso erogato: 3.8600000000000003, flusso entrante: 0.0, efficienza: 36.76190476190476 %
Demand del real Source[9]: -7.1, flusso erogato: 16.077999999999996, flusso entrante: 10.397999999999998, efficienza: 226.45070422535207 %
Demand del real Source[17]: -25.0, flusso erogato: 25.000000000000007, flusso entrante: 0.0, efficienza: 100.00000000000003 %
Flusso totale entrante nei Real Source: 10.397999999999998
Flusso totale uscente dai Real Source: 56.336000000000006
Flusso netto sui real Source: -45.93800000000001
--- SINKS STATISTICS ---
Sink 3 SODDISFATTO. Flusso netto: 3.43, Demand: 3.43, percentage: 100.0
Sink 4 SODDISFATTO. Flusso netto: 0.5700000000000003, Demand: 0.57, percentage: 100.00000000000007
Sink 5 SODDISFATTO. Flusso netto: 0.6600000000000001, Demand: 0.66, percentage: 100.00000000000003
Sink 11 SODDISFATTO. Flusso netto: 1.03, Demand: 1.03, percentage: 100.0
Sink 15 SODDISFATTO. Flusso netto: 0.46, Demand: 0.46, percentage: 100.0
Sink 16 SODDISFATTO. Flusso netto: 8.400000000000002, Demand: 8.4, percentage: 100.00000000000003
Sink 19 SODDISFATTO. Flusso netto: 0.5399999999999991, Demand: 0.54, percentage: 99.99999999999983
Sink 23 SODDISFATTO. Flusso netto: 0.5999999999999999, Demand: 0.6, percentage: 99.99999999999997
Sink 24 SODDISFATTO. Flusso netto: 0.8, Demand: 0.8, percentage: 100.0
Sink 25 SODDISFATTO. Flusso netto: 3.5, Demand: 3.5, percentage: 100.0
Sink 26 SODDISFATTO. Flusso netto: 6.000000000000002, Demand: 6.0, percentage: 100.00000000000003
Sink 28 SODDISFATTO. Flusso netto: 0.4, Demand: 0.4, percentage: 100.0
Sink 30 SODDISFATTO. Flusso netto: 0.9799999999999986, Demand: 0.98, percentage: 99.99999999999987
Sink 31 SODDISFATTO. Flusso netto: 0.4, Demand: 0.4, percentage: 100.0
Sink 32 SODDISFATTO. Flusso netto: 0.9999999999999996, Demand: 1.0, percentage: 99.99999999999996
Sink 34 SODDISFATTO. Flusso netto: 1.74, Demand: 1.74, percentage: 100.0
Sink 35 SODDISFATTO. Flusso netto: 1.3, Demand: 1.3, percentage: 100.0
Sink 37 SODDISFATTO. Flusso netto: 1.0, Demand: 1.0, percentage: 100.0
Sink 39 SODDISFATTO. Flusso netto: 0.4, Demand: 0.4, percentage: 100.0
Sink 40 SODDISFATTO. Flusso netto: 0.5, Demand: 0.5, percentage: 100.0
Sink 41 SODDISFATTO. Flusso netto: 1.0599999999999996, Demand: 1.06, percentage: 99.99999999999996
Sink 42 SODDISFATTO. Flusso netto: 2.8200000000000003, Demand: 2.82, percentage: 100.00000000000003
Sink 45 SODDISFATTO. Flusso netto: 0.68, Demand: 0.68, percentage: 100.0
Sink 46 SODDISFATTO. Flusso netto: 1.17, Demand: 1.17, percentage: 100.0
Sink 49 non è soddisfatto. Flusso netto: 6.497999999999999, Demand: 7.0, percentage: 92.82857142857142
Flusso totale entrante nei SINK: 95.24200000000002
Flusso totale uscente nei SINK: 49.304
Flusso totale netto nei SINK: 45.93800000000002
Total DEMAND dei SINK: 46.44
Percentual di flusso ai SINK: 0.989190353143842
Numero di Sink soddisfatti: 24.0, numero totale di sink: 25.0
Percentuale di Sink soddisfatti: 0.96

---------------------------------- DAY 112

Update Fixed Elements from Intrinsic Faults
Update Fixed Elements from Heavy Faults
Update Fixed Elements from Attack
Propagate Intrinsic Fault
Node NODO_11 has still failing due to Intrinsic Fault
pipeline ARCO_3 still has reduced capacity: 9.688 due to Intrinsic Fault
pipeline ARCO_90 still has reduced capacity: 1.6 due to Intrinsic Fault
pipeline ARCO_91 still has reduced capacity: 9.688 due to Intrinsic Fault
pipeline ARCO_92 still has reduced capacity: 39.328 due to Intrinsic Fault
pipeline V_EDGE_53_9 still has reduced capacity: 5.68 due to Intrinsic Fault
pipeline ARCO_20 still has reduced capacity: 1.6 due to Intrinsic Fault
pipeline ARCO_21 still has reduced capacity: 9.688 due to Intrinsic Fault
pipeline ARCO_22 still has reduced capacity: 39.328 due to Intrinsic Fault
pipeline ARCO_73 still has reduced capacity: 9.688 due to Intrinsic Fault
Propagate Heavy Faults
Propagate Attacks
Inject Intrinsic Failure To Source
Source NODO_19 is failing for an Intrinsic Fault in day: 112
pipeline ARCO_35 has reduced capacity due to NODO_19 Intrinsic fault
pipeline ARCO_109 has reduced capacity due to NODO_19 Intrinsic fault
pipeline ARCO_110 has reduced capacity due to NODO_19 Intrinsic fault
pipeline V_EDGE_53_17 has reduced capacity due to NODO_19 Intrinsic fault
pipeline ARCO_39 has reduced capacity due to NODO_19 Intrinsic fault
pipeline ARCO_40 has reduced capacity due to NODO_19 Intrinsic fault
pipeline ARCO_105 has reduced capacity due to NODO_19 Intrinsic fault
Source NODO_11 is failing for an Intrinsic Fault in day: 112
pipeline ARCO_3 has reduced capacity due to NODO_11 Intrinsic fault
pipeline ARCO_90 has reduced capacity due to NODO_11 Intrinsic fault
pipeline ARCO_91 has reduced capacity due to NODO_11 Intrinsic fault
pipeline ARCO_92 has reduced capacity due to NODO_11 Intrinsic fault
pipeline V_EDGE_53_9 has reduced capacity due to NODO_11 Intrinsic fault
pipeline ARCO_20 has reduced capacity due to NODO_11 Intrinsic fault
pipeline ARCO_21 has reduced capacity due to NODO_11 Intrinsic fault
pipeline ARCO_22 has reduced capacity due to NODO_11 Intrinsic fault
pipeline ARCO_73 has reduced capacity due to NODO_11 Intrinsic fault
Inject Heavy Fault To Sources
Inject Attack Multiple To Source
Inject Intrinsic Fault To Pipeline
Inject Heavy Fault To Pipeline
Inject Attack To Pipeline
----------- Statistics ------------
	Sources Under Attack: 0
	Sources with Heavy Fault: 0
	Sources with Intrinsic Fault: 2
	Arcs with reduce capacity due to Attack: 0
	Arcs with reduce capacity due to Heavy Fault: 0
	Arcs with reduce capacity due to Intrinsic Fault: 16
	Arcs with Attacks: 0
	Arcs with Heavy Fault: 0
	Arcs with Intrinsic Fault: 0
--------- SOURCES STATISTICS ---------------
Demand del real Source[0]: -31.0, flusso erogato: 13.236800000000002, flusso entrante: 0.0, efficienza: 42.69935483870969 %
Demand del real Source[8]: -10.5, flusso erogato: 6.5295999999999985, flusso entrante: 0.0, efficienza: 62.18666666666665 %
Demand del real Source[9]: -7.1, flusso erogato: 16.7808, flusso entrante: 12.236800000000002, efficienza: 236.34929577464789 %
Demand del real Source[17]: -25.0, flusso erogato: 0.0, flusso entrante: 0.0, efficienza: 0.0 %
Flusso totale entrante nei Real Source: 12.236800000000002
Flusso totale uscente dai Real Source: 36.547200000000004
Flusso netto sui real Source: -24.3104
--- SINKS STATISTICS ---
Sink 3 SODDISFATTO. Flusso netto: 3.43, Demand: 3.43, percentage: 100.0
Sink 4 SODDISFATTO. Flusso netto: 0.5699999999999998, Demand: 0.57, percentage: 99.99999999999997
Sink 5 SODDISFATTO. Flusso netto: 0.6600000000000001, Demand: 0.66, percentage: 100.00000000000003
Sink 11 SODDISFATTO. Flusso netto: 1.03, Demand: 1.03, percentage: 100.0
Sink 15 SODDISFATTO. Flusso netto: 0.45999999999999996, Demand: 0.46, percentage: 99.99999999999999
Sink 16 non è soddisfatto. Flusso netto: 2.83, Demand: 8.4, percentage: 33.69047619047619
Sink 19 non è soddisfatto. Flusso netto: 0.0, Demand: 0.54, percentage: 0.0
Sink 23 non è soddisfatto. Flusso netto: 0.0, Demand: 0.6, percentage: 0.0
Sink 24 non è soddisfatto. Flusso netto: 0.0, Demand: 0.8, percentage: 0.0
Sink 25 non è soddisfatto. Flusso netto: 0.0, Demand: 3.5, percentage: 0.0
Sink 26 non è soddisfatto. Flusso netto: 0.0, Demand: 6.0, percentage: 0.0
Sink 28 non è soddisfatto. Flusso netto: 0.0, Demand: 0.4, percentage: 0.0
Sink 30 non è soddisfatto. Flusso netto: 0.0, Demand: 0.98, percentage: 0.0
Sink 31 non è soddisfatto. Flusso netto: 0.0, Demand: 0.4, percentage: 0.0
Sink 32 SODDISFATTO. Flusso netto: 1.0, Demand: 1.0, percentage: 100.0
Sink 34 SODDISFATTO. Flusso netto: 1.74, Demand: 1.74, percentage: 100.0
Sink 35 SODDISFATTO. Flusso netto: 1.3, Demand: 1.3, percentage: 100.0
Sink 37 SODDISFATTO. Flusso netto: 1.0, Demand: 1.0, percentage: 100.0
Sink 39 non è soddisfatto. Flusso netto: 0.0, Demand: 0.4, percentage: 0.0
Sink 40 non è soddisfatto. Flusso netto: 0.0, Demand: 0.5, percentage: 0.0
Sink 41 SODDISFATTO. Flusso netto: 1.0600000000000005, Demand: 1.06, percentage: 100.00000000000004
Sink 42 SODDISFATTO. Flusso netto: 2.8200000000000003, Demand: 2.82, percentage: 100.00000000000003
Sink 45 SODDISFATTO. Flusso netto: 0.68, Demand: 0.68, percentage: 100.0
Sink 46 SODDISFATTO. Flusso netto: 1.17, Demand: 1.17, percentage: 100.0
Sink 49 non è soddisfatto. Flusso netto: 4.5604, Demand: 7.0, percentage: 65.14857142857142
Flusso totale entrante nei SINK: 45.932
Flusso totale uscente nei SINK: 21.6216
Flusso totale netto nei SINK: 24.3104
Total DEMAND dei SINK: 46.44
Percentual di flusso ai SINK: 0.5234797588285961
Numero di Sink soddisfatti: 13.0, numero totale di sink: 25.0
Percentuale di Sink soddisfatti: 0.52

---------------------------------- DAY 113

Update Fixed Elements from Intrinsic Faults
Source NODO_11 fixed from Intrinsic Fault
Pipeline ARCO_3 fixed due to Source NODO_11 fixing from Intrinsic Fault
Pipeline ARCO_90 fixed due to Source NODO_11 fixing from Intrinsic Fault
Pipeline ARCO_91 fixed due to Source NODO_11 fixing from Intrinsic Fault
Pipeline ARCO_92 fixed due to Source NODO_11 fixing from Intrinsic Fault
Pipeline V_EDGE_53_9 fixed due to Source NODO_11 fixing from Intrinsic Fault
Pipeline ARCO_20 fixed due to Source NODO_11 fixing from Intrinsic Fault
Pipeline ARCO_21 fixed due to Source NODO_11 fixing from Intrinsic Fault
Pipeline ARCO_22 fixed due to Source NODO_11 fixing from Intrinsic Fault
Pipeline ARCO_73 fixed due to Source NODO_11 fixing from Intrinsic Fault
Update Fixed Elements from Heavy Faults
Update Fixed Elements from Attack
Propagate Intrinsic Fault
Node NODO_19 has still failing due to Intrinsic Fault
pipeline ARCO_35 still has reduced capacity: 0.0 due to Intrinsic Fault
pipeline ARCO_109 still has reduced capacity: 0.0 due to Intrinsic Fault
pipeline ARCO_110 still has reduced capacity: 0.0 due to Intrinsic Fault
pipeline V_EDGE_53_17 still has reduced capacity: 0.0 due to Intrinsic Fault
pipeline ARCO_39 still has reduced capacity: 0.0 due to Intrinsic Fault
pipeline ARCO_40 still has reduced capacity: 0.0 due to Intrinsic Fault
pipeline ARCO_105 still has reduced capacity: 0.0 due to Intrinsic Fault
Propagate Heavy Faults
Propagate Attacks
Inject Intrinsic Failure To Source
Inject Heavy Fault To Sources
Inject Attack Multiple To Source
Inject Intrinsic Fault To Pipeline
Inject Heavy Fault To Pipeline
Inject Attack To Pipeline
----------- Statistics ------------
	Sources Under Attack: 0
	Sources with Heavy Fault: 0
	Sources with Intrinsic Fault: 1
	Arcs with reduce capacity due to Attack: 0
	Arcs with reduce capacity due to Heavy Fault: 0
	Arcs with reduce capacity due to Intrinsic Fault: 7
	Arcs with Attacks: 0
	Arcs with Heavy Fault: 0
	Arcs with Intrinsic Fault: 0
--------- SOURCES STATISTICS ---------------
Demand del real Source[0]: -31.0, flusso erogato: 15.440000000000001, flusso entrante: 0.0, efficienza: 49.80645161290323 %
Demand del real Source[8]: -10.5, flusso erogato: 3.8600000000000003, flusso entrante: 0.0, efficienza: 36.76190476190476 %
Demand del real Source[9]: -7.1, flusso erogato: 21.54, flusso entrante: 14.440000000000001, efficienza: 303.38028169014086 %
Demand del real Source[17]: -25.0, flusso erogato: 0.0, flusso entrante: 0.0, efficienza: 0.0 %
Flusso totale entrante nei Real Source: 14.440000000000001
Flusso totale uscente dai Real Source: 40.84
Flusso netto sui real Source: -26.400000000000002
--- SINKS STATISTICS ---
Sink 3 SODDISFATTO. Flusso netto: 3.43, Demand: 3.43, percentage: 100.0
Sink 4 SODDISFATTO. Flusso netto: 0.5700000000000003, Demand: 0.57, percentage: 100.00000000000007
Sink 5 SODDISFATTO. Flusso netto: 0.6600000000000001, Demand: 0.66, percentage: 100.00000000000003
Sink 11 SODDISFATTO. Flusso netto: 1.03, Demand: 1.03, percentage: 100.0
Sink 15 SODDISFATTO. Flusso netto: 0.45999999999999996, Demand: 0.46, percentage: 99.99999999999999
Sink 16 non è soddisfatto. Flusso netto: 2.83, Demand: 8.4, percentage: 33.69047619047619
Sink 19 non è soddisfatto. Flusso netto: 0.0, Demand: 0.54, percentage: 0.0
Sink 23 non è soddisfatto. Flusso netto: 0.0, Demand: 0.6, percentage: 0.0
Sink 24 non è soddisfatto. Flusso netto: 0.0, Demand: 0.8, percentage: 0.0
Sink 25 non è soddisfatto. Flusso netto: 0.0, Demand: 3.5, percentage: 0.0
Sink 26 non è soddisfatto. Flusso netto: 0.0, Demand: 6.0, percentage: 0.0
Sink 28 non è soddisfatto. Flusso netto: 0.0, Demand: 0.4, percentage: 0.0
Sink 30 non è soddisfatto. Flusso netto: 0.0, Demand: 0.98, percentage: 0.0
Sink 31 non è soddisfatto. Flusso netto: 0.0, Demand: 0.4, percentage: 0.0
Sink 32 SODDISFATTO. Flusso netto: 1.0, Demand: 1.0, percentage: 100.0
Sink 34 SODDISFATTO. Flusso netto: 1.74, Demand: 1.74, percentage: 100.0
Sink 35 SODDISFATTO. Flusso netto: 1.3, Demand: 1.3, percentage: 100.0
Sink 37 SODDISFATTO. Flusso netto: 1.0, Demand: 1.0, percentage: 100.0
Sink 39 non è soddisfatto. Flusso netto: 0.0, Demand: 0.4, percentage: 0.0
Sink 40 non è soddisfatto. Flusso netto: 0.0, Demand: 0.5, percentage: 0.0
Sink 41 SODDISFATTO. Flusso netto: 1.0600000000000005, Demand: 1.06, percentage: 100.00000000000004
Sink 42 SODDISFATTO. Flusso netto: 2.8199999999999994, Demand: 2.82, percentage: 99.99999999999999
Sink 45 SODDISFATTO. Flusso netto: 0.68, Demand: 0.68, percentage: 100.0
Sink 46 SODDISFATTO. Flusso netto: 1.17, Demand: 1.17, percentage: 100.0
Sink 49 non è soddisfatto. Flusso netto: 6.6499999999999995, Demand: 7.0, percentage: 95.0
Flusso totale entrante nei SINK: 53.099999999999994
Flusso totale uscente nei SINK: 26.7
Flusso totale netto nei SINK: 26.399999999999995
Total DEMAND dei SINK: 46.44
Percentual di flusso ai SINK: 0.5684754521963824
Numero di Sink soddisfatti: 13.0, numero totale di sink: 25.0
Percentuale di Sink soddisfatti: 0.52

---------------------------------- DAY 114

Update Fixed Elements from Intrinsic Faults
Update Fixed Elements from Heavy Faults
Update Fixed Elements from Attack
Propagate Intrinsic Fault
Node NODO_19 has still failing due to Intrinsic Fault
pipeline ARCO_35 still has reduced capacity: 0.0 due to Intrinsic Fault
pipeline ARCO_109 still has reduced capacity: 0.0 due to Intrinsic Fault
pipeline ARCO_110 still has reduced capacity: 0.0 due to Intrinsic Fault
pipeline V_EDGE_53_17 still has reduced capacity: 0.0 due to Intrinsic Fault
pipeline ARCO_39 still has reduced capacity: 0.0 due to Intrinsic Fault
pipeline ARCO_40 still has reduced capacity: 0.0 due to Intrinsic Fault
pipeline ARCO_105 still has reduced capacity: 0.0 due to Intrinsic Fault
Propagate Heavy Faults
Propagate Attacks
Inject Intrinsic Failure To Source
Inject Heavy Fault To Sources
Inject Attack Multiple To Source
Inject Intrinsic Fault To Pipeline
Inject Heavy Fault To Pipeline
Inject Attack To Pipeline
----------- Statistics ------------
	Sources Under Attack: 0
	Sources with Heavy Fault: 0
	Sources with Intrinsic Fault: 1
	Arcs with reduce capacity due to Attack: 0
	Arcs with reduce capacity due to Heavy Fault: 0
	Arcs with reduce capacity due to Intrinsic Fault: 7
	Arcs with Attacks: 0
	Arcs with Heavy Fault: 0
	Arcs with Intrinsic Fault: 0
--------- SOURCES STATISTICS ---------------
Demand del real Source[0]: -31.0, flusso erogato: 15.440000000000001, flusso entrante: 0.0, efficienza: 49.80645161290323 %
Demand del real Source[8]: -10.5, flusso erogato: 3.8600000000000003, flusso entrante: 0.0, efficienza: 36.76190476190476 %
Demand del real Source[9]: -7.1, flusso erogato: 21.54, flusso entrante: 14.440000000000001, efficienza: 303.38028169014086 %
Demand del real Source[17]: -25.0, flusso erogato: 0.0, flusso entrante: 0.0, efficienza: 0.0 %
Flusso totale entrante nei Real Source: 14.440000000000001
Flusso totale uscente dai Real Source: 40.84
Flusso netto sui real Source: -26.400000000000002
--- SINKS STATISTICS ---
Sink 3 SODDISFATTO. Flusso netto: 3.43, Demand: 3.43, percentage: 100.0
Sink 4 SODDISFATTO. Flusso netto: 0.5700000000000003, Demand: 0.57, percentage: 100.00000000000007
Sink 5 SODDISFATTO. Flusso netto: 0.6600000000000001, Demand: 0.66, percentage: 100.00000000000003
Sink 11 SODDISFATTO. Flusso netto: 1.03, Demand: 1.03, percentage: 100.0
Sink 15 SODDISFATTO. Flusso netto: 0.45999999999999996, Demand: 0.46, percentage: 99.99999999999999
Sink 16 non è soddisfatto. Flusso netto: 2.83, Demand: 8.4, percentage: 33.69047619047619
Sink 19 non è soddisfatto. Flusso netto: 0.0, Demand: 0.54, percentage: 0.0
Sink 23 non è soddisfatto. Flusso netto: 0.0, Demand: 0.6, percentage: 0.0
Sink 24 non è soddisfatto. Flusso netto: 0.0, Demand: 0.8, percentage: 0.0
Sink 25 non è soddisfatto. Flusso netto: 0.0, Demand: 3.5, percentage: 0.0
Sink 26 non è soddisfatto. Flusso netto: 0.0, Demand: 6.0, percentage: 0.0
Sink 28 non è soddisfatto. Flusso netto: 0.0, Demand: 0.4, percentage: 0.0
Sink 30 non è soddisfatto. Flusso netto: 0.0, Demand: 0.98, percentage: 0.0
Sink 31 non è soddisfatto. Flusso netto: 0.0, Demand: 0.4, percentage: 0.0
Sink 32 SODDISFATTO. Flusso netto: 1.0, Demand: 1.0, percentage: 100.0
Sink 34 SODDISFATTO. Flusso netto: 1.74, Demand: 1.74, percentage: 100.0
Sink 35 SODDISFATTO. Flusso netto: 1.3, Demand: 1.3, percentage: 100.0
Sink 37 SODDISFATTO. Flusso netto: 1.0, Demand: 1.0, percentage: 100.0
Sink 39 non è soddisfatto. Flusso netto: 0.0, Demand: 0.4, percentage: 0.0
Sink 40 non è soddisfatto. Flusso netto: 0.0, Demand: 0.5, percentage: 0.0
Sink 41 SODDISFATTO. Flusso netto: 1.0600000000000005, Demand: 1.06, percentage: 100.00000000000004
Sink 42 SODDISFATTO. Flusso netto: 2.8199999999999994, Demand: 2.82, percentage: 99.99999999999999
Sink 45 SODDISFATTO. Flusso netto: 0.68, Demand: 0.68, percentage: 100.0
Sink 46 SODDISFATTO. Flusso netto: 1.17, Demand: 1.17, percentage: 100.0
Sink 49 non è soddisfatto. Flusso netto: 6.6499999999999995, Demand: 7.0, percentage: 95.0
Flusso totale entrante nei SINK: 53.099999999999994
Flusso totale uscente nei SINK: 26.7
Flusso totale netto nei SINK: 26.399999999999995
Total DEMAND dei SINK: 46.44
Percentual di flusso ai SINK: 0.5684754521963824
Numero di Sink soddisfatti: 13.0, numero totale di sink: 25.0
Percentuale di Sink soddisfatti: 0.52

---------------------------------- DAY 115

Update Fixed Elements from Intrinsic Faults
Update Fixed Elements from Heavy Faults
Update Fixed Elements from Attack
Propagate Intrinsic Fault
Node NODO_19 has still failing due to Intrinsic Fault
pipeline ARCO_35 still has reduced capacity: 0.0 due to Intrinsic Fault
pipeline ARCO_109 still has reduced capacity: 0.0 due to Intrinsic Fault
pipeline ARCO_110 still has reduced capacity: 0.0 due to Intrinsic Fault
pipeline V_EDGE_53_17 still has reduced capacity: 0.0 due to Intrinsic Fault
pipeline ARCO_39 still has reduced capacity: 0.0 due to Intrinsic Fault
pipeline ARCO_40 still has reduced capacity: 0.0 due to Intrinsic Fault
pipeline ARCO_105 still has reduced capacity: 0.0 due to Intrinsic Fault
Propagate Heavy Faults
Propagate Attacks
Inject Intrinsic Failure To Source
Source NODO_10 is failing for an Intrinsic Fault in day: 115
pipeline ARCO_17 has reduced capacity due to NODO_10 Intrinsic fault
pipeline ARCO_88 has reduced capacity due to NODO_10 Intrinsic fault
pipeline ARCO_89 has reduced capacity due to NODO_10 Intrinsic fault
pipeline V_EDGE_53_8 has reduced capacity due to NODO_10 Intrinsic fault
pipeline ARCO_18 has reduced capacity due to NODO_10 Intrinsic fault
pipeline ARCO_19 has reduced capacity due to NODO_10 Intrinsic fault
pipeline ARCO_87 has reduced capacity due to NODO_10 Intrinsic fault
Inject Heavy Fault To Sources
Inject Attack Multiple To Source
Inject Intrinsic Fault To Pipeline
Inject Heavy Fault To Pipeline
Inject Attack To Pipeline
----------- Statistics ------------
	Sources Under Attack: 0
	Sources with Heavy Fault: 0
	Sources with Intrinsic Fault: 2
	Arcs with reduce capacity due to Attack: 0
	Arcs with reduce capacity due to Heavy Fault: 0
	Arcs with reduce capacity due to Intrinsic Fault: 14
	Arcs with Attacks: 0
	Arcs with Heavy Fault: 0
	Arcs with Intrinsic Fault: 0
--------- SOURCES STATISTICS ---------------
Demand del real Source[0]: -31.0, flusso erogato: 16.470000000000002, flusso entrante: 0.0, efficienza: 53.12903225806453 %
Demand del real Source[8]: -10.5, flusso erogato: 0.0, flusso entrante: 0.0, efficienza: 0.0 %
Demand del real Source[9]: -7.1, flusso erogato: 22.57, flusso entrante: 15.470000000000002, efficienza: 317.88732394366195 %
Demand del real Source[17]: -25.0, flusso erogato: 0.0, flusso entrante: 0.0, efficienza: 0.0 %
Flusso totale entrante nei Real Source: 15.470000000000002
Flusso totale uscente dai Real Source: 39.040000000000006
Flusso netto sui real Source: -23.570000000000004
--- SINKS STATISTICS ---
Sink 3 SODDISFATTO. Flusso netto: 3.43, Demand: 3.43, percentage: 100.0
Sink 4 SODDISFATTO. Flusso netto: 0.5700000000000003, Demand: 0.57, percentage: 100.00000000000007
Sink 5 SODDISFATTO. Flusso netto: 0.6599999999999997, Demand: 0.66, percentage: 99.99999999999994
Sink 11 SODDISFATTO. Flusso netto: 1.03, Demand: 1.03, percentage: 100.0
Sink 15 SODDISFATTO. Flusso netto: 0.45999999999999996, Demand: 0.46, percentage: 99.99999999999999
Sink 16 non è soddisfatto. Flusso netto: 2.83, Demand: 8.4, percentage: 33.69047619047619
Sink 19 non è soddisfatto. Flusso netto: 0.0, Demand: 0.54, percentage: 0.0
Sink 23 non è soddisfatto. Flusso netto: 0.0, Demand: 0.6, percentage: 0.0
Sink 24 non è soddisfatto. Flusso netto: 0.0, Demand: 0.8, percentage: 0.0
Sink 25 non è soddisfatto. Flusso netto: 0.0, Demand: 3.5, percentage: 0.0
Sink 26 non è soddisfatto. Flusso netto: 0.0, Demand: 6.0, percentage: 0.0
Sink 28 non è soddisfatto. Flusso netto: 0.0, Demand: 0.4, percentage: 0.0
Sink 30 non è soddisfatto. Flusso netto: 0.0, Demand: 0.98, percentage: 0.0
Sink 31 non è soddisfatto. Flusso netto: 0.0, Demand: 0.4, percentage: 0.0
Sink 32 SODDISFATTO. Flusso netto: 1.0000000000000009, Demand: 1.0, percentage: 100.00000000000009
Sink 34 SODDISFATTO. Flusso netto: 1.74, Demand: 1.74, percentage: 100.0
Sink 35 SODDISFATTO. Flusso netto: 1.3, Demand: 1.3, percentage: 100.0
Sink 37 SODDISFATTO. Flusso netto: 1.0, Demand: 1.0, percentage: 100.0
Sink 39 non è soddisfatto. Flusso netto: 0.0, Demand: 0.4, percentage: 0.0
Sink 40 non è soddisfatto. Flusso netto: 0.0, Demand: 0.5, percentage: 0.0
Sink 41 SODDISFATTO. Flusso netto: 1.0600000000000005, Demand: 1.06, percentage: 100.00000000000004
Sink 42 SODDISFATTO. Flusso netto: 2.8199999999999994, Demand: 2.82, percentage: 99.99999999999999
Sink 45 SODDISFATTO. Flusso netto: 0.68, Demand: 0.68, percentage: 100.0
Sink 46 SODDISFATTO. Flusso netto: 1.17, Demand: 1.17, percentage: 100.0
Sink 49 non è soddisfatto. Flusso netto: 3.82, Demand: 7.0, percentage: 54.57142857142857
Flusso totale entrante nei SINK: 50.23
Flusso totale uscente nei SINK: 26.66
Flusso totale netto nei SINK: 23.569999999999997
Total DEMAND dei SINK: 46.44
Percentual di flusso ai SINK: 0.5075366063738156
Numero di Sink soddisfatti: 13.0, numero totale di sink: 25.0
Percentuale di Sink soddisfatti: 0.52

---------------------------------- DAY 116

Update Fixed Elements from Intrinsic Faults
Source NODO_19 fixed from Intrinsic Fault
Pipeline ARCO_35 fixed due to Source NODO_19 fixing from Intrinsic Fault
Pipeline ARCO_109 fixed due to Source NODO_19 fixing from Intrinsic Fault
Pipeline ARCO_110 fixed due to Source NODO_19 fixing from Intrinsic Fault
Pipeline V_EDGE_53_17 fixed due to Source NODO_19 fixing from Intrinsic Fault
Pipeline ARCO_39 fixed due to Source NODO_19 fixing from Intrinsic Fault
Pipeline ARCO_40 fixed due to Source NODO_19 fixing from Intrinsic Fault
Pipeline ARCO_105 fixed due to Source NODO_19 fixing from Intrinsic Fault
Update Fixed Elements from Heavy Faults
Update Fixed Elements from Attack
Propagate Intrinsic Fault
Node NODO_10 has still failing due to Intrinsic Fault
pipeline ARCO_17 still has reduced capacity: 0.0 due to Intrinsic Fault
pipeline ARCO_88 still has reduced capacity: 0.0 due to Intrinsic Fault
pipeline ARCO_89 still has reduced capacity: 0.0 due to Intrinsic Fault
pipeline V_EDGE_53_8 still has reduced capacity: 0.0 due to Intrinsic Fault
pipeline ARCO_18 still has reduced capacity: 0.0 due to Intrinsic Fault
pipeline ARCO_19 still has reduced capacity: 0.0 due to Intrinsic Fault
pipeline ARCO_87 still has reduced capacity: 0.0 due to Intrinsic Fault
Propagate Heavy Faults
Propagate Attacks
Inject Intrinsic Failure To Source
Inject Heavy Fault To Sources
Inject Attack Multiple To Source
Inject Intrinsic Fault To Pipeline
Inject Heavy Fault To Pipeline
Inject Attack To Pipeline
----------- Statistics ------------
	Sources Under Attack: 0
	Sources with Heavy Fault: 0
	Sources with Intrinsic Fault: 1
	Arcs with reduce capacity due to Attack: 0
	Arcs with reduce capacity due to Heavy Fault: 0
	Arcs with reduce capacity due to Intrinsic Fault: 7
	Arcs with Attacks: 0
	Arcs with Heavy Fault: 0
	Arcs with Intrinsic Fault: 0
--------- SOURCES STATISTICS ---------------
Demand del real Source[0]: -31.0, flusso erogato: 11.159999999999998, flusso entrante: 0.0, efficienza: 35.99999999999999 %
Demand del real Source[8]: -10.5, flusso erogato: 0.0, flusso entrante: 0.0, efficienza: 0.0 %
Demand del real Source[9]: -7.1, flusso erogato: 17.259999999999998, flusso entrante: 10.159999999999998, efficienza: 243.09859154929575 %
Demand del real Source[17]: -25.0, flusso erogato: 25.000000000000007, flusso entrante: 0.0, efficienza: 100.00000000000003 %
Flusso totale entrante nei Real Source: 10.159999999999998
Flusso totale uscente dai Real Source: 53.42
Flusso netto sui real Source: -43.260000000000005
--- SINKS STATISTICS ---
Sink 3 SODDISFATTO. Flusso netto: 3.43, Demand: 3.43, percentage: 100.0
Sink 4 SODDISFATTO. Flusso netto: 0.5700000000000003, Demand: 0.57, percentage: 100.00000000000007
Sink 5 SODDISFATTO. Flusso netto: 0.6599999999999997, Demand: 0.66, percentage: 99.99999999999994
Sink 11 SODDISFATTO. Flusso netto: 1.03, Demand: 1.03, percentage: 100.0
Sink 15 SODDISFATTO. Flusso netto: 0.46, Demand: 0.46, percentage: 100.0
Sink 16 SODDISFATTO. Flusso netto: 8.400000000000002, Demand: 8.4, percentage: 100.00000000000003
Sink 19 SODDISFATTO. Flusso netto: 0.5399999999999991, Demand: 0.54, percentage: 99.99999999999983
Sink 23 SODDISFATTO. Flusso netto: 0.5999999999999999, Demand: 0.6, percentage: 99.99999999999997
Sink 24 SODDISFATTO. Flusso netto: 0.8, Demand: 0.8, percentage: 100.0
Sink 25 SODDISFATTO. Flusso netto: 3.5, Demand: 3.5, percentage: 100.0
Sink 26 SODDISFATTO. Flusso netto: 6.000000000000002, Demand: 6.0, percentage: 100.00000000000003
Sink 28 SODDISFATTO. Flusso netto: 0.4, Demand: 0.4, percentage: 100.0
Sink 30 SODDISFATTO. Flusso netto: 0.9799999999999986, Demand: 0.98, percentage: 99.99999999999987
Sink 31 SODDISFATTO. Flusso netto: 0.4, Demand: 0.4, percentage: 100.0
Sink 32 SODDISFATTO. Flusso netto: 0.9999999999999996, Demand: 1.0, percentage: 99.99999999999996
Sink 34 SODDISFATTO. Flusso netto: 1.74, Demand: 1.74, percentage: 100.0
Sink 35 SODDISFATTO. Flusso netto: 1.3, Demand: 1.3, percentage: 100.0
Sink 37 SODDISFATTO. Flusso netto: 1.0, Demand: 1.0, percentage: 100.0
Sink 39 SODDISFATTO. Flusso netto: 0.4, Demand: 0.4, percentage: 100.0
Sink 40 SODDISFATTO. Flusso netto: 0.5, Demand: 0.5, percentage: 100.0
Sink 41 SODDISFATTO. Flusso netto: 1.06, Demand: 1.06, percentage: 100.0
Sink 42 SODDISFATTO. Flusso netto: 2.8199999999999994, Demand: 2.82, percentage: 99.99999999999999
Sink 45 SODDISFATTO. Flusso netto: 0.68, Demand: 0.68, percentage: 100.0
Sink 46 SODDISFATTO. Flusso netto: 1.17, Demand: 1.17, percentage: 100.0
Sink 49 non è soddisfatto. Flusso netto: 3.82, Demand: 7.0, percentage: 54.57142857142857
Flusso totale entrante nei SINK: 89.12
Flusso totale uscente nei SINK: 45.86000000000001
Flusso totale netto nei SINK: 43.26
Total DEMAND dei SINK: 46.44
Percentual di flusso ai SINK: 0.9315245478036176
Numero di Sink soddisfatti: 24.0, numero totale di sink: 25.0
Percentuale di Sink soddisfatti: 0.96

---------------------------------- DAY 117

Update Fixed Elements from Intrinsic Faults
Update Fixed Elements from Heavy Faults
Update Fixed Elements from Attack
Propagate Intrinsic Fault
Node NODO_10 has still failing due to Intrinsic Fault
pipeline ARCO_17 still has reduced capacity: 0.0 due to Intrinsic Fault
pipeline ARCO_88 still has reduced capacity: 0.0 due to Intrinsic Fault
pipeline ARCO_89 still has reduced capacity: 0.0 due to Intrinsic Fault
pipeline V_EDGE_53_8 still has reduced capacity: 0.0 due to Intrinsic Fault
pipeline ARCO_18 still has reduced capacity: 0.0 due to Intrinsic Fault
pipeline ARCO_19 still has reduced capacity: 0.0 due to Intrinsic Fault
pipeline ARCO_87 still has reduced capacity: 0.0 due to Intrinsic Fault
Propagate Heavy Faults
Propagate Attacks
Inject Intrinsic Failure To Source
Inject Heavy Fault To Sources
Inject Attack Multiple To Source
Inject Intrinsic Fault To Pipeline
Inject Heavy Fault To Pipeline
Inject Attack To Pipeline
----------- Statistics ------------
	Sources Under Attack: 0
	Sources with Heavy Fault: 0
	Sources with Intrinsic Fault: 1
	Arcs with reduce capacity due to Attack: 0
	Arcs with reduce capacity due to Heavy Fault: 0
	Arcs with reduce capacity due to Intrinsic Fault: 7
	Arcs with Attacks: 0
	Arcs with Heavy Fault: 0
	Arcs with Intrinsic Fault: 0
--------- SOURCES STATISTICS ---------------
Demand del real Source[0]: -31.0, flusso erogato: 11.159999999999998, flusso entrante: 0.0, efficienza: 35.99999999999999 %
Demand del real Source[8]: -10.5, flusso erogato: 0.0, flusso entrante: 0.0, efficienza: 0.0 %
Demand del real Source[9]: -7.1, flusso erogato: 17.259999999999998, flusso entrante: 10.159999999999998, efficienza: 243.09859154929575 %
Demand del real Source[17]: -25.0, flusso erogato: 25.000000000000007, flusso entrante: 0.0, efficienza: 100.00000000000003 %
Flusso totale entrante nei Real Source: 10.159999999999998
Flusso totale uscente dai Real Source: 53.42
Flusso netto sui real Source: -43.260000000000005
--- SINKS STATISTICS ---
Sink 3 SODDISFATTO. Flusso netto: 3.43, Demand: 3.43, percentage: 100.0
Sink 4 SODDISFATTO. Flusso netto: 0.5700000000000003, Demand: 0.57, percentage: 100.00000000000007
Sink 5 SODDISFATTO. Flusso netto: 0.6599999999999997, Demand: 0.66, percentage: 99.99999999999994
Sink 11 SODDISFATTO. Flusso netto: 1.03, Demand: 1.03, percentage: 100.0
Sink 15 SODDISFATTO. Flusso netto: 0.46, Demand: 0.46, percentage: 100.0
Sink 16 SODDISFATTO. Flusso netto: 8.400000000000002, Demand: 8.4, percentage: 100.00000000000003
Sink 19 SODDISFATTO. Flusso netto: 0.5399999999999991, Demand: 0.54, percentage: 99.99999999999983
Sink 23 SODDISFATTO. Flusso netto: 0.5999999999999999, Demand: 0.6, percentage: 99.99999999999997
Sink 24 SODDISFATTO. Flusso netto: 0.8, Demand: 0.8, percentage: 100.0
Sink 25 SODDISFATTO. Flusso netto: 3.5, Demand: 3.5, percentage: 100.0
Sink 26 SODDISFATTO. Flusso netto: 6.000000000000002, Demand: 6.0, percentage: 100.00000000000003
Sink 28 SODDISFATTO. Flusso netto: 0.4, Demand: 0.4, percentage: 100.0
Sink 30 SODDISFATTO. Flusso netto: 0.9799999999999986, Demand: 0.98, percentage: 99.99999999999987
Sink 31 SODDISFATTO. Flusso netto: 0.4, Demand: 0.4, percentage: 100.0
Sink 32 SODDISFATTO. Flusso netto: 0.9999999999999996, Demand: 1.0, percentage: 99.99999999999996
Sink 34 SODDISFATTO. Flusso netto: 1.74, Demand: 1.74, percentage: 100.0
Sink 35 SODDISFATTO. Flusso netto: 1.3, Demand: 1.3, percentage: 100.0
Sink 37 SODDISFATTO. Flusso netto: 1.0, Demand: 1.0, percentage: 100.0
Sink 39 SODDISFATTO. Flusso netto: 0.4, Demand: 0.4, percentage: 100.0
Sink 40 SODDISFATTO. Flusso netto: 0.5, Demand: 0.5, percentage: 100.0
Sink 41 SODDISFATTO. Flusso netto: 1.06, Demand: 1.06, percentage: 100.0
Sink 42 SODDISFATTO. Flusso netto: 2.8199999999999994, Demand: 2.82, percentage: 99.99999999999999
Sink 45 SODDISFATTO. Flusso netto: 0.68, Demand: 0.68, percentage: 100.0
Sink 46 SODDISFATTO. Flusso netto: 1.17, Demand: 1.17, percentage: 100.0
Sink 49 non è soddisfatto. Flusso netto: 3.82, Demand: 7.0, percentage: 54.57142857142857
Flusso totale entrante nei SINK: 89.12
Flusso totale uscente nei SINK: 45.86000000000001
Flusso totale netto nei SINK: 43.26
Total DEMAND dei SINK: 46.44
Percentual di flusso ai SINK: 0.9315245478036176
Numero di Sink soddisfatti: 24.0, numero totale di sink: 25.0
Percentuale di Sink soddisfatti: 0.96

---------------------------------- DAY 118

Update Fixed Elements from Intrinsic Faults
Update Fixed Elements from Heavy Faults
Update Fixed Elements from Attack
Propagate Intrinsic Fault
Node NODO_10 has still failing due to Intrinsic Fault
pipeline ARCO_17 still has reduced capacity: 0.0 due to Intrinsic Fault
pipeline ARCO_88 still has reduced capacity: 0.0 due to Intrinsic Fault
pipeline ARCO_89 still has reduced capacity: 0.0 due to Intrinsic Fault
pipeline V_EDGE_53_8 still has reduced capacity: 0.0 due to Intrinsic Fault
pipeline ARCO_18 still has reduced capacity: 0.0 due to Intrinsic Fault
pipeline ARCO_19 still has reduced capacity: 0.0 due to Intrinsic Fault
pipeline ARCO_87 still has reduced capacity: 0.0 due to Intrinsic Fault
Propagate Heavy Faults
Propagate Attacks
Inject Intrinsic Failure To Source
Inject Heavy Fault To Sources
Inject Attack Multiple To Source
Inject Intrinsic Fault To Pipeline
Inject Heavy Fault To Pipeline
Inject Attack To Pipeline
----------- Statistics ------------
	Sources Under Attack: 0
	Sources with Heavy Fault: 0
	Sources with Intrinsic Fault: 1
	Arcs with reduce capacity due to Attack: 0
	Arcs with reduce capacity due to Heavy Fault: 0
	Arcs with reduce capacity due to Intrinsic Fault: 7
	Arcs with Attacks: 0
	Arcs with Heavy Fault: 0
	Arcs with Intrinsic Fault: 0
--------- SOURCES STATISTICS ---------------
Demand del real Source[0]: -31.0, flusso erogato: 11.159999999999998, flusso entrante: 0.0, efficienza: 35.99999999999999 %
Demand del real Source[8]: -10.5, flusso erogato: 0.0, flusso entrante: 0.0, efficienza: 0.0 %
Demand del real Source[9]: -7.1, flusso erogato: 17.259999999999998, flusso entrante: 10.159999999999998, efficienza: 243.09859154929575 %
Demand del real Source[17]: -25.0, flusso erogato: 25.000000000000007, flusso entrante: 0.0, efficienza: 100.00000000000003 %
Flusso totale entrante nei Real Source: 10.159999999999998
Flusso totale uscente dai Real Source: 53.42
Flusso netto sui real Source: -43.260000000000005
--- SINKS STATISTICS ---
Sink 3 SODDISFATTO. Flusso netto: 3.43, Demand: 3.43, percentage: 100.0
Sink 4 SODDISFATTO. Flusso netto: 0.5700000000000003, Demand: 0.57, percentage: 100.00000000000007
Sink 5 SODDISFATTO. Flusso netto: 0.6599999999999997, Demand: 0.66, percentage: 99.99999999999994
Sink 11 SODDISFATTO. Flusso netto: 1.03, Demand: 1.03, percentage: 100.0
Sink 15 SODDISFATTO. Flusso netto: 0.46, Demand: 0.46, percentage: 100.0
Sink 16 SODDISFATTO. Flusso netto: 8.400000000000002, Demand: 8.4, percentage: 100.00000000000003
Sink 19 SODDISFATTO. Flusso netto: 0.5399999999999991, Demand: 0.54, percentage: 99.99999999999983
Sink 23 SODDISFATTO. Flusso netto: 0.5999999999999999, Demand: 0.6, percentage: 99.99999999999997
Sink 24 SODDISFATTO. Flusso netto: 0.8, Demand: 0.8, percentage: 100.0
Sink 25 SODDISFATTO. Flusso netto: 3.5, Demand: 3.5, percentage: 100.0
Sink 26 SODDISFATTO. Flusso netto: 6.000000000000002, Demand: 6.0, percentage: 100.00000000000003
Sink 28 SODDISFATTO. Flusso netto: 0.4, Demand: 0.4, percentage: 100.0
Sink 30 SODDISFATTO. Flusso netto: 0.9799999999999986, Demand: 0.98, percentage: 99.99999999999987
Sink 31 SODDISFATTO. Flusso netto: 0.4, Demand: 0.4, percentage: 100.0
Sink 32 SODDISFATTO. Flusso netto: 0.9999999999999996, Demand: 1.0, percentage: 99.99999999999996
Sink 34 SODDISFATTO. Flusso netto: 1.74, Demand: 1.74, percentage: 100.0
Sink 35 SODDISFATTO. Flusso netto: 1.3, Demand: 1.3, percentage: 100.0
Sink 37 SODDISFATTO. Flusso netto: 1.0, Demand: 1.0, percentage: 100.0
Sink 39 SODDISFATTO. Flusso netto: 0.4, Demand: 0.4, percentage: 100.0
Sink 40 SODDISFATTO. Flusso netto: 0.5, Demand: 0.5, percentage: 100.0
Sink 41 SODDISFATTO. Flusso netto: 1.06, Demand: 1.06, percentage: 100.0
Sink 42 SODDISFATTO. Flusso netto: 2.8199999999999994, Demand: 2.82, percentage: 99.99999999999999
Sink 45 SODDISFATTO. Flusso netto: 0.68, Demand: 0.68, percentage: 100.0
Sink 46 SODDISFATTO. Flusso netto: 1.17, Demand: 1.17, percentage: 100.0
Sink 49 non è soddisfatto. Flusso netto: 3.82, Demand: 7.0, percentage: 54.57142857142857
Flusso totale entrante nei SINK: 89.12
Flusso totale uscente nei SINK: 45.86000000000001
Flusso totale netto nei SINK: 43.26
Total DEMAND dei SINK: 46.44
Percentual di flusso ai SINK: 0.9315245478036176
Numero di Sink soddisfatti: 24.0, numero totale di sink: 25.0
Percentuale di Sink soddisfatti: 0.96

---------------------------------- DAY 119

Update Fixed Elements from Intrinsic Faults
Update Fixed Elements from Heavy Faults
Update Fixed Elements from Attack
Propagate Intrinsic Fault
Node NODO_10 has still failing due to Intrinsic Fault
pipeline ARCO_17 still has reduced capacity: 0.0 due to Intrinsic Fault
pipeline ARCO_88 still has reduced capacity: 0.0 due to Intrinsic Fault
pipeline ARCO_89 still has reduced capacity: 0.0 due to Intrinsic Fault
pipeline V_EDGE_53_8 still has reduced capacity: 0.0 due to Intrinsic Fault
pipeline ARCO_18 still has reduced capacity: 0.0 due to Intrinsic Fault
pipeline ARCO_19 still has reduced capacity: 0.0 due to Intrinsic Fault
pipeline ARCO_87 still has reduced capacity: 0.0 due to Intrinsic Fault
Propagate Heavy Faults
Propagate Attacks
Inject Intrinsic Failure To Source
Source NODO_11 is failing for an Intrinsic Fault in day: 119
pipeline ARCO_3 has reduced capacity due to NODO_11 Intrinsic fault
pipeline ARCO_90 has reduced capacity due to NODO_11 Intrinsic fault
pipeline ARCO_91 has reduced capacity due to NODO_11 Intrinsic fault
pipeline ARCO_92 has reduced capacity due to NODO_11 Intrinsic fault
pipeline V_EDGE_53_9 has reduced capacity due to NODO_11 Intrinsic fault
pipeline ARCO_20 has reduced capacity due to NODO_11 Intrinsic fault
pipeline ARCO_21 has reduced capacity due to NODO_11 Intrinsic fault
pipeline ARCO_22 has reduced capacity due to NODO_11 Intrinsic fault
pipeline ARCO_73 has reduced capacity due to NODO_11 Intrinsic fault
Inject Heavy Fault To Sources
Inject Attack Multiple To Source
Inject Intrinsic Fault To Pipeline
Inject Heavy Fault To Pipeline
Inject Attack To Pipeline
----------- Statistics ------------
	Sources Under Attack: 0
	Sources with Heavy Fault: 0
	Sources with Intrinsic Fault: 2
	Arcs with reduce capacity due to Attack: 0
	Arcs with reduce capacity due to Heavy Fault: 0
	Arcs with reduce capacity due to Intrinsic Fault: 16
	Arcs with Attacks: 0
	Arcs with Heavy Fault: 0
	Arcs with Intrinsic Fault: 0
--------- SOURCES STATISTICS ---------------
Demand del real Source[0]: -31.0, flusso erogato: 12.427999999999997, flusso entrante: 0.0, efficienza: 40.09032258064516 %
Demand del real Source[8]: -10.5, flusso erogato: 0.0, flusso entrante: 0.0, efficienza: 0.0 %
Demand del real Source[9]: -7.1, flusso erogato: 17.107999999999997, flusso entrante: 11.427999999999999, efficienza: 240.9577464788732 %
Demand del real Source[17]: -25.0, flusso erogato: 25.000000000000007, flusso entrante: 0.0, efficienza: 100.00000000000003 %
Flusso totale entrante nei Real Source: 11.427999999999999
Flusso totale uscente dai Real Source: 54.536
Flusso netto sui real Source: -43.108000000000004
--- SINKS STATISTICS ---
Sink 3 SODDISFATTO. Flusso netto: 3.43, Demand: 3.43, percentage: 100.0
Sink 4 SODDISFATTO. Flusso netto: 0.5700000000000003, Demand: 0.57, percentage: 100.00000000000007
Sink 5 SODDISFATTO. Flusso netto: 0.6599999999999997, Demand: 0.66, percentage: 99.99999999999994
Sink 11 SODDISFATTO. Flusso netto: 1.03, Demand: 1.03, percentage: 100.0
Sink 15 SODDISFATTO. Flusso netto: 0.46, Demand: 0.46, percentage: 100.0
Sink 16 SODDISFATTO. Flusso netto: 8.400000000000002, Demand: 8.4, percentage: 100.00000000000003
Sink 19 SODDISFATTO. Flusso netto: 0.5399999999999991, Demand: 0.54, percentage: 99.99999999999983
Sink 23 SODDISFATTO. Flusso netto: 0.5999999999999999, Demand: 0.6, percentage: 99.99999999999997
Sink 24 SODDISFATTO. Flusso netto: 0.8, Demand: 0.8, percentage: 100.0
Sink 25 SODDISFATTO. Flusso netto: 3.5, Demand: 3.5, percentage: 100.0
Sink 26 SODDISFATTO. Flusso netto: 6.000000000000002, Demand: 6.0, percentage: 100.00000000000003
Sink 28 SODDISFATTO. Flusso netto: 0.4, Demand: 0.4, percentage: 100.0
Sink 30 SODDISFATTO. Flusso netto: 0.9799999999999986, Demand: 0.98, percentage: 99.99999999999987
Sink 31 SODDISFATTO. Flusso netto: 0.4, Demand: 0.4, percentage: 100.0
Sink 32 SODDISFATTO. Flusso netto: 0.9999999999999996, Demand: 1.0, percentage: 99.99999999999996
Sink 34 SODDISFATTO. Flusso netto: 1.74, Demand: 1.74, percentage: 100.0
Sink 35 SODDISFATTO. Flusso netto: 1.3, Demand: 1.3, percentage: 100.0
Sink 37 SODDISFATTO. Flusso netto: 1.0, Demand: 1.0, percentage: 100.0
Sink 39 SODDISFATTO. Flusso netto: 0.4, Demand: 0.4, percentage: 100.0
Sink 40 SODDISFATTO. Flusso netto: 0.5, Demand: 0.5, percentage: 100.0
Sink 41 SODDISFATTO. Flusso netto: 1.0599999999999996, Demand: 1.06, percentage: 99.99999999999996
Sink 42 SODDISFATTO. Flusso netto: 2.8200000000000003, Demand: 2.82, percentage: 100.00000000000003
Sink 45 SODDISFATTO. Flusso netto: 0.68, Demand: 0.68, percentage: 100.0
Sink 46 SODDISFATTO. Flusso netto: 1.17, Demand: 1.17, percentage: 100.0
Sink 49 non è soddisfatto. Flusso netto: 3.6679999999999997, Demand: 7.0, percentage: 52.39999999999999
Flusso totale entrante nei SINK: 91.75200000000002
Flusso totale uscente nei SINK: 48.64399999999999
Flusso totale netto nei SINK: 43.10800000000003
Total DEMAND dei SINK: 46.44
Percentual di flusso ai SINK: 0.9282515073212755
Numero di Sink soddisfatti: 24.0, numero totale di sink: 25.0
Percentuale di Sink soddisfatti: 0.96

---------------------------------- DAY 120

Update Fixed Elements from Intrinsic Faults
Source NODO_10 fixed from Intrinsic Fault
Pipeline ARCO_17 fixed due to Source NODO_10 fixing from Intrinsic Fault
Pipeline ARCO_88 fixed due to Source NODO_10 fixing from Intrinsic Fault
Pipeline ARCO_89 fixed due to Source NODO_10 fixing from Intrinsic Fault
Pipeline V_EDGE_53_8 fixed due to Source NODO_10 fixing from Intrinsic Fault
Pipeline ARCO_18 fixed due to Source NODO_10 fixing from Intrinsic Fault
Pipeline ARCO_19 fixed due to Source NODO_10 fixing from Intrinsic Fault
Pipeline ARCO_87 fixed due to Source NODO_10 fixing from Intrinsic Fault
Update Fixed Elements from Heavy Faults
Update Fixed Elements from Attack
Propagate Intrinsic Fault
Node NODO_11 has still failing due to Intrinsic Fault
pipeline ARCO_3 still has reduced capacity: 9.688 due to Intrinsic Fault
pipeline ARCO_90 still has reduced capacity: 1.6 due to Intrinsic Fault
pipeline ARCO_91 still has reduced capacity: 9.688 due to Intrinsic Fault
pipeline ARCO_92 still has reduced capacity: 39.328 due to Intrinsic Fault
pipeline V_EDGE_53_9 still has reduced capacity: 5.68 due to Intrinsic Fault
pipeline ARCO_20 still has reduced capacity: 1.6 due to Intrinsic Fault
pipeline ARCO_21 still has reduced capacity: 9.688 due to Intrinsic Fault
pipeline ARCO_22 still has reduced capacity: 39.328 due to Intrinsic Fault
pipeline ARCO_73 still has reduced capacity: 9.688 due to Intrinsic Fault
Propagate Heavy Faults
Propagate Attacks
Inject Intrinsic Failure To Source
Inject Heavy Fault To Sources
Inject Attack Multiple To Source
Inject Intrinsic Fault To Pipeline
Inject Heavy Fault To Pipeline
Inject Attack To Pipeline
----------- Statistics ------------
	Sources Under Attack: 0
	Sources with Heavy Fault: 0
	Sources with Intrinsic Fault: 1
	Arcs with reduce capacity due to Attack: 0
	Arcs with reduce capacity due to Heavy Fault: 0
	Arcs with reduce capacity due to Intrinsic Fault: 9
	Arcs with Attacks: 0
	Arcs with Heavy Fault: 0
	Arcs with Intrinsic Fault: 0
--------- SOURCES STATISTICS ---------------
Demand del real Source[0]: -31.0, flusso erogato: 11.397999999999998, flusso entrante: 0.0, efficienza: 36.76774193548387 %
Demand del real Source[8]: -10.5, flusso erogato: 3.8600000000000003, flusso entrante: 0.0, efficienza: 36.76190476190476 %
Demand del real Source[9]: -7.1, flusso erogato: 16.077999999999996, flusso entrante: 10.397999999999998, efficienza: 226.45070422535207 %
Demand del real Source[17]: -25.0, flusso erogato: 25.000000000000007, flusso entrante: 0.0, efficienza: 100.00000000000003 %
Flusso totale entrante nei Real Source: 10.397999999999998
Flusso totale uscente dai Real Source: 56.336000000000006
Flusso netto sui real Source: -45.93800000000001
--- SINKS STATISTICS ---
Sink 3 SODDISFATTO. Flusso netto: 3.43, Demand: 3.43, percentage: 100.0
Sink 4 SODDISFATTO. Flusso netto: 0.5700000000000003, Demand: 0.57, percentage: 100.00000000000007
Sink 5 SODDISFATTO. Flusso netto: 0.6600000000000001, Demand: 0.66, percentage: 100.00000000000003
Sink 11 SODDISFATTO. Flusso netto: 1.03, Demand: 1.03, percentage: 100.0
Sink 15 SODDISFATTO. Flusso netto: 0.46, Demand: 0.46, percentage: 100.0
Sink 16 SODDISFATTO. Flusso netto: 8.400000000000002, Demand: 8.4, percentage: 100.00000000000003
Sink 19 SODDISFATTO. Flusso netto: 0.5399999999999991, Demand: 0.54, percentage: 99.99999999999983
Sink 23 SODDISFATTO. Flusso netto: 0.5999999999999999, Demand: 0.6, percentage: 99.99999999999997
Sink 24 SODDISFATTO. Flusso netto: 0.8, Demand: 0.8, percentage: 100.0
Sink 25 SODDISFATTO. Flusso netto: 3.5, Demand: 3.5, percentage: 100.0
Sink 26 SODDISFATTO. Flusso netto: 6.000000000000002, Demand: 6.0, percentage: 100.00000000000003
Sink 28 SODDISFATTO. Flusso netto: 0.4, Demand: 0.4, percentage: 100.0
Sink 30 SODDISFATTO. Flusso netto: 0.9799999999999986, Demand: 0.98, percentage: 99.99999999999987
Sink 31 SODDISFATTO. Flusso netto: 0.4, Demand: 0.4, percentage: 100.0
Sink 32 SODDISFATTO. Flusso netto: 0.9999999999999996, Demand: 1.0, percentage: 99.99999999999996
Sink 34 SODDISFATTO. Flusso netto: 1.74, Demand: 1.74, percentage: 100.0
Sink 35 SODDISFATTO. Flusso netto: 1.3, Demand: 1.3, percentage: 100.0
Sink 37 SODDISFATTO. Flusso netto: 1.0, Demand: 1.0, percentage: 100.0
Sink 39 SODDISFATTO. Flusso netto: 0.4, Demand: 0.4, percentage: 100.0
Sink 40 SODDISFATTO. Flusso netto: 0.5, Demand: 0.5, percentage: 100.0
Sink 41 SODDISFATTO. Flusso netto: 1.0599999999999996, Demand: 1.06, percentage: 99.99999999999996
Sink 42 SODDISFATTO. Flusso netto: 2.8200000000000003, Demand: 2.82, percentage: 100.00000000000003
Sink 45 SODDISFATTO. Flusso netto: 0.68, Demand: 0.68, percentage: 100.0
Sink 46 SODDISFATTO. Flusso netto: 1.17, Demand: 1.17, percentage: 100.0
Sink 49 non è soddisfatto. Flusso netto: 6.497999999999999, Demand: 7.0, percentage: 92.82857142857142
Flusso totale entrante nei SINK: 95.24200000000002
Flusso totale uscente nei SINK: 49.304
Flusso totale netto nei SINK: 45.93800000000002
Total DEMAND dei SINK: 46.44
Percentual di flusso ai SINK: 0.989190353143842
Numero di Sink soddisfatti: 24.0, numero totale di sink: 25.0
Percentuale di Sink soddisfatti: 0.96

---------------------------------- DAY 121

Update Fixed Elements from Intrinsic Faults
Update Fixed Elements from Heavy Faults
Update Fixed Elements from Attack
Propagate Intrinsic Fault
Node NODO_11 has still failing due to Intrinsic Fault
pipeline ARCO_3 still has reduced capacity: 9.688 due to Intrinsic Fault
pipeline ARCO_90 still has reduced capacity: 1.6 due to Intrinsic Fault
pipeline ARCO_91 still has reduced capacity: 9.688 due to Intrinsic Fault
pipeline ARCO_92 still has reduced capacity: 39.328 due to Intrinsic Fault
pipeline V_EDGE_53_9 still has reduced capacity: 5.68 due to Intrinsic Fault
pipeline ARCO_20 still has reduced capacity: 1.6 due to Intrinsic Fault
pipeline ARCO_21 still has reduced capacity: 9.688 due to Intrinsic Fault
pipeline ARCO_22 still has reduced capacity: 39.328 due to Intrinsic Fault
pipeline ARCO_73 still has reduced capacity: 9.688 due to Intrinsic Fault
Propagate Heavy Faults
Propagate Attacks
Inject Intrinsic Failure To Source
Inject Heavy Fault To Sources
Inject Attack Multiple To Source
Inject Intrinsic Fault To Pipeline
Inject Heavy Fault To Pipeline
Inject Attack To Pipeline
----------- Statistics ------------
	Sources Under Attack: 0
	Sources with Heavy Fault: 0
	Sources with Intrinsic Fault: 1
	Arcs with reduce capacity due to Attack: 0
	Arcs with reduce capacity due to Heavy Fault: 0
	Arcs with reduce capacity due to Intrinsic Fault: 9
	Arcs with Attacks: 0
	Arcs with Heavy Fault: 0
	Arcs with Intrinsic Fault: 0
--------- SOURCES STATISTICS ---------------
Demand del real Source[0]: -31.0, flusso erogato: 11.397999999999998, flusso entrante: 0.0, efficienza: 36.76774193548387 %
Demand del real Source[8]: -10.5, flusso erogato: 3.8600000000000003, flusso entrante: 0.0, efficienza: 36.76190476190476 %
Demand del real Source[9]: -7.1, flusso erogato: 16.077999999999996, flusso entrante: 10.397999999999998, efficienza: 226.45070422535207 %
Demand del real Source[17]: -25.0, flusso erogato: 25.000000000000007, flusso entrante: 0.0, efficienza: 100.00000000000003 %
Flusso totale entrante nei Real Source: 10.397999999999998
Flusso totale uscente dai Real Source: 56.336000000000006
Flusso netto sui real Source: -45.93800000000001
--- SINKS STATISTICS ---
Sink 3 SODDISFATTO. Flusso netto: 3.43, Demand: 3.43, percentage: 100.0
Sink 4 SODDISFATTO. Flusso netto: 0.5700000000000003, Demand: 0.57, percentage: 100.00000000000007
Sink 5 SODDISFATTO. Flusso netto: 0.6600000000000001, Demand: 0.66, percentage: 100.00000000000003
Sink 11 SODDISFATTO. Flusso netto: 1.03, Demand: 1.03, percentage: 100.0
Sink 15 SODDISFATTO. Flusso netto: 0.46, Demand: 0.46, percentage: 100.0
Sink 16 SODDISFATTO. Flusso netto: 8.400000000000002, Demand: 8.4, percentage: 100.00000000000003
Sink 19 SODDISFATTO. Flusso netto: 0.5399999999999991, Demand: 0.54, percentage: 99.99999999999983
Sink 23 SODDISFATTO. Flusso netto: 0.5999999999999999, Demand: 0.6, percentage: 99.99999999999997
Sink 24 SODDISFATTO. Flusso netto: 0.8, Demand: 0.8, percentage: 100.0
Sink 25 SODDISFATTO. Flusso netto: 3.5, Demand: 3.5, percentage: 100.0
Sink 26 SODDISFATTO. Flusso netto: 6.000000000000002, Demand: 6.0, percentage: 100.00000000000003
Sink 28 SODDISFATTO. Flusso netto: 0.4, Demand: 0.4, percentage: 100.0
Sink 30 SODDISFATTO. Flusso netto: 0.9799999999999986, Demand: 0.98, percentage: 99.99999999999987
Sink 31 SODDISFATTO. Flusso netto: 0.4, Demand: 0.4, percentage: 100.0
Sink 32 SODDISFATTO. Flusso netto: 0.9999999999999996, Demand: 1.0, percentage: 99.99999999999996
Sink 34 SODDISFATTO. Flusso netto: 1.74, Demand: 1.74, percentage: 100.0
Sink 35 SODDISFATTO. Flusso netto: 1.3, Demand: 1.3, percentage: 100.0
Sink 37 SODDISFATTO. Flusso netto: 1.0, Demand: 1.0, percentage: 100.0
Sink 39 SODDISFATTO. Flusso netto: 0.4, Demand: 0.4, percentage: 100.0
Sink 40 SODDISFATTO. Flusso netto: 0.5, Demand: 0.5, percentage: 100.0
Sink 41 SODDISFATTO. Flusso netto: 1.0599999999999996, Demand: 1.06, percentage: 99.99999999999996
Sink 42 SODDISFATTO. Flusso netto: 2.8200000000000003, Demand: 2.82, percentage: 100.00000000000003
Sink 45 SODDISFATTO. Flusso netto: 0.68, Demand: 0.68, percentage: 100.0
Sink 46 SODDISFATTO. Flusso netto: 1.17, Demand: 1.17, percentage: 100.0
Sink 49 non è soddisfatto. Flusso netto: 6.497999999999999, Demand: 7.0, percentage: 92.82857142857142
Flusso totale entrante nei SINK: 95.24200000000002
Flusso totale uscente nei SINK: 49.304
Flusso totale netto nei SINK: 45.93800000000002
Total DEMAND dei SINK: 46.44
Percentual di flusso ai SINK: 0.989190353143842
Numero di Sink soddisfatti: 24.0, numero totale di sink: 25.0
Percentuale di Sink soddisfatti: 0.96

---------------------------------- DAY 122

Update Fixed Elements from Intrinsic Faults
Source NODO_11 fixed from Intrinsic Fault
Pipeline ARCO_3 fixed due to Source NODO_11 fixing from Intrinsic Fault
Pipeline ARCO_90 fixed due to Source NODO_11 fixing from Intrinsic Fault
Pipeline ARCO_91 fixed due to Source NODO_11 fixing from Intrinsic Fault
Pipeline ARCO_92 fixed due to Source NODO_11 fixing from Intrinsic Fault
Pipeline V_EDGE_53_9 fixed due to Source NODO_11 fixing from Intrinsic Fault
Pipeline ARCO_20 fixed due to Source NODO_11 fixing from Intrinsic Fault
Pipeline ARCO_21 fixed due to Source NODO_11 fixing from Intrinsic Fault
Pipeline ARCO_22 fixed due to Source NODO_11 fixing from Intrinsic Fault
Pipeline ARCO_73 fixed due to Source NODO_11 fixing from Intrinsic Fault
Update Fixed Elements from Heavy Faults
Update Fixed Elements from Attack
Propagate Intrinsic Fault
Propagate Heavy Faults
Propagate Attacks
Inject Intrinsic Failure To Source
Inject Heavy Fault To Sources
Inject Attack Multiple To Source
Inject Intrinsic Fault To Pipeline
Inject Heavy Fault To Pipeline
Inject Attack To Pipeline
----------- Statistics ------------
	Sources Under Attack: 0
	Sources with Heavy Fault: 0
	Sources with Intrinsic Fault: 0
	Arcs with reduce capacity due to Attack: 0
	Arcs with reduce capacity due to Heavy Fault: 0
	Arcs with reduce capacity due to Intrinsic Fault: 0
	Arcs with Attacks: 0
	Arcs with Heavy Fault: 0
	Arcs with Intrinsic Fault: 0
--------- SOURCES STATISTICS ---------------
Demand del real Source[0]: -31.0, flusso erogato: 10.129999999999997, flusso entrante: 0.0, efficienza: 32.6774193548387 %
Demand del real Source[8]: -10.5, flusso erogato: 3.8600000000000003, flusso entrante: 0.0, efficienza: 36.76190476190476 %
Demand del real Source[9]: -7.1, flusso erogato: 16.229999999999997, flusso entrante: 9.129999999999997, efficienza: 228.59154929577463 %
Demand del real Source[17]: -25.0, flusso erogato: 25.000000000000007, flusso entrante: 0.0, efficienza: 100.00000000000003 %
Flusso totale entrante nei Real Source: 9.129999999999997
Flusso totale uscente dai Real Source: 55.220000000000006
Flusso netto sui real Source: -46.09000000000001
--- SINKS STATISTICS ---
Sink 3 SODDISFATTO. Flusso netto: 3.43, Demand: 3.43, percentage: 100.0
Sink 4 SODDISFATTO. Flusso netto: 0.5700000000000003, Demand: 0.57, percentage: 100.00000000000007
Sink 5 SODDISFATTO. Flusso netto: 0.6600000000000001, Demand: 0.66, percentage: 100.00000000000003
Sink 11 SODDISFATTO. Flusso netto: 1.03, Demand: 1.03, percentage: 100.0
Sink 15 SODDISFATTO. Flusso netto: 0.46, Demand: 0.46, percentage: 100.0
Sink 16 SODDISFATTO. Flusso netto: 8.400000000000002, Demand: 8.4, percentage: 100.00000000000003
Sink 19 SODDISFATTO. Flusso netto: 0.5399999999999991, Demand: 0.54, percentage: 99.99999999999983
Sink 23 SODDISFATTO. Flusso netto: 0.5999999999999999, Demand: 0.6, percentage: 99.99999999999997
Sink 24 SODDISFATTO. Flusso netto: 0.8, Demand: 0.8, percentage: 100.0
Sink 25 SODDISFATTO. Flusso netto: 3.5, Demand: 3.5, percentage: 100.0
Sink 26 SODDISFATTO. Flusso netto: 6.000000000000002, Demand: 6.0, percentage: 100.00000000000003
Sink 28 SODDISFATTO. Flusso netto: 0.4, Demand: 0.4, percentage: 100.0
Sink 30 SODDISFATTO. Flusso netto: 0.9799999999999986, Demand: 0.98, percentage: 99.99999999999987
Sink 31 SODDISFATTO. Flusso netto: 0.4, Demand: 0.4, percentage: 100.0
Sink 32 SODDISFATTO. Flusso netto: 0.9999999999999996, Demand: 1.0, percentage: 99.99999999999996
Sink 34 SODDISFATTO. Flusso netto: 1.74, Demand: 1.74, percentage: 100.0
Sink 35 SODDISFATTO. Flusso netto: 1.3, Demand: 1.3, percentage: 100.0
Sink 37 SODDISFATTO. Flusso netto: 1.0, Demand: 1.0, percentage: 100.0
Sink 39 SODDISFATTO. Flusso netto: 0.4, Demand: 0.4, percentage: 100.0
Sink 40 SODDISFATTO. Flusso netto: 0.5, Demand: 0.5, percentage: 100.0
Sink 41 SODDISFATTO. Flusso netto: 1.06, Demand: 1.06, percentage: 100.0
Sink 42 SODDISFATTO. Flusso netto: 2.8199999999999994, Demand: 2.82, percentage: 99.99999999999999
Sink 45 SODDISFATTO. Flusso netto: 0.68, Demand: 0.68, percentage: 100.0
Sink 46 SODDISFATTO. Flusso netto: 1.17, Demand: 1.17, percentage: 100.0
Sink 49 non è soddisfatto. Flusso netto: 6.6499999999999995, Demand: 7.0, percentage: 95.0
Flusso totale entrante nei SINK: 92.61000000000001
Flusso totale uscente nei SINK: 46.52
Flusso totale netto nei SINK: 46.09000000000001
Total DEMAND dei SINK: 46.44
Percentual di flusso ai SINK: 0.9924633936261846
Numero di Sink soddisfatti: 24.0, numero totale di sink: 25.0
Percentuale di Sink soddisfatti: 0.96

---------------------------------- DAY 123

Update Fixed Elements from Intrinsic Faults
Update Fixed Elements from Heavy Faults
Update Fixed Elements from Attack
Propagate Intrinsic Fault
Propagate Heavy Faults
Propagate Attacks
Inject Intrinsic Failure To Source
Source NODO_2 is failing for an Intrinsic Fault in day: 123
pipeline ARCO_70 has reduced capacity due to NODO_2 Intrinsic fault
pipeline V_EDGE_53_0 has reduced capacity due to NODO_2 Intrinsic fault
pipeline ARCO_0 has reduced capacity due to NODO_2 Intrinsic fault
Source NODO_10 is failing for an Intrinsic Fault in day: 123
pipeline ARCO_17 has reduced capacity due to NODO_10 Intrinsic fault
pipeline ARCO_88 has reduced capacity due to NODO_10 Intrinsic fault
pipeline ARCO_89 has reduced capacity due to NODO_10 Intrinsic fault
pipeline V_EDGE_53_8 has reduced capacity due to NODO_10 Intrinsic fault
pipeline ARCO_18 has reduced capacity due to NODO_10 Intrinsic fault
pipeline ARCO_19 has reduced capacity due to NODO_10 Intrinsic fault
pipeline ARCO_87 has reduced capacity due to NODO_10 Intrinsic fault
Inject Heavy Fault To Sources
Inject Attack Multiple To Source
Inject Intrinsic Fault To Pipeline
Inject Heavy Fault To Pipeline
Inject Attack To Pipeline
----------- Statistics ------------
	Sources Under Attack: 0
	Sources with Heavy Fault: 0
	Sources with Intrinsic Fault: 2
	Arcs with reduce capacity due to Attack: 0
	Arcs with reduce capacity due to Heavy Fault: 0
	Arcs with reduce capacity due to Intrinsic Fault: 10
	Arcs with Attacks: 0
	Arcs with Heavy Fault: 0
	Arcs with Intrinsic Fault: 0
--------- SOURCES STATISTICS ---------------
Demand del real Source[0]: -31.0, flusso erogato: 11.159999999999998, flusso entrante: 0.0, efficienza: 35.99999999999999 %
Demand del real Source[8]: -10.5, flusso erogato: 0.0, flusso entrante: 0.0, efficienza: 0.0 %
Demand del real Source[9]: -7.1, flusso erogato: 17.259999999999998, flusso entrante: 10.159999999999998, efficienza: 243.09859154929575 %
Demand del real Source[17]: -25.0, flusso erogato: 25.000000000000007, flusso entrante: 0.0, efficienza: 100.00000000000003 %
Flusso totale entrante nei Real Source: 10.159999999999998
Flusso totale uscente dai Real Source: 53.42
Flusso netto sui real Source: -43.260000000000005
--- SINKS STATISTICS ---
Sink 3 SODDISFATTO. Flusso netto: 3.43, Demand: 3.43, percentage: 100.0
Sink 4 SODDISFATTO. Flusso netto: 0.5700000000000003, Demand: 0.57, percentage: 100.00000000000007
Sink 5 SODDISFATTO. Flusso netto: 0.6599999999999997, Demand: 0.66, percentage: 99.99999999999994
Sink 11 SODDISFATTO. Flusso netto: 1.03, Demand: 1.03, percentage: 100.0
Sink 15 SODDISFATTO. Flusso netto: 0.46, Demand: 0.46, percentage: 100.0
Sink 16 SODDISFATTO. Flusso netto: 8.400000000000002, Demand: 8.4, percentage: 100.00000000000003
Sink 19 SODDISFATTO. Flusso netto: 0.5399999999999991, Demand: 0.54, percentage: 99.99999999999983
Sink 23 SODDISFATTO. Flusso netto: 0.5999999999999999, Demand: 0.6, percentage: 99.99999999999997
Sink 24 SODDISFATTO. Flusso netto: 0.8, Demand: 0.8, percentage: 100.0
Sink 25 SODDISFATTO. Flusso netto: 3.5, Demand: 3.5, percentage: 100.0
Sink 26 SODDISFATTO. Flusso netto: 6.000000000000002, Demand: 6.0, percentage: 100.00000000000003
Sink 28 SODDISFATTO. Flusso netto: 0.4, Demand: 0.4, percentage: 100.0
Sink 30 SODDISFATTO. Flusso netto: 0.9799999999999986, Demand: 0.98, percentage: 99.99999999999987
Sink 31 SODDISFATTO. Flusso netto: 0.4, Demand: 0.4, percentage: 100.0
Sink 32 SODDISFATTO. Flusso netto: 0.9999999999999996, Demand: 1.0, percentage: 99.99999999999996
Sink 34 SODDISFATTO. Flusso netto: 1.74, Demand: 1.74, percentage: 100.0
Sink 35 SODDISFATTO. Flusso netto: 1.3, Demand: 1.3, percentage: 100.0
Sink 37 SODDISFATTO. Flusso netto: 1.0, Demand: 1.0, percentage: 100.0
Sink 39 SODDISFATTO. Flusso netto: 0.4, Demand: 0.4, percentage: 100.0
Sink 40 SODDISFATTO. Flusso netto: 0.5, Demand: 0.5, percentage: 100.0
Sink 41 SODDISFATTO. Flusso netto: 1.06, Demand: 1.06, percentage: 100.0
Sink 42 SODDISFATTO. Flusso netto: 2.8199999999999994, Demand: 2.82, percentage: 99.99999999999999
Sink 45 SODDISFATTO. Flusso netto: 0.68, Demand: 0.68, percentage: 100.0
Sink 46 SODDISFATTO. Flusso netto: 1.17, Demand: 1.17, percentage: 100.0
Sink 49 non è soddisfatto. Flusso netto: 3.82, Demand: 7.0, percentage: 54.57142857142857
Flusso totale entrante nei SINK: 89.12
Flusso totale uscente nei SINK: 45.86000000000001
Flusso totale netto nei SINK: 43.26
Total DEMAND dei SINK: 46.44
Percentual di flusso ai SINK: 0.9315245478036176
Numero di Sink soddisfatti: 24.0, numero totale di sink: 25.0
Percentuale di Sink soddisfatti: 0.96

---------------------------------- DAY 124

Update Fixed Elements from Intrinsic Faults
Update Fixed Elements from Heavy Faults
Update Fixed Elements from Attack
Propagate Intrinsic Fault
Node NODO_2 has still failing due to Intrinsic Fault
Node NODO_10 has still failing due to Intrinsic Fault
pipeline ARCO_70 still has reduced capacity: 24.8 due to Intrinsic Fault
pipeline V_EDGE_53_0 still has reduced capacity: 24.8 due to Intrinsic Fault
pipeline ARCO_0 still has reduced capacity: 24.8 due to Intrinsic Fault
pipeline ARCO_17 still has reduced capacity: 0.0 due to Intrinsic Fault
pipeline ARCO_88 still has reduced capacity: 0.0 due to Intrinsic Fault
pipeline ARCO_89 still has reduced capacity: 0.0 due to Intrinsic Fault
pipeline V_EDGE_53_8 still has reduced capacity: 0.0 due to Intrinsic Fault
pipeline ARCO_18 still has reduced capacity: 0.0 due to Intrinsic Fault
pipeline ARCO_19 still has reduced capacity: 0.0 due to Intrinsic Fault
pipeline ARCO_87 still has reduced capacity: 0.0 due to Intrinsic Fault
Propagate Heavy Faults
Propagate Attacks
Inject Intrinsic Failure To Source
Source NODO_2 is failing for an Intrinsic Fault in day: 124
pipeline ARCO_70 has reduced capacity due to NODO_2 Intrinsic fault
pipeline V_EDGE_53_0 has reduced capacity due to NODO_2 Intrinsic fault
pipeline ARCO_0 has reduced capacity due to NODO_2 Intrinsic fault
Source NODO_10 is failing for an Intrinsic Fault in day: 124
pipeline ARCO_17 has reduced capacity due to NODO_10 Intrinsic fault
pipeline ARCO_88 has reduced capacity due to NODO_10 Intrinsic fault
pipeline ARCO_89 has reduced capacity due to NODO_10 Intrinsic fault
pipeline V_EDGE_53_8 has reduced capacity due to NODO_10 Intrinsic fault
pipeline ARCO_18 has reduced capacity due to NODO_10 Intrinsic fault
pipeline ARCO_19 has reduced capacity due to NODO_10 Intrinsic fault
pipeline ARCO_87 has reduced capacity due to NODO_10 Intrinsic fault
Inject Heavy Fault To Sources
Inject Attack Multiple To Source
Inject Intrinsic Fault To Pipeline
Inject Heavy Fault To Pipeline
Inject Attack To Pipeline
----------- Statistics ------------
	Sources Under Attack: 0
	Sources with Heavy Fault: 0
	Sources with Intrinsic Fault: 2
	Arcs with reduce capacity due to Attack: 0
	Arcs with reduce capacity due to Heavy Fault: 0
	Arcs with reduce capacity due to Intrinsic Fault: 10
	Arcs with Attacks: 0
	Arcs with Heavy Fault: 0
	Arcs with Intrinsic Fault: 0
--------- SOURCES STATISTICS ---------------
Demand del real Source[0]: -31.0, flusso erogato: 11.159999999999998, flusso entrante: 0.0, efficienza: 35.99999999999999 %
Demand del real Source[8]: -10.5, flusso erogato: 0.0, flusso entrante: 0.0, efficienza: 0.0 %
Demand del real Source[9]: -7.1, flusso erogato: 17.259999999999998, flusso entrante: 10.159999999999998, efficienza: 243.09859154929575 %
Demand del real Source[17]: -25.0, flusso erogato: 25.000000000000007, flusso entrante: 0.0, efficienza: 100.00000000000003 %
Flusso totale entrante nei Real Source: 10.159999999999998
Flusso totale uscente dai Real Source: 53.42
Flusso netto sui real Source: -43.260000000000005
--- SINKS STATISTICS ---
Sink 3 SODDISFATTO. Flusso netto: 3.43, Demand: 3.43, percentage: 100.0
Sink 4 SODDISFATTO. Flusso netto: 0.5700000000000003, Demand: 0.57, percentage: 100.00000000000007
Sink 5 SODDISFATTO. Flusso netto: 0.6599999999999997, Demand: 0.66, percentage: 99.99999999999994
Sink 11 SODDISFATTO. Flusso netto: 1.03, Demand: 1.03, percentage: 100.0
Sink 15 SODDISFATTO. Flusso netto: 0.46, Demand: 0.46, percentage: 100.0
Sink 16 SODDISFATTO. Flusso netto: 8.400000000000002, Demand: 8.4, percentage: 100.00000000000003
Sink 19 SODDISFATTO. Flusso netto: 0.5399999999999991, Demand: 0.54, percentage: 99.99999999999983
Sink 23 SODDISFATTO. Flusso netto: 0.5999999999999999, Demand: 0.6, percentage: 99.99999999999997
Sink 24 SODDISFATTO. Flusso netto: 0.8, Demand: 0.8, percentage: 100.0
Sink 25 SODDISFATTO. Flusso netto: 3.5, Demand: 3.5, percentage: 100.0
Sink 26 SODDISFATTO. Flusso netto: 6.000000000000002, Demand: 6.0, percentage: 100.00000000000003
Sink 28 SODDISFATTO. Flusso netto: 0.4, Demand: 0.4, percentage: 100.0
Sink 30 SODDISFATTO. Flusso netto: 0.9799999999999986, Demand: 0.98, percentage: 99.99999999999987
Sink 31 SODDISFATTO. Flusso netto: 0.4, Demand: 0.4, percentage: 100.0
Sink 32 SODDISFATTO. Flusso netto: 0.9999999999999996, Demand: 1.0, percentage: 99.99999999999996
Sink 34 SODDISFATTO. Flusso netto: 1.74, Demand: 1.74, percentage: 100.0
Sink 35 SODDISFATTO. Flusso netto: 1.3, Demand: 1.3, percentage: 100.0
Sink 37 SODDISFATTO. Flusso netto: 1.0, Demand: 1.0, percentage: 100.0
Sink 39 SODDISFATTO. Flusso netto: 0.4, Demand: 0.4, percentage: 100.0
Sink 40 SODDISFATTO. Flusso netto: 0.5, Demand: 0.5, percentage: 100.0
Sink 41 SODDISFATTO. Flusso netto: 1.06, Demand: 1.06, percentage: 100.0
Sink 42 SODDISFATTO. Flusso netto: 2.8199999999999994, Demand: 2.82, percentage: 99.99999999999999
Sink 45 SODDISFATTO. Flusso netto: 0.68, Demand: 0.68, percentage: 100.0
Sink 46 SODDISFATTO. Flusso netto: 1.17, Demand: 1.17, percentage: 100.0
Sink 49 non è soddisfatto. Flusso netto: 3.82, Demand: 7.0, percentage: 54.57142857142857
Flusso totale entrante nei SINK: 89.12
Flusso totale uscente nei SINK: 45.86000000000001
Flusso totale netto nei SINK: 43.26
Total DEMAND dei SINK: 46.44
Percentual di flusso ai SINK: 0.9315245478036176
Numero di Sink soddisfatti: 24.0, numero totale di sink: 25.0
Percentuale di Sink soddisfatti: 0.96

---------------------------------- DAY 125

Update Fixed Elements from Intrinsic Faults
Update Fixed Elements from Heavy Faults
Update Fixed Elements from Attack
Propagate Intrinsic Fault
Node NODO_2 has still failing due to Intrinsic Fault
Node NODO_10 has still failing due to Intrinsic Fault
pipeline ARCO_70 still has reduced capacity: 24.8 due to Intrinsic Fault
pipeline V_EDGE_53_0 still has reduced capacity: 24.8 due to Intrinsic Fault
pipeline ARCO_0 still has reduced capacity: 24.8 due to Intrinsic Fault
pipeline ARCO_17 still has reduced capacity: 0.0 due to Intrinsic Fault
pipeline ARCO_88 still has reduced capacity: 0.0 due to Intrinsic Fault
pipeline ARCO_89 still has reduced capacity: 0.0 due to Intrinsic Fault
pipeline V_EDGE_53_8 still has reduced capacity: 0.0 due to Intrinsic Fault
pipeline ARCO_18 still has reduced capacity: 0.0 due to Intrinsic Fault
pipeline ARCO_19 still has reduced capacity: 0.0 due to Intrinsic Fault
pipeline ARCO_87 still has reduced capacity: 0.0 due to Intrinsic Fault
Propagate Heavy Faults
Propagate Attacks
Inject Intrinsic Failure To Source
Inject Heavy Fault To Sources
Inject Attack Multiple To Source
Inject Intrinsic Fault To Pipeline
Inject Heavy Fault To Pipeline
Inject Attack To Pipeline
----------- Statistics ------------
	Sources Under Attack: 0
	Sources with Heavy Fault: 0
	Sources with Intrinsic Fault: 2
	Arcs with reduce capacity due to Attack: 0
	Arcs with reduce capacity due to Heavy Fault: 0
	Arcs with reduce capacity due to Intrinsic Fault: 10
	Arcs with Attacks: 0
	Arcs with Heavy Fault: 0
	Arcs with Intrinsic Fault: 0
--------- SOURCES STATISTICS ---------------
Demand del real Source[0]: -31.0, flusso erogato: 11.159999999999998, flusso entrante: 0.0, efficienza: 35.99999999999999 %
Demand del real Source[8]: -10.5, flusso erogato: 0.0, flusso entrante: 0.0, efficienza: 0.0 %
Demand del real Source[9]: -7.1, flusso erogato: 17.259999999999998, flusso entrante: 10.159999999999998, efficienza: 243.09859154929575 %
Demand del real Source[17]: -25.0, flusso erogato: 25.000000000000007, flusso entrante: 0.0, efficienza: 100.00000000000003 %
Flusso totale entrante nei Real Source: 10.159999999999998
Flusso totale uscente dai Real Source: 53.42
Flusso netto sui real Source: -43.260000000000005
--- SINKS STATISTICS ---
Sink 3 SODDISFATTO. Flusso netto: 3.43, Demand: 3.43, percentage: 100.0
Sink 4 SODDISFATTO. Flusso netto: 0.5700000000000003, Demand: 0.57, percentage: 100.00000000000007
Sink 5 SODDISFATTO. Flusso netto: 0.6599999999999997, Demand: 0.66, percentage: 99.99999999999994
Sink 11 SODDISFATTO. Flusso netto: 1.03, Demand: 1.03, percentage: 100.0
Sink 15 SODDISFATTO. Flusso netto: 0.46, Demand: 0.46, percentage: 100.0
Sink 16 SODDISFATTO. Flusso netto: 8.400000000000002, Demand: 8.4, percentage: 100.00000000000003
Sink 19 SODDISFATTO. Flusso netto: 0.5399999999999991, Demand: 0.54, percentage: 99.99999999999983
Sink 23 SODDISFATTO. Flusso netto: 0.5999999999999999, Demand: 0.6, percentage: 99.99999999999997
Sink 24 SODDISFATTO. Flusso netto: 0.8, Demand: 0.8, percentage: 100.0
Sink 25 SODDISFATTO. Flusso netto: 3.5, Demand: 3.5, percentage: 100.0
Sink 26 SODDISFATTO. Flusso netto: 6.000000000000002, Demand: 6.0, percentage: 100.00000000000003
Sink 28 SODDISFATTO. Flusso netto: 0.4, Demand: 0.4, percentage: 100.0
Sink 30 SODDISFATTO. Flusso netto: 0.9799999999999986, Demand: 0.98, percentage: 99.99999999999987
Sink 31 SODDISFATTO. Flusso netto: 0.4, Demand: 0.4, percentage: 100.0
Sink 32 SODDISFATTO. Flusso netto: 0.9999999999999996, Demand: 1.0, percentage: 99.99999999999996
Sink 34 SODDISFATTO. Flusso netto: 1.74, Demand: 1.74, percentage: 100.0
Sink 35 SODDISFATTO. Flusso netto: 1.3, Demand: 1.3, percentage: 100.0
Sink 37 SODDISFATTO. Flusso netto: 1.0, Demand: 1.0, percentage: 100.0
Sink 39 SODDISFATTO. Flusso netto: 0.4, Demand: 0.4, percentage: 100.0
Sink 40 SODDISFATTO. Flusso netto: 0.5, Demand: 0.5, percentage: 100.0
Sink 41 SODDISFATTO. Flusso netto: 1.06, Demand: 1.06, percentage: 100.0
Sink 42 SODDISFATTO. Flusso netto: 2.8199999999999994, Demand: 2.82, percentage: 99.99999999999999
Sink 45 SODDISFATTO. Flusso netto: 0.68, Demand: 0.68, percentage: 100.0
Sink 46 SODDISFATTO. Flusso netto: 1.17, Demand: 1.17, percentage: 100.0
Sink 49 non è soddisfatto. Flusso netto: 3.82, Demand: 7.0, percentage: 54.57142857142857
Flusso totale entrante nei SINK: 89.12
Flusso totale uscente nei SINK: 45.86000000000001
Flusso totale netto nei SINK: 43.26
Total DEMAND dei SINK: 46.44
Percentual di flusso ai SINK: 0.9315245478036176
Numero di Sink soddisfatti: 24.0, numero totale di sink: 25.0
Percentuale di Sink soddisfatti: 0.96

---------------------------------- DAY 126

Update Fixed Elements from Intrinsic Faults
Source NODO_2 fixed from Intrinsic Fault
Pipeline ARCO_70 fixed due to Source NODO_2 fixing from Intrinsic Fault
Pipeline V_EDGE_53_0 fixed due to Source NODO_2 fixing from Intrinsic Fault
Pipeline ARCO_0 fixed due to Source NODO_2 fixing from Intrinsic Fault
Update Fixed Elements from Heavy Faults
Update Fixed Elements from Attack
Propagate Intrinsic Fault
Node NODO_10 has still failing due to Intrinsic Fault
pipeline ARCO_17 still has reduced capacity: 0.0 due to Intrinsic Fault
pipeline ARCO_88 still has reduced capacity: 0.0 due to Intrinsic Fault
pipeline ARCO_89 still has reduced capacity: 0.0 due to Intrinsic Fault
pipeline V_EDGE_53_8 still has reduced capacity: 0.0 due to Intrinsic Fault
pipeline ARCO_18 still has reduced capacity: 0.0 due to Intrinsic Fault
pipeline ARCO_19 still has reduced capacity: 0.0 due to Intrinsic Fault
pipeline ARCO_87 still has reduced capacity: 0.0 due to Intrinsic Fault
Propagate Heavy Faults
Propagate Attacks
Inject Intrinsic Failure To Source
Inject Heavy Fault To Sources
Inject Attack Multiple To Source
Inject Intrinsic Fault To Pipeline
Inject Heavy Fault To Pipeline
Inject Attack To Pipeline
----------- Statistics ------------
	Sources Under Attack: 0
	Sources with Heavy Fault: 0
	Sources with Intrinsic Fault: 1
	Arcs with reduce capacity due to Attack: 0
	Arcs with reduce capacity due to Heavy Fault: 0
	Arcs with reduce capacity due to Intrinsic Fault: 7
	Arcs with Attacks: 0
	Arcs with Heavy Fault: 0
	Arcs with Intrinsic Fault: 0
--------- SOURCES STATISTICS ---------------
Demand del real Source[0]: -31.0, flusso erogato: 11.159999999999998, flusso entrante: 0.0, efficienza: 35.99999999999999 %
Demand del real Source[8]: -10.5, flusso erogato: 0.0, flusso entrante: 0.0, efficienza: 0.0 %
Demand del real Source[9]: -7.1, flusso erogato: 17.259999999999998, flusso entrante: 10.159999999999998, efficienza: 243.09859154929575 %
Demand del real Source[17]: -25.0, flusso erogato: 25.000000000000007, flusso entrante: 0.0, efficienza: 100.00000000000003 %
Flusso totale entrante nei Real Source: 10.159999999999998
Flusso totale uscente dai Real Source: 53.42
Flusso netto sui real Source: -43.260000000000005
--- SINKS STATISTICS ---
Sink 3 SODDISFATTO. Flusso netto: 3.43, Demand: 3.43, percentage: 100.0
Sink 4 SODDISFATTO. Flusso netto: 0.5700000000000003, Demand: 0.57, percentage: 100.00000000000007
Sink 5 SODDISFATTO. Flusso netto: 0.6599999999999997, Demand: 0.66, percentage: 99.99999999999994
Sink 11 SODDISFATTO. Flusso netto: 1.03, Demand: 1.03, percentage: 100.0
Sink 15 SODDISFATTO. Flusso netto: 0.46, Demand: 0.46, percentage: 100.0
Sink 16 SODDISFATTO. Flusso netto: 8.400000000000002, Demand: 8.4, percentage: 100.00000000000003
Sink 19 SODDISFATTO. Flusso netto: 0.5399999999999991, Demand: 0.54, percentage: 99.99999999999983
Sink 23 SODDISFATTO. Flusso netto: 0.5999999999999999, Demand: 0.6, percentage: 99.99999999999997
Sink 24 SODDISFATTO. Flusso netto: 0.8, Demand: 0.8, percentage: 100.0
Sink 25 SODDISFATTO. Flusso netto: 3.5, Demand: 3.5, percentage: 100.0
Sink 26 SODDISFATTO. Flusso netto: 6.000000000000002, Demand: 6.0, percentage: 100.00000000000003
Sink 28 SODDISFATTO. Flusso netto: 0.4, Demand: 0.4, percentage: 100.0
Sink 30 SODDISFATTO. Flusso netto: 0.9799999999999986, Demand: 0.98, percentage: 99.99999999999987
Sink 31 SODDISFATTO. Flusso netto: 0.4, Demand: 0.4, percentage: 100.0
Sink 32 SODDISFATTO. Flusso netto: 0.9999999999999996, Demand: 1.0, percentage: 99.99999999999996
Sink 34 SODDISFATTO. Flusso netto: 1.74, Demand: 1.74, percentage: 100.0
Sink 35 SODDISFATTO. Flusso netto: 1.3, Demand: 1.3, percentage: 100.0
Sink 37 SODDISFATTO. Flusso netto: 1.0, Demand: 1.0, percentage: 100.0
Sink 39 SODDISFATTO. Flusso netto: 0.4, Demand: 0.4, percentage: 100.0
Sink 40 SODDISFATTO. Flusso netto: 0.5, Demand: 0.5, percentage: 100.0
Sink 41 SODDISFATTO. Flusso netto: 1.06, Demand: 1.06, percentage: 100.0
Sink 42 SODDISFATTO. Flusso netto: 2.8199999999999994, Demand: 2.82, percentage: 99.99999999999999
Sink 45 SODDISFATTO. Flusso netto: 0.68, Demand: 0.68, percentage: 100.0
Sink 46 SODDISFATTO. Flusso netto: 1.17, Demand: 1.17, percentage: 100.0
Sink 49 non è soddisfatto. Flusso netto: 3.82, Demand: 7.0, percentage: 54.57142857142857
Flusso totale entrante nei SINK: 89.12
Flusso totale uscente nei SINK: 45.86000000000001
Flusso totale netto nei SINK: 43.26
Total DEMAND dei SINK: 46.44
Percentual di flusso ai SINK: 0.9315245478036176
Numero di Sink soddisfatti: 24.0, numero totale di sink: 25.0
Percentuale di Sink soddisfatti: 0.96

---------------------------------- DAY 127

Update Fixed Elements from Intrinsic Faults
Update Fixed Elements from Heavy Faults
Update Fixed Elements from Attack
Propagate Intrinsic Fault
Node NODO_10 has still failing due to Intrinsic Fault
pipeline ARCO_17 still has reduced capacity: 0.0 due to Intrinsic Fault
pipeline ARCO_88 still has reduced capacity: 0.0 due to Intrinsic Fault
pipeline ARCO_89 still has reduced capacity: 0.0 due to Intrinsic Fault
pipeline V_EDGE_53_8 still has reduced capacity: 0.0 due to Intrinsic Fault
pipeline ARCO_18 still has reduced capacity: 0.0 due to Intrinsic Fault
pipeline ARCO_19 still has reduced capacity: 0.0 due to Intrinsic Fault
pipeline ARCO_87 still has reduced capacity: 0.0 due to Intrinsic Fault
Propagate Heavy Faults
Propagate Attacks
Inject Intrinsic Failure To Source
Source NODO_2 is failing for an Intrinsic Fault in day: 127
pipeline ARCO_70 has reduced capacity due to NODO_2 Intrinsic fault
pipeline V_EDGE_53_0 has reduced capacity due to NODO_2 Intrinsic fault
pipeline ARCO_0 has reduced capacity due to NODO_2 Intrinsic fault
Inject Heavy Fault To Sources
Inject Attack Multiple To Source
Inject Intrinsic Fault To Pipeline
Inject Heavy Fault To Pipeline
Inject Attack To Pipeline
----------- Statistics ------------
	Sources Under Attack: 0
	Sources with Heavy Fault: 0
	Sources with Intrinsic Fault: 2
	Arcs with reduce capacity due to Attack: 0
	Arcs with reduce capacity due to Heavy Fault: 0
	Arcs with reduce capacity due to Intrinsic Fault: 10
	Arcs with Attacks: 0
	Arcs with Heavy Fault: 0
	Arcs with Intrinsic Fault: 0
--------- SOURCES STATISTICS ---------------
Demand del real Source[0]: -31.0, flusso erogato: 11.159999999999998, flusso entrante: 0.0, efficienza: 35.99999999999999 %
Demand del real Source[8]: -10.5, flusso erogato: 0.0, flusso entrante: 0.0, efficienza: 0.0 %
Demand del real Source[9]: -7.1, flusso erogato: 17.259999999999998, flusso entrante: 10.159999999999998, efficienza: 243.09859154929575 %
Demand del real Source[17]: -25.0, flusso erogato: 25.000000000000007, flusso entrante: 0.0, efficienza: 100.00000000000003 %
Flusso totale entrante nei Real Source: 10.159999999999998
Flusso totale uscente dai Real Source: 53.42
Flusso netto sui real Source: -43.260000000000005
--- SINKS STATISTICS ---
Sink 3 SODDISFATTO. Flusso netto: 3.43, Demand: 3.43, percentage: 100.0
Sink 4 SODDISFATTO. Flusso netto: 0.5700000000000003, Demand: 0.57, percentage: 100.00000000000007
Sink 5 SODDISFATTO. Flusso netto: 0.6599999999999997, Demand: 0.66, percentage: 99.99999999999994
Sink 11 SODDISFATTO. Flusso netto: 1.03, Demand: 1.03, percentage: 100.0
Sink 15 SODDISFATTO. Flusso netto: 0.46, Demand: 0.46, percentage: 100.0
Sink 16 SODDISFATTO. Flusso netto: 8.400000000000002, Demand: 8.4, percentage: 100.00000000000003
Sink 19 SODDISFATTO. Flusso netto: 0.5399999999999991, Demand: 0.54, percentage: 99.99999999999983
Sink 23 SODDISFATTO. Flusso netto: 0.5999999999999999, Demand: 0.6, percentage: 99.99999999999997
Sink 24 SODDISFATTO. Flusso netto: 0.8, Demand: 0.8, percentage: 100.0
Sink 25 SODDISFATTO. Flusso netto: 3.5, Demand: 3.5, percentage: 100.0
Sink 26 SODDISFATTO. Flusso netto: 6.000000000000002, Demand: 6.0, percentage: 100.00000000000003
Sink 28 SODDISFATTO. Flusso netto: 0.4, Demand: 0.4, percentage: 100.0
Sink 30 SODDISFATTO. Flusso netto: 0.9799999999999986, Demand: 0.98, percentage: 99.99999999999987
Sink 31 SODDISFATTO. Flusso netto: 0.4, Demand: 0.4, percentage: 100.0
Sink 32 SODDISFATTO. Flusso netto: 0.9999999999999996, Demand: 1.0, percentage: 99.99999999999996
Sink 34 SODDISFATTO. Flusso netto: 1.74, Demand: 1.74, percentage: 100.0
Sink 35 SODDISFATTO. Flusso netto: 1.3, Demand: 1.3, percentage: 100.0
Sink 37 SODDISFATTO. Flusso netto: 1.0, Demand: 1.0, percentage: 100.0
Sink 39 SODDISFATTO. Flusso netto: 0.4, Demand: 0.4, percentage: 100.0
Sink 40 SODDISFATTO. Flusso netto: 0.5, Demand: 0.5, percentage: 100.0
Sink 41 SODDISFATTO. Flusso netto: 1.06, Demand: 1.06, percentage: 100.0
Sink 42 SODDISFATTO. Flusso netto: 2.8199999999999994, Demand: 2.82, percentage: 99.99999999999999
Sink 45 SODDISFATTO. Flusso netto: 0.68, Demand: 0.68, percentage: 100.0
Sink 46 SODDISFATTO. Flusso netto: 1.17, Demand: 1.17, percentage: 100.0
Sink 49 non è soddisfatto. Flusso netto: 3.82, Demand: 7.0, percentage: 54.57142857142857
Flusso totale entrante nei SINK: 89.12
Flusso totale uscente nei SINK: 45.86000000000001
Flusso totale netto nei SINK: 43.26
Total DEMAND dei SINK: 46.44
Percentual di flusso ai SINK: 0.9315245478036176
Numero di Sink soddisfatti: 24.0, numero totale di sink: 25.0
Percentuale di Sink soddisfatti: 0.96

---------------------------------- DAY 128

Update Fixed Elements from Intrinsic Faults
Source NODO_10 fixed from Intrinsic Fault
Pipeline ARCO_17 fixed due to Source NODO_10 fixing from Intrinsic Fault
Pipeline ARCO_88 fixed due to Source NODO_10 fixing from Intrinsic Fault
Pipeline ARCO_89 fixed due to Source NODO_10 fixing from Intrinsic Fault
Pipeline V_EDGE_53_8 fixed due to Source NODO_10 fixing from Intrinsic Fault
Pipeline ARCO_18 fixed due to Source NODO_10 fixing from Intrinsic Fault
Pipeline ARCO_19 fixed due to Source NODO_10 fixing from Intrinsic Fault
Pipeline ARCO_87 fixed due to Source NODO_10 fixing from Intrinsic Fault
Update Fixed Elements from Heavy Faults
Update Fixed Elements from Attack
Propagate Intrinsic Fault
Node NODO_2 has still failing due to Intrinsic Fault
pipeline ARCO_70 still has reduced capacity: 24.8 due to Intrinsic Fault
pipeline V_EDGE_53_0 still has reduced capacity: 24.8 due to Intrinsic Fault
pipeline ARCO_0 still has reduced capacity: 24.8 due to Intrinsic Fault
Propagate Heavy Faults
Propagate Attacks
Inject Intrinsic Failure To Source
Inject Heavy Fault To Sources
Inject Attack Multiple To Source
Inject Intrinsic Fault To Pipeline
Inject Heavy Fault To Pipeline
Inject Attack To Pipeline
----------- Statistics ------------
	Sources Under Attack: 0
	Sources with Heavy Fault: 0
	Sources with Intrinsic Fault: 1
	Arcs with reduce capacity due to Attack: 0
	Arcs with reduce capacity due to Heavy Fault: 0
	Arcs with reduce capacity due to Intrinsic Fault: 3
	Arcs with Attacks: 0
	Arcs with Heavy Fault: 0
	Arcs with Intrinsic Fault: 0
--------- SOURCES STATISTICS ---------------
Demand del real Source[0]: -31.0, flusso erogato: 10.129999999999997, flusso entrante: 0.0, efficienza: 32.6774193548387 %
Demand del real Source[8]: -10.5, flusso erogato: 3.8600000000000003, flusso entrante: 0.0, efficienza: 36.76190476190476 %
Demand del real Source[9]: -7.1, flusso erogato: 16.229999999999997, flusso entrante: 9.129999999999997, efficienza: 228.59154929577463 %
Demand del real Source[17]: -25.0, flusso erogato: 25.000000000000007, flusso entrante: 0.0, efficienza: 100.00000000000003 %
Flusso totale entrante nei Real Source: 9.129999999999997
Flusso totale uscente dai Real Source: 55.220000000000006
Flusso netto sui real Source: -46.09000000000001
--- SINKS STATISTICS ---
Sink 3 SODDISFATTO. Flusso netto: 3.43, Demand: 3.43, percentage: 100.0
Sink 4 SODDISFATTO. Flusso netto: 0.5700000000000003, Demand: 0.57, percentage: 100.00000000000007
Sink 5 SODDISFATTO. Flusso netto: 0.6600000000000001, Demand: 0.66, percentage: 100.00000000000003
Sink 11 SODDISFATTO. Flusso netto: 1.03, Demand: 1.03, percentage: 100.0
Sink 15 SODDISFATTO. Flusso netto: 0.46, Demand: 0.46, percentage: 100.0
Sink 16 SODDISFATTO. Flusso netto: 8.400000000000002, Demand: 8.4, percentage: 100.00000000000003
Sink 19 SODDISFATTO. Flusso netto: 0.5399999999999991, Demand: 0.54, percentage: 99.99999999999983
Sink 23 SODDISFATTO. Flusso netto: 0.5999999999999999, Demand: 0.6, percentage: 99.99999999999997
Sink 24 SODDISFATTO. Flusso netto: 0.8, Demand: 0.8, percentage: 100.0
Sink 25 SODDISFATTO. Flusso netto: 3.5, Demand: 3.5, percentage: 100.0
Sink 26 SODDISFATTO. Flusso netto: 6.000000000000002, Demand: 6.0, percentage: 100.00000000000003
Sink 28 SODDISFATTO. Flusso netto: 0.4, Demand: 0.4, percentage: 100.0
Sink 30 SODDISFATTO. Flusso netto: 0.9799999999999986, Demand: 0.98, percentage: 99.99999999999987
Sink 31 SODDISFATTO. Flusso netto: 0.4, Demand: 0.4, percentage: 100.0
Sink 32 SODDISFATTO. Flusso netto: 0.9999999999999996, Demand: 1.0, percentage: 99.99999999999996
Sink 34 SODDISFATTO. Flusso netto: 1.74, Demand: 1.74, percentage: 100.0
Sink 35 SODDISFATTO. Flusso netto: 1.3, Demand: 1.3, percentage: 100.0
Sink 37 SODDISFATTO. Flusso netto: 1.0, Demand: 1.0, percentage: 100.0
Sink 39 SODDISFATTO. Flusso netto: 0.4, Demand: 0.4, percentage: 100.0
Sink 40 SODDISFATTO. Flusso netto: 0.5, Demand: 0.5, percentage: 100.0
Sink 41 SODDISFATTO. Flusso netto: 1.06, Demand: 1.06, percentage: 100.0
Sink 42 SODDISFATTO. Flusso netto: 2.8199999999999994, Demand: 2.82, percentage: 99.99999999999999
Sink 45 SODDISFATTO. Flusso netto: 0.68, Demand: 0.68, percentage: 100.0
Sink 46 SODDISFATTO. Flusso netto: 1.17, Demand: 1.17, percentage: 100.0
Sink 49 non è soddisfatto. Flusso netto: 6.6499999999999995, Demand: 7.0, percentage: 95.0
Flusso totale entrante nei SINK: 92.61000000000001
Flusso totale uscente nei SINK: 46.52
Flusso totale netto nei SINK: 46.09000000000001
Total DEMAND dei SINK: 46.44
Percentual di flusso ai SINK: 0.9924633936261846
Numero di Sink soddisfatti: 24.0, numero totale di sink: 25.0
Percentuale di Sink soddisfatti: 0.96

---------------------------------- DAY 129

Update Fixed Elements from Intrinsic Faults
Update Fixed Elements from Heavy Faults
Update Fixed Elements from Attack
Propagate Intrinsic Fault
Node NODO_2 has still failing due to Intrinsic Fault
pipeline ARCO_70 still has reduced capacity: 24.8 due to Intrinsic Fault
pipeline V_EDGE_53_0 still has reduced capacity: 24.8 due to Intrinsic Fault
pipeline ARCO_0 still has reduced capacity: 24.8 due to Intrinsic Fault
Propagate Heavy Faults
Propagate Attacks
Inject Intrinsic Failure To Source
Inject Heavy Fault To Sources
Inject Attack Multiple To Source
Inject Intrinsic Fault To Pipeline
Inject Heavy Fault To Pipeline
Inject Attack To Pipeline
----------- Statistics ------------
	Sources Under Attack: 0
	Sources with Heavy Fault: 0
	Sources with Intrinsic Fault: 1
	Arcs with reduce capacity due to Attack: 0
	Arcs with reduce capacity due to Heavy Fault: 0
	Arcs with reduce capacity due to Intrinsic Fault: 3
	Arcs with Attacks: 0
	Arcs with Heavy Fault: 0
	Arcs with Intrinsic Fault: 0
--------- SOURCES STATISTICS ---------------
Demand del real Source[0]: -31.0, flusso erogato: 10.129999999999997, flusso entrante: 0.0, efficienza: 32.6774193548387 %
Demand del real Source[8]: -10.5, flusso erogato: 3.8600000000000003, flusso entrante: 0.0, efficienza: 36.76190476190476 %
Demand del real Source[9]: -7.1, flusso erogato: 16.229999999999997, flusso entrante: 9.129999999999997, efficienza: 228.59154929577463 %
Demand del real Source[17]: -25.0, flusso erogato: 25.000000000000007, flusso entrante: 0.0, efficienza: 100.00000000000003 %
Flusso totale entrante nei Real Source: 9.129999999999997
Flusso totale uscente dai Real Source: 55.220000000000006
Flusso netto sui real Source: -46.09000000000001
--- SINKS STATISTICS ---
Sink 3 SODDISFATTO. Flusso netto: 3.43, Demand: 3.43, percentage: 100.0
Sink 4 SODDISFATTO. Flusso netto: 0.5700000000000003, Demand: 0.57, percentage: 100.00000000000007
Sink 5 SODDISFATTO. Flusso netto: 0.6600000000000001, Demand: 0.66, percentage: 100.00000000000003
Sink 11 SODDISFATTO. Flusso netto: 1.03, Demand: 1.03, percentage: 100.0
Sink 15 SODDISFATTO. Flusso netto: 0.46, Demand: 0.46, percentage: 100.0
Sink 16 SODDISFATTO. Flusso netto: 8.400000000000002, Demand: 8.4, percentage: 100.00000000000003
Sink 19 SODDISFATTO. Flusso netto: 0.5399999999999991, Demand: 0.54, percentage: 99.99999999999983
Sink 23 SODDISFATTO. Flusso netto: 0.5999999999999999, Demand: 0.6, percentage: 99.99999999999997
Sink 24 SODDISFATTO. Flusso netto: 0.8, Demand: 0.8, percentage: 100.0
Sink 25 SODDISFATTO. Flusso netto: 3.5, Demand: 3.5, percentage: 100.0
Sink 26 SODDISFATTO. Flusso netto: 6.000000000000002, Demand: 6.0, percentage: 100.00000000000003
Sink 28 SODDISFATTO. Flusso netto: 0.4, Demand: 0.4, percentage: 100.0
Sink 30 SODDISFATTO. Flusso netto: 0.9799999999999986, Demand: 0.98, percentage: 99.99999999999987
Sink 31 SODDISFATTO. Flusso netto: 0.4, Demand: 0.4, percentage: 100.0
Sink 32 SODDISFATTO. Flusso netto: 0.9999999999999996, Demand: 1.0, percentage: 99.99999999999996
Sink 34 SODDISFATTO. Flusso netto: 1.74, Demand: 1.74, percentage: 100.0
Sink 35 SODDISFATTO. Flusso netto: 1.3, Demand: 1.3, percentage: 100.0
Sink 37 SODDISFATTO. Flusso netto: 1.0, Demand: 1.0, percentage: 100.0
Sink 39 SODDISFATTO. Flusso netto: 0.4, Demand: 0.4, percentage: 100.0
Sink 40 SODDISFATTO. Flusso netto: 0.5, Demand: 0.5, percentage: 100.0
Sink 41 SODDISFATTO. Flusso netto: 1.06, Demand: 1.06, percentage: 100.0
Sink 42 SODDISFATTO. Flusso netto: 2.8199999999999994, Demand: 2.82, percentage: 99.99999999999999
Sink 45 SODDISFATTO. Flusso netto: 0.68, Demand: 0.68, percentage: 100.0
Sink 46 SODDISFATTO. Flusso netto: 1.17, Demand: 1.17, percentage: 100.0
Sink 49 non è soddisfatto. Flusso netto: 6.6499999999999995, Demand: 7.0, percentage: 95.0
Flusso totale entrante nei SINK: 92.61000000000001
Flusso totale uscente nei SINK: 46.52
Flusso totale netto nei SINK: 46.09000000000001
Total DEMAND dei SINK: 46.44
Percentual di flusso ai SINK: 0.9924633936261846
Numero di Sink soddisfatti: 24.0, numero totale di sink: 25.0
Percentuale di Sink soddisfatti: 0.96

---------------------------------- DAY 130

Update Fixed Elements from Intrinsic Faults
Source NODO_2 fixed from Intrinsic Fault
Pipeline ARCO_70 fixed due to Source NODO_2 fixing from Intrinsic Fault
Pipeline V_EDGE_53_0 fixed due to Source NODO_2 fixing from Intrinsic Fault
Pipeline ARCO_0 fixed due to Source NODO_2 fixing from Intrinsic Fault
Update Fixed Elements from Heavy Faults
Update Fixed Elements from Attack
Propagate Intrinsic Fault
Propagate Heavy Faults
Propagate Attacks
Inject Intrinsic Failure To Source
Source NODO_19 is failing for an Intrinsic Fault in day: 130
pipeline ARCO_35 has reduced capacity due to NODO_19 Intrinsic fault
pipeline ARCO_109 has reduced capacity due to NODO_19 Intrinsic fault
pipeline ARCO_110 has reduced capacity due to NODO_19 Intrinsic fault
pipeline V_EDGE_53_17 has reduced capacity due to NODO_19 Intrinsic fault
pipeline ARCO_39 has reduced capacity due to NODO_19 Intrinsic fault
pipeline ARCO_40 has reduced capacity due to NODO_19 Intrinsic fault
pipeline ARCO_105 has reduced capacity due to NODO_19 Intrinsic fault
Inject Heavy Fault To Sources
Inject Attack Multiple To Source
Inject Intrinsic Fault To Pipeline
Inject Heavy Fault To Pipeline
Inject Attack To Pipeline
----------- Statistics ------------
	Sources Under Attack: 0
	Sources with Heavy Fault: 0
	Sources with Intrinsic Fault: 1
	Arcs with reduce capacity due to Attack: 0
	Arcs with reduce capacity due to Heavy Fault: 0
	Arcs with reduce capacity due to Intrinsic Fault: 7
	Arcs with Attacks: 0
	Arcs with Heavy Fault: 0
	Arcs with Intrinsic Fault: 0
--------- SOURCES STATISTICS ---------------
Demand del real Source[0]: -31.0, flusso erogato: 15.440000000000001, flusso entrante: 0.0, efficienza: 49.80645161290323 %
Demand del real Source[8]: -10.5, flusso erogato: 3.8600000000000003, flusso entrante: 0.0, efficienza: 36.76190476190476 %
Demand del real Source[9]: -7.1, flusso erogato: 21.54, flusso entrante: 14.440000000000001, efficienza: 303.38028169014086 %
Demand del real Source[17]: -25.0, flusso erogato: 0.0, flusso entrante: 0.0, efficienza: 0.0 %
Flusso totale entrante nei Real Source: 14.440000000000001
Flusso totale uscente dai Real Source: 40.84
Flusso netto sui real Source: -26.400000000000002
--- SINKS STATISTICS ---
Sink 3 SODDISFATTO. Flusso netto: 3.43, Demand: 3.43, percentage: 100.0
Sink 4 SODDISFATTO. Flusso netto: 0.5700000000000003, Demand: 0.57, percentage: 100.00000000000007
Sink 5 SODDISFATTO. Flusso netto: 0.6600000000000001, Demand: 0.66, percentage: 100.00000000000003
Sink 11 SODDISFATTO. Flusso netto: 1.03, Demand: 1.03, percentage: 100.0
Sink 15 SODDISFATTO. Flusso netto: 0.45999999999999996, Demand: 0.46, percentage: 99.99999999999999
Sink 16 non è soddisfatto. Flusso netto: 2.83, Demand: 8.4, percentage: 33.69047619047619
Sink 19 non è soddisfatto. Flusso netto: 0.0, Demand: 0.54, percentage: 0.0
Sink 23 non è soddisfatto. Flusso netto: 0.0, Demand: 0.6, percentage: 0.0
Sink 24 non è soddisfatto. Flusso netto: 0.0, Demand: 0.8, percentage: 0.0
Sink 25 non è soddisfatto. Flusso netto: 0.0, Demand: 3.5, percentage: 0.0
Sink 26 non è soddisfatto. Flusso netto: 0.0, Demand: 6.0, percentage: 0.0
Sink 28 non è soddisfatto. Flusso netto: 0.0, Demand: 0.4, percentage: 0.0
Sink 30 non è soddisfatto. Flusso netto: 0.0, Demand: 0.98, percentage: 0.0
Sink 31 non è soddisfatto. Flusso netto: 0.0, Demand: 0.4, percentage: 0.0
Sink 32 SODDISFATTO. Flusso netto: 1.0, Demand: 1.0, percentage: 100.0
Sink 34 SODDISFATTO. Flusso netto: 1.74, Demand: 1.74, percentage: 100.0
Sink 35 SODDISFATTO. Flusso netto: 1.3, Demand: 1.3, percentage: 100.0
Sink 37 SODDISFATTO. Flusso netto: 1.0, Demand: 1.0, percentage: 100.0
Sink 39 non è soddisfatto. Flusso netto: 0.0, Demand: 0.4, percentage: 0.0
Sink 40 non è soddisfatto. Flusso netto: 0.0, Demand: 0.5, percentage: 0.0
Sink 41 SODDISFATTO. Flusso netto: 1.0600000000000005, Demand: 1.06, percentage: 100.00000000000004
Sink 42 SODDISFATTO. Flusso netto: 2.8199999999999994, Demand: 2.82, percentage: 99.99999999999999
Sink 45 SODDISFATTO. Flusso netto: 0.68, Demand: 0.68, percentage: 100.0
Sink 46 SODDISFATTO. Flusso netto: 1.17, Demand: 1.17, percentage: 100.0
Sink 49 non è soddisfatto. Flusso netto: 6.6499999999999995, Demand: 7.0, percentage: 95.0
Flusso totale entrante nei SINK: 53.099999999999994
Flusso totale uscente nei SINK: 26.7
Flusso totale netto nei SINK: 26.399999999999995
Total DEMAND dei SINK: 46.44
Percentual di flusso ai SINK: 0.5684754521963824
Numero di Sink soddisfatti: 13.0, numero totale di sink: 25.0
Percentuale di Sink soddisfatti: 0.52

---------------------------------- DAY 131

Update Fixed Elements from Intrinsic Faults
Update Fixed Elements from Heavy Faults
Update Fixed Elements from Attack
Propagate Intrinsic Fault
Node NODO_19 has still failing due to Intrinsic Fault
pipeline ARCO_35 still has reduced capacity: 0.0 due to Intrinsic Fault
pipeline ARCO_109 still has reduced capacity: 0.0 due to Intrinsic Fault
pipeline ARCO_110 still has reduced capacity: 0.0 due to Intrinsic Fault
pipeline V_EDGE_53_17 still has reduced capacity: 0.0 due to Intrinsic Fault
pipeline ARCO_39 still has reduced capacity: 0.0 due to Intrinsic Fault
pipeline ARCO_40 still has reduced capacity: 0.0 due to Intrinsic Fault
pipeline ARCO_105 still has reduced capacity: 0.0 due to Intrinsic Fault
Propagate Heavy Faults
Propagate Attacks
Inject Intrinsic Failure To Source
Inject Heavy Fault To Sources
Inject Attack Multiple To Source
Inject Intrinsic Fault To Pipeline
Inject Heavy Fault To Pipeline
Inject Attack To Pipeline
----------- Statistics ------------
	Sources Under Attack: 0
	Sources with Heavy Fault: 0
	Sources with Intrinsic Fault: 1
	Arcs with reduce capacity due to Attack: 0
	Arcs with reduce capacity due to Heavy Fault: 0
	Arcs with reduce capacity due to Intrinsic Fault: 7
	Arcs with Attacks: 0
	Arcs with Heavy Fault: 0
	Arcs with Intrinsic Fault: 0
--------- SOURCES STATISTICS ---------------
Demand del real Source[0]: -31.0, flusso erogato: 15.440000000000001, flusso entrante: 0.0, efficienza: 49.80645161290323 %
Demand del real Source[8]: -10.5, flusso erogato: 3.8600000000000003, flusso entrante: 0.0, efficienza: 36.76190476190476 %
Demand del real Source[9]: -7.1, flusso erogato: 21.54, flusso entrante: 14.440000000000001, efficienza: 303.38028169014086 %
Demand del real Source[17]: -25.0, flusso erogato: 0.0, flusso entrante: 0.0, efficienza: 0.0 %
Flusso totale entrante nei Real Source: 14.440000000000001
Flusso totale uscente dai Real Source: 40.84
Flusso netto sui real Source: -26.400000000000002
--- SINKS STATISTICS ---
Sink 3 SODDISFATTO. Flusso netto: 3.43, Demand: 3.43, percentage: 100.0
Sink 4 SODDISFATTO. Flusso netto: 0.5700000000000003, Demand: 0.57, percentage: 100.00000000000007
Sink 5 SODDISFATTO. Flusso netto: 0.6600000000000001, Demand: 0.66, percentage: 100.00000000000003
Sink 11 SODDISFATTO. Flusso netto: 1.03, Demand: 1.03, percentage: 100.0
Sink 15 SODDISFATTO. Flusso netto: 0.45999999999999996, Demand: 0.46, percentage: 99.99999999999999
Sink 16 non è soddisfatto. Flusso netto: 2.83, Demand: 8.4, percentage: 33.69047619047619
Sink 19 non è soddisfatto. Flusso netto: 0.0, Demand: 0.54, percentage: 0.0
Sink 23 non è soddisfatto. Flusso netto: 0.0, Demand: 0.6, percentage: 0.0
Sink 24 non è soddisfatto. Flusso netto: 0.0, Demand: 0.8, percentage: 0.0
Sink 25 non è soddisfatto. Flusso netto: 0.0, Demand: 3.5, percentage: 0.0
Sink 26 non è soddisfatto. Flusso netto: 0.0, Demand: 6.0, percentage: 0.0
Sink 28 non è soddisfatto. Flusso netto: 0.0, Demand: 0.4, percentage: 0.0
Sink 30 non è soddisfatto. Flusso netto: 0.0, Demand: 0.98, percentage: 0.0
Sink 31 non è soddisfatto. Flusso netto: 0.0, Demand: 0.4, percentage: 0.0
Sink 32 SODDISFATTO. Flusso netto: 1.0, Demand: 1.0, percentage: 100.0
Sink 34 SODDISFATTO. Flusso netto: 1.74, Demand: 1.74, percentage: 100.0
Sink 35 SODDISFATTO. Flusso netto: 1.3, Demand: 1.3, percentage: 100.0
Sink 37 SODDISFATTO. Flusso netto: 1.0, Demand: 1.0, percentage: 100.0
Sink 39 non è soddisfatto. Flusso netto: 0.0, Demand: 0.4, percentage: 0.0
Sink 40 non è soddisfatto. Flusso netto: 0.0, Demand: 0.5, percentage: 0.0
Sink 41 SODDISFATTO. Flusso netto: 1.0600000000000005, Demand: 1.06, percentage: 100.00000000000004
Sink 42 SODDISFATTO. Flusso netto: 2.8199999999999994, Demand: 2.82, percentage: 99.99999999999999
Sink 45 SODDISFATTO. Flusso netto: 0.68, Demand: 0.68, percentage: 100.0
Sink 46 SODDISFATTO. Flusso netto: 1.17, Demand: 1.17, percentage: 100.0
Sink 49 non è soddisfatto. Flusso netto: 6.6499999999999995, Demand: 7.0, percentage: 95.0
Flusso totale entrante nei SINK: 53.099999999999994
Flusso totale uscente nei SINK: 26.7
Flusso totale netto nei SINK: 26.399999999999995
Total DEMAND dei SINK: 46.44
Percentual di flusso ai SINK: 0.5684754521963824
Numero di Sink soddisfatti: 13.0, numero totale di sink: 25.0
Percentuale di Sink soddisfatti: 0.52

---------------------------------- DAY 132

Update Fixed Elements from Intrinsic Faults
Update Fixed Elements from Heavy Faults
Update Fixed Elements from Attack
Propagate Intrinsic Fault
Node NODO_19 has still failing due to Intrinsic Fault
pipeline ARCO_35 still has reduced capacity: 0.0 due to Intrinsic Fault
pipeline ARCO_109 still has reduced capacity: 0.0 due to Intrinsic Fault
pipeline ARCO_110 still has reduced capacity: 0.0 due to Intrinsic Fault
pipeline V_EDGE_53_17 still has reduced capacity: 0.0 due to Intrinsic Fault
pipeline ARCO_39 still has reduced capacity: 0.0 due to Intrinsic Fault
pipeline ARCO_40 still has reduced capacity: 0.0 due to Intrinsic Fault
pipeline ARCO_105 still has reduced capacity: 0.0 due to Intrinsic Fault
Propagate Heavy Faults
Propagate Attacks
Inject Intrinsic Failure To Source
Inject Heavy Fault To Sources
Inject Attack Multiple To Source
Inject Intrinsic Fault To Pipeline
Inject Heavy Fault To Pipeline
Inject Attack To Pipeline
----------- Statistics ------------
	Sources Under Attack: 0
	Sources with Heavy Fault: 0
	Sources with Intrinsic Fault: 1
	Arcs with reduce capacity due to Attack: 0
	Arcs with reduce capacity due to Heavy Fault: 0
	Arcs with reduce capacity due to Intrinsic Fault: 7
	Arcs with Attacks: 0
	Arcs with Heavy Fault: 0
	Arcs with Intrinsic Fault: 0
--------- SOURCES STATISTICS ---------------
Demand del real Source[0]: -31.0, flusso erogato: 15.440000000000001, flusso entrante: 0.0, efficienza: 49.80645161290323 %
Demand del real Source[8]: -10.5, flusso erogato: 3.8600000000000003, flusso entrante: 0.0, efficienza: 36.76190476190476 %
Demand del real Source[9]: -7.1, flusso erogato: 21.54, flusso entrante: 14.440000000000001, efficienza: 303.38028169014086 %
Demand del real Source[17]: -25.0, flusso erogato: 0.0, flusso entrante: 0.0, efficienza: 0.0 %
Flusso totale entrante nei Real Source: 14.440000000000001
Flusso totale uscente dai Real Source: 40.84
Flusso netto sui real Source: -26.400000000000002
--- SINKS STATISTICS ---
Sink 3 SODDISFATTO. Flusso netto: 3.43, Demand: 3.43, percentage: 100.0
Sink 4 SODDISFATTO. Flusso netto: 0.5700000000000003, Demand: 0.57, percentage: 100.00000000000007
Sink 5 SODDISFATTO. Flusso netto: 0.6600000000000001, Demand: 0.66, percentage: 100.00000000000003
Sink 11 SODDISFATTO. Flusso netto: 1.03, Demand: 1.03, percentage: 100.0
Sink 15 SODDISFATTO. Flusso netto: 0.45999999999999996, Demand: 0.46, percentage: 99.99999999999999
Sink 16 non è soddisfatto. Flusso netto: 2.83, Demand: 8.4, percentage: 33.69047619047619
Sink 19 non è soddisfatto. Flusso netto: 0.0, Demand: 0.54, percentage: 0.0
Sink 23 non è soddisfatto. Flusso netto: 0.0, Demand: 0.6, percentage: 0.0
Sink 24 non è soddisfatto. Flusso netto: 0.0, Demand: 0.8, percentage: 0.0
Sink 25 non è soddisfatto. Flusso netto: 0.0, Demand: 3.5, percentage: 0.0
Sink 26 non è soddisfatto. Flusso netto: 0.0, Demand: 6.0, percentage: 0.0
Sink 28 non è soddisfatto. Flusso netto: 0.0, Demand: 0.4, percentage: 0.0
Sink 30 non è soddisfatto. Flusso netto: 0.0, Demand: 0.98, percentage: 0.0
Sink 31 non è soddisfatto. Flusso netto: 0.0, Demand: 0.4, percentage: 0.0
Sink 32 SODDISFATTO. Flusso netto: 1.0, Demand: 1.0, percentage: 100.0
Sink 34 SODDISFATTO. Flusso netto: 1.74, Demand: 1.74, percentage: 100.0
Sink 35 SODDISFATTO. Flusso netto: 1.3, Demand: 1.3, percentage: 100.0
Sink 37 SODDISFATTO. Flusso netto: 1.0, Demand: 1.0, percentage: 100.0
Sink 39 non è soddisfatto. Flusso netto: 0.0, Demand: 0.4, percentage: 0.0
Sink 40 non è soddisfatto. Flusso netto: 0.0, Demand: 0.5, percentage: 0.0
Sink 41 SODDISFATTO. Flusso netto: 1.0600000000000005, Demand: 1.06, percentage: 100.00000000000004
Sink 42 SODDISFATTO. Flusso netto: 2.8199999999999994, Demand: 2.82, percentage: 99.99999999999999
Sink 45 SODDISFATTO. Flusso netto: 0.68, Demand: 0.68, percentage: 100.0
Sink 46 SODDISFATTO. Flusso netto: 1.17, Demand: 1.17, percentage: 100.0
Sink 49 non è soddisfatto. Flusso netto: 6.6499999999999995, Demand: 7.0, percentage: 95.0
Flusso totale entrante nei SINK: 53.099999999999994
Flusso totale uscente nei SINK: 26.7
Flusso totale netto nei SINK: 26.399999999999995
Total DEMAND dei SINK: 46.44
Percentual di flusso ai SINK: 0.5684754521963824
Numero di Sink soddisfatti: 13.0, numero totale di sink: 25.0
Percentuale di Sink soddisfatti: 0.52

---------------------------------- DAY 133

Update Fixed Elements from Intrinsic Faults
Update Fixed Elements from Heavy Faults
Update Fixed Elements from Attack
Propagate Intrinsic Fault
Node NODO_19 has still failing due to Intrinsic Fault
pipeline ARCO_35 still has reduced capacity: 0.0 due to Intrinsic Fault
pipeline ARCO_109 still has reduced capacity: 0.0 due to Intrinsic Fault
pipeline ARCO_110 still has reduced capacity: 0.0 due to Intrinsic Fault
pipeline V_EDGE_53_17 still has reduced capacity: 0.0 due to Intrinsic Fault
pipeline ARCO_39 still has reduced capacity: 0.0 due to Intrinsic Fault
pipeline ARCO_40 still has reduced capacity: 0.0 due to Intrinsic Fault
pipeline ARCO_105 still has reduced capacity: 0.0 due to Intrinsic Fault
Propagate Heavy Faults
Propagate Attacks
Inject Intrinsic Failure To Source
Inject Heavy Fault To Sources
Inject Attack Multiple To Source
Inject Intrinsic Fault To Pipeline
Inject Heavy Fault To Pipeline
Inject Attack To Pipeline
----------- Statistics ------------
	Sources Under Attack: 0
	Sources with Heavy Fault: 0
	Sources with Intrinsic Fault: 1
	Arcs with reduce capacity due to Attack: 0
	Arcs with reduce capacity due to Heavy Fault: 0
	Arcs with reduce capacity due to Intrinsic Fault: 7
	Arcs with Attacks: 0
	Arcs with Heavy Fault: 0
	Arcs with Intrinsic Fault: 0
--------- SOURCES STATISTICS ---------------
Demand del real Source[0]: -31.0, flusso erogato: 15.440000000000001, flusso entrante: 0.0, efficienza: 49.80645161290323 %
Demand del real Source[8]: -10.5, flusso erogato: 3.8600000000000003, flusso entrante: 0.0, efficienza: 36.76190476190476 %
Demand del real Source[9]: -7.1, flusso erogato: 21.54, flusso entrante: 14.440000000000001, efficienza: 303.38028169014086 %
Demand del real Source[17]: -25.0, flusso erogato: 0.0, flusso entrante: 0.0, efficienza: 0.0 %
Flusso totale entrante nei Real Source: 14.440000000000001
Flusso totale uscente dai Real Source: 40.84
Flusso netto sui real Source: -26.400000000000002
--- SINKS STATISTICS ---
Sink 3 SODDISFATTO. Flusso netto: 3.43, Demand: 3.43, percentage: 100.0
Sink 4 SODDISFATTO. Flusso netto: 0.5700000000000003, Demand: 0.57, percentage: 100.00000000000007
Sink 5 SODDISFATTO. Flusso netto: 0.6600000000000001, Demand: 0.66, percentage: 100.00000000000003
Sink 11 SODDISFATTO. Flusso netto: 1.03, Demand: 1.03, percentage: 100.0
Sink 15 SODDISFATTO. Flusso netto: 0.45999999999999996, Demand: 0.46, percentage: 99.99999999999999
Sink 16 non è soddisfatto. Flusso netto: 2.83, Demand: 8.4, percentage: 33.69047619047619
Sink 19 non è soddisfatto. Flusso netto: 0.0, Demand: 0.54, percentage: 0.0
Sink 23 non è soddisfatto. Flusso netto: 0.0, Demand: 0.6, percentage: 0.0
Sink 24 non è soddisfatto. Flusso netto: 0.0, Demand: 0.8, percentage: 0.0
Sink 25 non è soddisfatto. Flusso netto: 0.0, Demand: 3.5, percentage: 0.0
Sink 26 non è soddisfatto. Flusso netto: 0.0, Demand: 6.0, percentage: 0.0
Sink 28 non è soddisfatto. Flusso netto: 0.0, Demand: 0.4, percentage: 0.0
Sink 30 non è soddisfatto. Flusso netto: 0.0, Demand: 0.98, percentage: 0.0
Sink 31 non è soddisfatto. Flusso netto: 0.0, Demand: 0.4, percentage: 0.0
Sink 32 SODDISFATTO. Flusso netto: 1.0, Demand: 1.0, percentage: 100.0
Sink 34 SODDISFATTO. Flusso netto: 1.74, Demand: 1.74, percentage: 100.0
Sink 35 SODDISFATTO. Flusso netto: 1.3, Demand: 1.3, percentage: 100.0
Sink 37 SODDISFATTO. Flusso netto: 1.0, Demand: 1.0, percentage: 100.0
Sink 39 non è soddisfatto. Flusso netto: 0.0, Demand: 0.4, percentage: 0.0
Sink 40 non è soddisfatto. Flusso netto: 0.0, Demand: 0.5, percentage: 0.0
Sink 41 SODDISFATTO. Flusso netto: 1.0600000000000005, Demand: 1.06, percentage: 100.00000000000004
Sink 42 SODDISFATTO. Flusso netto: 2.8199999999999994, Demand: 2.82, percentage: 99.99999999999999
Sink 45 SODDISFATTO. Flusso netto: 0.68, Demand: 0.68, percentage: 100.0
Sink 46 SODDISFATTO. Flusso netto: 1.17, Demand: 1.17, percentage: 100.0
Sink 49 non è soddisfatto. Flusso netto: 6.6499999999999995, Demand: 7.0, percentage: 95.0
Flusso totale entrante nei SINK: 53.099999999999994
Flusso totale uscente nei SINK: 26.7
Flusso totale netto nei SINK: 26.399999999999995
Total DEMAND dei SINK: 46.44
Percentual di flusso ai SINK: 0.5684754521963824
Numero di Sink soddisfatti: 13.0, numero totale di sink: 25.0
Percentuale di Sink soddisfatti: 0.52

---------------------------------- DAY 134

Update Fixed Elements from Intrinsic Faults
Source NODO_19 fixed from Intrinsic Fault
Pipeline ARCO_35 fixed due to Source NODO_19 fixing from Intrinsic Fault
Pipeline ARCO_109 fixed due to Source NODO_19 fixing from Intrinsic Fault
Pipeline ARCO_110 fixed due to Source NODO_19 fixing from Intrinsic Fault
Pipeline V_EDGE_53_17 fixed due to Source NODO_19 fixing from Intrinsic Fault
Pipeline ARCO_39 fixed due to Source NODO_19 fixing from Intrinsic Fault
Pipeline ARCO_40 fixed due to Source NODO_19 fixing from Intrinsic Fault
Pipeline ARCO_105 fixed due to Source NODO_19 fixing from Intrinsic Fault
Update Fixed Elements from Heavy Faults
Update Fixed Elements from Attack
Propagate Intrinsic Fault
Propagate Heavy Faults
Propagate Attacks
Inject Intrinsic Failure To Source
Inject Heavy Fault To Sources
Inject Attack Multiple To Source
Inject Intrinsic Fault To Pipeline
Inject Heavy Fault To Pipeline
Inject Attack To Pipeline
----------- Statistics ------------
	Sources Under Attack: 0
	Sources with Heavy Fault: 0
	Sources with Intrinsic Fault: 0
	Arcs with reduce capacity due to Attack: 0
	Arcs with reduce capacity due to Heavy Fault: 0
	Arcs with reduce capacity due to Intrinsic Fault: 0
	Arcs with Attacks: 0
	Arcs with Heavy Fault: 0
	Arcs with Intrinsic Fault: 0
--------- SOURCES STATISTICS ---------------
Demand del real Source[0]: -31.0, flusso erogato: 10.129999999999997, flusso entrante: 0.0, efficienza: 32.6774193548387 %
Demand del real Source[8]: -10.5, flusso erogato: 3.8600000000000003, flusso entrante: 0.0, efficienza: 36.76190476190476 %
Demand del real Source[9]: -7.1, flusso erogato: 16.229999999999997, flusso entrante: 9.129999999999997, efficienza: 228.59154929577463 %
Demand del real Source[17]: -25.0, flusso erogato: 25.000000000000007, flusso entrante: 0.0, efficienza: 100.00000000000003 %
Flusso totale entrante nei Real Source: 9.129999999999997
Flusso totale uscente dai Real Source: 55.220000000000006
Flusso netto sui real Source: -46.09000000000001
--- SINKS STATISTICS ---
Sink 3 SODDISFATTO. Flusso netto: 3.43, Demand: 3.43, percentage: 100.0
Sink 4 SODDISFATTO. Flusso netto: 0.5700000000000003, Demand: 0.57, percentage: 100.00000000000007
Sink 5 SODDISFATTO. Flusso netto: 0.6600000000000001, Demand: 0.66, percentage: 100.00000000000003
Sink 11 SODDISFATTO. Flusso netto: 1.03, Demand: 1.03, percentage: 100.0
Sink 15 SODDISFATTO. Flusso netto: 0.46, Demand: 0.46, percentage: 100.0
Sink 16 SODDISFATTO. Flusso netto: 8.400000000000002, Demand: 8.4, percentage: 100.00000000000003
Sink 19 SODDISFATTO. Flusso netto: 0.5399999999999991, Demand: 0.54, percentage: 99.99999999999983
Sink 23 SODDISFATTO. Flusso netto: 0.5999999999999999, Demand: 0.6, percentage: 99.99999999999997
Sink 24 SODDISFATTO. Flusso netto: 0.8, Demand: 0.8, percentage: 100.0
Sink 25 SODDISFATTO. Flusso netto: 3.5, Demand: 3.5, percentage: 100.0
Sink 26 SODDISFATTO. Flusso netto: 6.000000000000002, Demand: 6.0, percentage: 100.00000000000003
Sink 28 SODDISFATTO. Flusso netto: 0.4, Demand: 0.4, percentage: 100.0
Sink 30 SODDISFATTO. Flusso netto: 0.9799999999999986, Demand: 0.98, percentage: 99.99999999999987
Sink 31 SODDISFATTO. Flusso netto: 0.4, Demand: 0.4, percentage: 100.0
Sink 32 SODDISFATTO. Flusso netto: 0.9999999999999996, Demand: 1.0, percentage: 99.99999999999996
Sink 34 SODDISFATTO. Flusso netto: 1.74, Demand: 1.74, percentage: 100.0
Sink 35 SODDISFATTO. Flusso netto: 1.3, Demand: 1.3, percentage: 100.0
Sink 37 SODDISFATTO. Flusso netto: 1.0, Demand: 1.0, percentage: 100.0
Sink 39 SODDISFATTO. Flusso netto: 0.4, Demand: 0.4, percentage: 100.0
Sink 40 SODDISFATTO. Flusso netto: 0.5, Demand: 0.5, percentage: 100.0
Sink 41 SODDISFATTO. Flusso netto: 1.06, Demand: 1.06, percentage: 100.0
Sink 42 SODDISFATTO. Flusso netto: 2.8199999999999994, Demand: 2.82, percentage: 99.99999999999999
Sink 45 SODDISFATTO. Flusso netto: 0.68, Demand: 0.68, percentage: 100.0
Sink 46 SODDISFATTO. Flusso netto: 1.17, Demand: 1.17, percentage: 100.0
Sink 49 non è soddisfatto. Flusso netto: 6.6499999999999995, Demand: 7.0, percentage: 95.0
Flusso totale entrante nei SINK: 92.61000000000001
Flusso totale uscente nei SINK: 46.52
Flusso totale netto nei SINK: 46.09000000000001
Total DEMAND dei SINK: 46.44
Percentual di flusso ai SINK: 0.9924633936261846
Numero di Sink soddisfatti: 24.0, numero totale di sink: 25.0
Percentuale di Sink soddisfatti: 0.96

---------------------------------- DAY 135

Update Fixed Elements from Intrinsic Faults
Update Fixed Elements from Heavy Faults
Update Fixed Elements from Attack
Propagate Intrinsic Fault
Propagate Heavy Faults
Propagate Attacks
Inject Intrinsic Failure To Source
Inject Heavy Fault To Sources
Inject Attack Multiple To Source
Inject Intrinsic Fault To Pipeline
Inject Heavy Fault To Pipeline
Inject Attack To Pipeline
----------- Statistics ------------
	Sources Under Attack: 0
	Sources with Heavy Fault: 0
	Sources with Intrinsic Fault: 0
	Arcs with reduce capacity due to Attack: 0
	Arcs with reduce capacity due to Heavy Fault: 0
	Arcs with reduce capacity due to Intrinsic Fault: 0
	Arcs with Attacks: 0
	Arcs with Heavy Fault: 0
	Arcs with Intrinsic Fault: 0
--------- SOURCES STATISTICS ---------------
Demand del real Source[0]: -31.0, flusso erogato: 10.129999999999997, flusso entrante: 0.0, efficienza: 32.6774193548387 %
Demand del real Source[8]: -10.5, flusso erogato: 3.8600000000000003, flusso entrante: 0.0, efficienza: 36.76190476190476 %
Demand del real Source[9]: -7.1, flusso erogato: 16.229999999999997, flusso entrante: 9.129999999999997, efficienza: 228.59154929577463 %
Demand del real Source[17]: -25.0, flusso erogato: 25.000000000000007, flusso entrante: 0.0, efficienza: 100.00000000000003 %
Flusso totale entrante nei Real Source: 9.129999999999997
Flusso totale uscente dai Real Source: 55.220000000000006
Flusso netto sui real Source: -46.09000000000001
--- SINKS STATISTICS ---
Sink 3 SODDISFATTO. Flusso netto: 3.43, Demand: 3.43, percentage: 100.0
Sink 4 SODDISFATTO. Flusso netto: 0.5700000000000003, Demand: 0.57, percentage: 100.00000000000007
Sink 5 SODDISFATTO. Flusso netto: 0.6600000000000001, Demand: 0.66, percentage: 100.00000000000003
Sink 11 SODDISFATTO. Flusso netto: 1.03, Demand: 1.03, percentage: 100.0
Sink 15 SODDISFATTO. Flusso netto: 0.46, Demand: 0.46, percentage: 100.0
Sink 16 SODDISFATTO. Flusso netto: 8.400000000000002, Demand: 8.4, percentage: 100.00000000000003
Sink 19 SODDISFATTO. Flusso netto: 0.5399999999999991, Demand: 0.54, percentage: 99.99999999999983
Sink 23 SODDISFATTO. Flusso netto: 0.5999999999999999, Demand: 0.6, percentage: 99.99999999999997
Sink 24 SODDISFATTO. Flusso netto: 0.8, Demand: 0.8, percentage: 100.0
Sink 25 SODDISFATTO. Flusso netto: 3.5, Demand: 3.5, percentage: 100.0
Sink 26 SODDISFATTO. Flusso netto: 6.000000000000002, Demand: 6.0, percentage: 100.00000000000003
Sink 28 SODDISFATTO. Flusso netto: 0.4, Demand: 0.4, percentage: 100.0
Sink 30 SODDISFATTO. Flusso netto: 0.9799999999999986, Demand: 0.98, percentage: 99.99999999999987
Sink 31 SODDISFATTO. Flusso netto: 0.4, Demand: 0.4, percentage: 100.0
Sink 32 SODDISFATTO. Flusso netto: 0.9999999999999996, Demand: 1.0, percentage: 99.99999999999996
Sink 34 SODDISFATTO. Flusso netto: 1.74, Demand: 1.74, percentage: 100.0
Sink 35 SODDISFATTO. Flusso netto: 1.3, Demand: 1.3, percentage: 100.0
Sink 37 SODDISFATTO. Flusso netto: 1.0, Demand: 1.0, percentage: 100.0
Sink 39 SODDISFATTO. Flusso netto: 0.4, Demand: 0.4, percentage: 100.0
Sink 40 SODDISFATTO. Flusso netto: 0.5, Demand: 0.5, percentage: 100.0
Sink 41 SODDISFATTO. Flusso netto: 1.06, Demand: 1.06, percentage: 100.0
Sink 42 SODDISFATTO. Flusso netto: 2.8199999999999994, Demand: 2.82, percentage: 99.99999999999999
Sink 45 SODDISFATTO. Flusso netto: 0.68, Demand: 0.68, percentage: 100.0
Sink 46 SODDISFATTO. Flusso netto: 1.17, Demand: 1.17, percentage: 100.0
Sink 49 non è soddisfatto. Flusso netto: 6.6499999999999995, Demand: 7.0, percentage: 95.0
Flusso totale entrante nei SINK: 92.61000000000001
Flusso totale uscente nei SINK: 46.52
Flusso totale netto nei SINK: 46.09000000000001
Total DEMAND dei SINK: 46.44
Percentual di flusso ai SINK: 0.9924633936261846
Numero di Sink soddisfatti: 24.0, numero totale di sink: 25.0
Percentuale di Sink soddisfatti: 0.96

---------------------------------- DAY 136

Update Fixed Elements from Intrinsic Faults
Update Fixed Elements from Heavy Faults
Update Fixed Elements from Attack
Propagate Intrinsic Fault
Propagate Heavy Faults
Propagate Attacks
Inject Intrinsic Failure To Source
Inject Heavy Fault To Sources
Inject Attack Multiple To Source
Inject Intrinsic Fault To Pipeline
Inject Heavy Fault To Pipeline
Inject Attack To Pipeline
----------- Statistics ------------
	Sources Under Attack: 0
	Sources with Heavy Fault: 0
	Sources with Intrinsic Fault: 0
	Arcs with reduce capacity due to Attack: 0
	Arcs with reduce capacity due to Heavy Fault: 0
	Arcs with reduce capacity due to Intrinsic Fault: 0
	Arcs with Attacks: 0
	Arcs with Heavy Fault: 0
	Arcs with Intrinsic Fault: 0
--------- SOURCES STATISTICS ---------------
Demand del real Source[0]: -31.0, flusso erogato: 10.129999999999997, flusso entrante: 0.0, efficienza: 32.6774193548387 %
Demand del real Source[8]: -10.5, flusso erogato: 3.8600000000000003, flusso entrante: 0.0, efficienza: 36.76190476190476 %
Demand del real Source[9]: -7.1, flusso erogato: 16.229999999999997, flusso entrante: 9.129999999999997, efficienza: 228.59154929577463 %
Demand del real Source[17]: -25.0, flusso erogato: 25.000000000000007, flusso entrante: 0.0, efficienza: 100.00000000000003 %
Flusso totale entrante nei Real Source: 9.129999999999997
Flusso totale uscente dai Real Source: 55.220000000000006
Flusso netto sui real Source: -46.09000000000001
--- SINKS STATISTICS ---
Sink 3 SODDISFATTO. Flusso netto: 3.43, Demand: 3.43, percentage: 100.0
Sink 4 SODDISFATTO. Flusso netto: 0.5700000000000003, Demand: 0.57, percentage: 100.00000000000007
Sink 5 SODDISFATTO. Flusso netto: 0.6600000000000001, Demand: 0.66, percentage: 100.00000000000003
Sink 11 SODDISFATTO. Flusso netto: 1.03, Demand: 1.03, percentage: 100.0
Sink 15 SODDISFATTO. Flusso netto: 0.46, Demand: 0.46, percentage: 100.0
Sink 16 SODDISFATTO. Flusso netto: 8.400000000000002, Demand: 8.4, percentage: 100.00000000000003
Sink 19 SODDISFATTO. Flusso netto: 0.5399999999999991, Demand: 0.54, percentage: 99.99999999999983
Sink 23 SODDISFATTO. Flusso netto: 0.5999999999999999, Demand: 0.6, percentage: 99.99999999999997
Sink 24 SODDISFATTO. Flusso netto: 0.8, Demand: 0.8, percentage: 100.0
Sink 25 SODDISFATTO. Flusso netto: 3.5, Demand: 3.5, percentage: 100.0
Sink 26 SODDISFATTO. Flusso netto: 6.000000000000002, Demand: 6.0, percentage: 100.00000000000003
Sink 28 SODDISFATTO. Flusso netto: 0.4, Demand: 0.4, percentage: 100.0
Sink 30 SODDISFATTO. Flusso netto: 0.9799999999999986, Demand: 0.98, percentage: 99.99999999999987
Sink 31 SODDISFATTO. Flusso netto: 0.4, Demand: 0.4, percentage: 100.0
Sink 32 SODDISFATTO. Flusso netto: 0.9999999999999996, Demand: 1.0, percentage: 99.99999999999996
Sink 34 SODDISFATTO. Flusso netto: 1.74, Demand: 1.74, percentage: 100.0
Sink 35 SODDISFATTO. Flusso netto: 1.3, Demand: 1.3, percentage: 100.0
Sink 37 SODDISFATTO. Flusso netto: 1.0, Demand: 1.0, percentage: 100.0
Sink 39 SODDISFATTO. Flusso netto: 0.4, Demand: 0.4, percentage: 100.0
Sink 40 SODDISFATTO. Flusso netto: 0.5, Demand: 0.5, percentage: 100.0
Sink 41 SODDISFATTO. Flusso netto: 1.06, Demand: 1.06, percentage: 100.0
Sink 42 SODDISFATTO. Flusso netto: 2.8199999999999994, Demand: 2.82, percentage: 99.99999999999999
Sink 45 SODDISFATTO. Flusso netto: 0.68, Demand: 0.68, percentage: 100.0
Sink 46 SODDISFATTO. Flusso netto: 1.17, Demand: 1.17, percentage: 100.0
Sink 49 non è soddisfatto. Flusso netto: 6.6499999999999995, Demand: 7.0, percentage: 95.0
Flusso totale entrante nei SINK: 92.61000000000001
Flusso totale uscente nei SINK: 46.52
Flusso totale netto nei SINK: 46.09000000000001
Total DEMAND dei SINK: 46.44
Percentual di flusso ai SINK: 0.9924633936261846
Numero di Sink soddisfatti: 24.0, numero totale di sink: 25.0
Percentuale di Sink soddisfatti: 0.96

---------------------------------- DAY 137

Update Fixed Elements from Intrinsic Faults
Update Fixed Elements from Heavy Faults
Update Fixed Elements from Attack
Propagate Intrinsic Fault
Propagate Heavy Faults
Propagate Attacks
Inject Intrinsic Failure To Source
Inject Heavy Fault To Sources
Inject Attack Multiple To Source
Inject Intrinsic Fault To Pipeline
Inject Heavy Fault To Pipeline
Inject Attack To Pipeline
----------- Statistics ------------
	Sources Under Attack: 0
	Sources with Heavy Fault: 0
	Sources with Intrinsic Fault: 0
	Arcs with reduce capacity due to Attack: 0
	Arcs with reduce capacity due to Heavy Fault: 0
	Arcs with reduce capacity due to Intrinsic Fault: 0
	Arcs with Attacks: 0
	Arcs with Heavy Fault: 0
	Arcs with Intrinsic Fault: 0
--------- SOURCES STATISTICS ---------------
Demand del real Source[0]: -31.0, flusso erogato: 10.129999999999997, flusso entrante: 0.0, efficienza: 32.6774193548387 %
Demand del real Source[8]: -10.5, flusso erogato: 3.8600000000000003, flusso entrante: 0.0, efficienza: 36.76190476190476 %
Demand del real Source[9]: -7.1, flusso erogato: 16.229999999999997, flusso entrante: 9.129999999999997, efficienza: 228.59154929577463 %
Demand del real Source[17]: -25.0, flusso erogato: 25.000000000000007, flusso entrante: 0.0, efficienza: 100.00000000000003 %
Flusso totale entrante nei Real Source: 9.129999999999997
Flusso totale uscente dai Real Source: 55.220000000000006
Flusso netto sui real Source: -46.09000000000001
--- SINKS STATISTICS ---
Sink 3 SODDISFATTO. Flusso netto: 3.43, Demand: 3.43, percentage: 100.0
Sink 4 SODDISFATTO. Flusso netto: 0.5700000000000003, Demand: 0.57, percentage: 100.00000000000007
Sink 5 SODDISFATTO. Flusso netto: 0.6600000000000001, Demand: 0.66, percentage: 100.00000000000003
Sink 11 SODDISFATTO. Flusso netto: 1.03, Demand: 1.03, percentage: 100.0
Sink 15 SODDISFATTO. Flusso netto: 0.46, Demand: 0.46, percentage: 100.0
Sink 16 SODDISFATTO. Flusso netto: 8.400000000000002, Demand: 8.4, percentage: 100.00000000000003
Sink 19 SODDISFATTO. Flusso netto: 0.5399999999999991, Demand: 0.54, percentage: 99.99999999999983
Sink 23 SODDISFATTO. Flusso netto: 0.5999999999999999, Demand: 0.6, percentage: 99.99999999999997
Sink 24 SODDISFATTO. Flusso netto: 0.8, Demand: 0.8, percentage: 100.0
Sink 25 SODDISFATTO. Flusso netto: 3.5, Demand: 3.5, percentage: 100.0
Sink 26 SODDISFATTO. Flusso netto: 6.000000000000002, Demand: 6.0, percentage: 100.00000000000003
Sink 28 SODDISFATTO. Flusso netto: 0.4, Demand: 0.4, percentage: 100.0
Sink 30 SODDISFATTO. Flusso netto: 0.9799999999999986, Demand: 0.98, percentage: 99.99999999999987
Sink 31 SODDISFATTO. Flusso netto: 0.4, Demand: 0.4, percentage: 100.0
Sink 32 SODDISFATTO. Flusso netto: 0.9999999999999996, Demand: 1.0, percentage: 99.99999999999996
Sink 34 SODDISFATTO. Flusso netto: 1.74, Demand: 1.74, percentage: 100.0
Sink 35 SODDISFATTO. Flusso netto: 1.3, Demand: 1.3, percentage: 100.0
Sink 37 SODDISFATTO. Flusso netto: 1.0, Demand: 1.0, percentage: 100.0
Sink 39 SODDISFATTO. Flusso netto: 0.4, Demand: 0.4, percentage: 100.0
Sink 40 SODDISFATTO. Flusso netto: 0.5, Demand: 0.5, percentage: 100.0
Sink 41 SODDISFATTO. Flusso netto: 1.06, Demand: 1.06, percentage: 100.0
Sink 42 SODDISFATTO. Flusso netto: 2.8199999999999994, Demand: 2.82, percentage: 99.99999999999999
Sink 45 SODDISFATTO. Flusso netto: 0.68, Demand: 0.68, percentage: 100.0
Sink 46 SODDISFATTO. Flusso netto: 1.17, Demand: 1.17, percentage: 100.0
Sink 49 non è soddisfatto. Flusso netto: 6.6499999999999995, Demand: 7.0, percentage: 95.0
Flusso totale entrante nei SINK: 92.61000000000001
Flusso totale uscente nei SINK: 46.52
Flusso totale netto nei SINK: 46.09000000000001
Total DEMAND dei SINK: 46.44
Percentual di flusso ai SINK: 0.9924633936261846
Numero di Sink soddisfatti: 24.0, numero totale di sink: 25.0
Percentuale di Sink soddisfatti: 0.96

---------------------------------- DAY 138

Update Fixed Elements from Intrinsic Faults
Update Fixed Elements from Heavy Faults
Update Fixed Elements from Attack
Propagate Intrinsic Fault
Propagate Heavy Faults
Propagate Attacks
Inject Intrinsic Failure To Source
Inject Heavy Fault To Sources
Inject Attack Multiple To Source
Inject Intrinsic Fault To Pipeline
Inject Heavy Fault To Pipeline
Inject Attack To Pipeline
----------- Statistics ------------
	Sources Under Attack: 0
	Sources with Heavy Fault: 0
	Sources with Intrinsic Fault: 0
	Arcs with reduce capacity due to Attack: 0
	Arcs with reduce capacity due to Heavy Fault: 0
	Arcs with reduce capacity due to Intrinsic Fault: 0
	Arcs with Attacks: 0
	Arcs with Heavy Fault: 0
	Arcs with Intrinsic Fault: 0
--------- SOURCES STATISTICS ---------------
Demand del real Source[0]: -31.0, flusso erogato: 10.129999999999997, flusso entrante: 0.0, efficienza: 32.6774193548387 %
Demand del real Source[8]: -10.5, flusso erogato: 3.8600000000000003, flusso entrante: 0.0, efficienza: 36.76190476190476 %
Demand del real Source[9]: -7.1, flusso erogato: 16.229999999999997, flusso entrante: 9.129999999999997, efficienza: 228.59154929577463 %
Demand del real Source[17]: -25.0, flusso erogato: 25.000000000000007, flusso entrante: 0.0, efficienza: 100.00000000000003 %
Flusso totale entrante nei Real Source: 9.129999999999997
Flusso totale uscente dai Real Source: 55.220000000000006
Flusso netto sui real Source: -46.09000000000001
--- SINKS STATISTICS ---
Sink 3 SODDISFATTO. Flusso netto: 3.43, Demand: 3.43, percentage: 100.0
Sink 4 SODDISFATTO. Flusso netto: 0.5700000000000003, Demand: 0.57, percentage: 100.00000000000007
Sink 5 SODDISFATTO. Flusso netto: 0.6600000000000001, Demand: 0.66, percentage: 100.00000000000003
Sink 11 SODDISFATTO. Flusso netto: 1.03, Demand: 1.03, percentage: 100.0
Sink 15 SODDISFATTO. Flusso netto: 0.46, Demand: 0.46, percentage: 100.0
Sink 16 SODDISFATTO. Flusso netto: 8.400000000000002, Demand: 8.4, percentage: 100.00000000000003
Sink 19 SODDISFATTO. Flusso netto: 0.5399999999999991, Demand: 0.54, percentage: 99.99999999999983
Sink 23 SODDISFATTO. Flusso netto: 0.5999999999999999, Demand: 0.6, percentage: 99.99999999999997
Sink 24 SODDISFATTO. Flusso netto: 0.8, Demand: 0.8, percentage: 100.0
Sink 25 SODDISFATTO. Flusso netto: 3.5, Demand: 3.5, percentage: 100.0
Sink 26 SODDISFATTO. Flusso netto: 6.000000000000002, Demand: 6.0, percentage: 100.00000000000003
Sink 28 SODDISFATTO. Flusso netto: 0.4, Demand: 0.4, percentage: 100.0
Sink 30 SODDISFATTO. Flusso netto: 0.9799999999999986, Demand: 0.98, percentage: 99.99999999999987
Sink 31 SODDISFATTO. Flusso netto: 0.4, Demand: 0.4, percentage: 100.0
Sink 32 SODDISFATTO. Flusso netto: 0.9999999999999996, Demand: 1.0, percentage: 99.99999999999996
Sink 34 SODDISFATTO. Flusso netto: 1.74, Demand: 1.74, percentage: 100.0
Sink 35 SODDISFATTO. Flusso netto: 1.3, Demand: 1.3, percentage: 100.0
Sink 37 SODDISFATTO. Flusso netto: 1.0, Demand: 1.0, percentage: 100.0
Sink 39 SODDISFATTO. Flusso netto: 0.4, Demand: 0.4, percentage: 100.0
Sink 40 SODDISFATTO. Flusso netto: 0.5, Demand: 0.5, percentage: 100.0
Sink 41 SODDISFATTO. Flusso netto: 1.06, Demand: 1.06, percentage: 100.0
Sink 42 SODDISFATTO. Flusso netto: 2.8199999999999994, Demand: 2.82, percentage: 99.99999999999999
Sink 45 SODDISFATTO. Flusso netto: 0.68, Demand: 0.68, percentage: 100.0
Sink 46 SODDISFATTO. Flusso netto: 1.17, Demand: 1.17, percentage: 100.0
Sink 49 non è soddisfatto. Flusso netto: 6.6499999999999995, Demand: 7.0, percentage: 95.0
Flusso totale entrante nei SINK: 92.61000000000001
Flusso totale uscente nei SINK: 46.52
Flusso totale netto nei SINK: 46.09000000000001
Total DEMAND dei SINK: 46.44
Percentual di flusso ai SINK: 0.9924633936261846
Numero di Sink soddisfatti: 24.0, numero totale di sink: 25.0
Percentuale di Sink soddisfatti: 0.96

---------------------------------- DAY 139

Update Fixed Elements from Intrinsic Faults
Update Fixed Elements from Heavy Faults
Update Fixed Elements from Attack
Propagate Intrinsic Fault
Propagate Heavy Faults
Propagate Attacks
Inject Intrinsic Failure To Source
Source NODO_2 is failing for an Intrinsic Fault in day: 139
pipeline ARCO_70 has reduced capacity due to NODO_2 Intrinsic fault
pipeline V_EDGE_53_0 has reduced capacity due to NODO_2 Intrinsic fault
pipeline ARCO_0 has reduced capacity due to NODO_2 Intrinsic fault
Inject Heavy Fault To Sources
Inject Attack Multiple To Source
Inject Intrinsic Fault To Pipeline
Inject Heavy Fault To Pipeline
Inject Attack To Pipeline
----------- Statistics ------------
	Sources Under Attack: 0
	Sources with Heavy Fault: 0
	Sources with Intrinsic Fault: 1
	Arcs with reduce capacity due to Attack: 0
	Arcs with reduce capacity due to Heavy Fault: 0
	Arcs with reduce capacity due to Intrinsic Fault: 3
	Arcs with Attacks: 0
	Arcs with Heavy Fault: 0
	Arcs with Intrinsic Fault: 0
--------- SOURCES STATISTICS ---------------
Demand del real Source[0]: -31.0, flusso erogato: 10.129999999999997, flusso entrante: 0.0, efficienza: 32.6774193548387 %
Demand del real Source[8]: -10.5, flusso erogato: 3.8600000000000003, flusso entrante: 0.0, efficienza: 36.76190476190476 %
Demand del real Source[9]: -7.1, flusso erogato: 16.229999999999997, flusso entrante: 9.129999999999997, efficienza: 228.59154929577463 %
Demand del real Source[17]: -25.0, flusso erogato: 25.000000000000007, flusso entrante: 0.0, efficienza: 100.00000000000003 %
Flusso totale entrante nei Real Source: 9.129999999999997
Flusso totale uscente dai Real Source: 55.220000000000006
Flusso netto sui real Source: -46.09000000000001
--- SINKS STATISTICS ---
Sink 3 SODDISFATTO. Flusso netto: 3.43, Demand: 3.43, percentage: 100.0
Sink 4 SODDISFATTO. Flusso netto: 0.5700000000000003, Demand: 0.57, percentage: 100.00000000000007
Sink 5 SODDISFATTO. Flusso netto: 0.6600000000000001, Demand: 0.66, percentage: 100.00000000000003
Sink 11 SODDISFATTO. Flusso netto: 1.03, Demand: 1.03, percentage: 100.0
Sink 15 SODDISFATTO. Flusso netto: 0.46, Demand: 0.46, percentage: 100.0
Sink 16 SODDISFATTO. Flusso netto: 8.400000000000002, Demand: 8.4, percentage: 100.00000000000003
Sink 19 SODDISFATTO. Flusso netto: 0.5399999999999991, Demand: 0.54, percentage: 99.99999999999983
Sink 23 SODDISFATTO. Flusso netto: 0.5999999999999999, Demand: 0.6, percentage: 99.99999999999997
Sink 24 SODDISFATTO. Flusso netto: 0.8, Demand: 0.8, percentage: 100.0
Sink 25 SODDISFATTO. Flusso netto: 3.5, Demand: 3.5, percentage: 100.0
Sink 26 SODDISFATTO. Flusso netto: 6.000000000000002, Demand: 6.0, percentage: 100.00000000000003
Sink 28 SODDISFATTO. Flusso netto: 0.4, Demand: 0.4, percentage: 100.0
Sink 30 SODDISFATTO. Flusso netto: 0.9799999999999986, Demand: 0.98, percentage: 99.99999999999987
Sink 31 SODDISFATTO. Flusso netto: 0.4, Demand: 0.4, percentage: 100.0
Sink 32 SODDISFATTO. Flusso netto: 0.9999999999999996, Demand: 1.0, percentage: 99.99999999999996
Sink 34 SODDISFATTO. Flusso netto: 1.74, Demand: 1.74, percentage: 100.0
Sink 35 SODDISFATTO. Flusso netto: 1.3, Demand: 1.3, percentage: 100.0
Sink 37 SODDISFATTO. Flusso netto: 1.0, Demand: 1.0, percentage: 100.0
Sink 39 SODDISFATTO. Flusso netto: 0.4, Demand: 0.4, percentage: 100.0
Sink 40 SODDISFATTO. Flusso netto: 0.5, Demand: 0.5, percentage: 100.0
Sink 41 SODDISFATTO. Flusso netto: 1.06, Demand: 1.06, percentage: 100.0
Sink 42 SODDISFATTO. Flusso netto: 2.8199999999999994, Demand: 2.82, percentage: 99.99999999999999
Sink 45 SODDISFATTO. Flusso netto: 0.68, Demand: 0.68, percentage: 100.0
Sink 46 SODDISFATTO. Flusso netto: 1.17, Demand: 1.17, percentage: 100.0
Sink 49 non è soddisfatto. Flusso netto: 6.6499999999999995, Demand: 7.0, percentage: 95.0
Flusso totale entrante nei SINK: 92.61000000000001
Flusso totale uscente nei SINK: 46.52
Flusso totale netto nei SINK: 46.09000000000001
Total DEMAND dei SINK: 46.44
Percentual di flusso ai SINK: 0.9924633936261846
Numero di Sink soddisfatti: 24.0, numero totale di sink: 25.0
Percentuale di Sink soddisfatti: 0.96

---------------------------------- DAY 140

Update Fixed Elements from Intrinsic Faults
Update Fixed Elements from Heavy Faults
Update Fixed Elements from Attack
Propagate Intrinsic Fault
Node NODO_2 has still failing due to Intrinsic Fault
pipeline ARCO_70 still has reduced capacity: 24.8 due to Intrinsic Fault
pipeline V_EDGE_53_0 still has reduced capacity: 24.8 due to Intrinsic Fault
pipeline ARCO_0 still has reduced capacity: 24.8 due to Intrinsic Fault
Propagate Heavy Faults
Propagate Attacks
Inject Intrinsic Failure To Source
Source NODO_10 is failing for an Intrinsic Fault in day: 140
pipeline ARCO_17 has reduced capacity due to NODO_10 Intrinsic fault
pipeline ARCO_88 has reduced capacity due to NODO_10 Intrinsic fault
pipeline ARCO_89 has reduced capacity due to NODO_10 Intrinsic fault
pipeline V_EDGE_53_8 has reduced capacity due to NODO_10 Intrinsic fault
pipeline ARCO_18 has reduced capacity due to NODO_10 Intrinsic fault
pipeline ARCO_19 has reduced capacity due to NODO_10 Intrinsic fault
pipeline ARCO_87 has reduced capacity due to NODO_10 Intrinsic fault
Inject Heavy Fault To Sources
Inject Attack Multiple To Source
Inject Intrinsic Fault To Pipeline
Inject Heavy Fault To Pipeline
Inject Attack To Pipeline
----------- Statistics ------------
	Sources Under Attack: 0
	Sources with Heavy Fault: 0
	Sources with Intrinsic Fault: 2
	Arcs with reduce capacity due to Attack: 0
	Arcs with reduce capacity due to Heavy Fault: 0
	Arcs with reduce capacity due to Intrinsic Fault: 10
	Arcs with Attacks: 0
	Arcs with Heavy Fault: 0
	Arcs with Intrinsic Fault: 0
--------- SOURCES STATISTICS ---------------
Demand del real Source[0]: -31.0, flusso erogato: 11.159999999999998, flusso entrante: 0.0, efficienza: 35.99999999999999 %
Demand del real Source[8]: -10.5, flusso erogato: 0.0, flusso entrante: 0.0, efficienza: 0.0 %
Demand del real Source[9]: -7.1, flusso erogato: 17.259999999999998, flusso entrante: 10.159999999999998, efficienza: 243.09859154929575 %
Demand del real Source[17]: -25.0, flusso erogato: 25.000000000000007, flusso entrante: 0.0, efficienza: 100.00000000000003 %
Flusso totale entrante nei Real Source: 10.159999999999998
Flusso totale uscente dai Real Source: 53.42
Flusso netto sui real Source: -43.260000000000005
--- SINKS STATISTICS ---
Sink 3 SODDISFATTO. Flusso netto: 3.43, Demand: 3.43, percentage: 100.0
Sink 4 SODDISFATTO. Flusso netto: 0.5700000000000003, Demand: 0.57, percentage: 100.00000000000007
Sink 5 SODDISFATTO. Flusso netto: 0.6599999999999997, Demand: 0.66, percentage: 99.99999999999994
Sink 11 SODDISFATTO. Flusso netto: 1.03, Demand: 1.03, percentage: 100.0
Sink 15 SODDISFATTO. Flusso netto: 0.46, Demand: 0.46, percentage: 100.0
Sink 16 SODDISFATTO. Flusso netto: 8.400000000000002, Demand: 8.4, percentage: 100.00000000000003
Sink 19 SODDISFATTO. Flusso netto: 0.5399999999999991, Demand: 0.54, percentage: 99.99999999999983
Sink 23 SODDISFATTO. Flusso netto: 0.5999999999999999, Demand: 0.6, percentage: 99.99999999999997
Sink 24 SODDISFATTO. Flusso netto: 0.8, Demand: 0.8, percentage: 100.0
Sink 25 SODDISFATTO. Flusso netto: 3.5, Demand: 3.5, percentage: 100.0
Sink 26 SODDISFATTO. Flusso netto: 6.000000000000002, Demand: 6.0, percentage: 100.00000000000003
Sink 28 SODDISFATTO. Flusso netto: 0.4, Demand: 0.4, percentage: 100.0
Sink 30 SODDISFATTO. Flusso netto: 0.9799999999999986, Demand: 0.98, percentage: 99.99999999999987
Sink 31 SODDISFATTO. Flusso netto: 0.4, Demand: 0.4, percentage: 100.0
Sink 32 SODDISFATTO. Flusso netto: 0.9999999999999996, Demand: 1.0, percentage: 99.99999999999996
Sink 34 SODDISFATTO. Flusso netto: 1.74, Demand: 1.74, percentage: 100.0
Sink 35 SODDISFATTO. Flusso netto: 1.3, Demand: 1.3, percentage: 100.0
Sink 37 SODDISFATTO. Flusso netto: 1.0, Demand: 1.0, percentage: 100.0
Sink 39 SODDISFATTO. Flusso netto: 0.4, Demand: 0.4, percentage: 100.0
Sink 40 SODDISFATTO. Flusso netto: 0.5, Demand: 0.5, percentage: 100.0
Sink 41 SODDISFATTO. Flusso netto: 1.06, Demand: 1.06, percentage: 100.0
Sink 42 SODDISFATTO. Flusso netto: 2.8199999999999994, Demand: 2.82, percentage: 99.99999999999999
Sink 45 SODDISFATTO. Flusso netto: 0.68, Demand: 0.68, percentage: 100.0
Sink 46 SODDISFATTO. Flusso netto: 1.17, Demand: 1.17, percentage: 100.0
Sink 49 non è soddisfatto. Flusso netto: 3.82, Demand: 7.0, percentage: 54.57142857142857
Flusso totale entrante nei SINK: 89.12
Flusso totale uscente nei SINK: 45.86000000000001
Flusso totale netto nei SINK: 43.26
Total DEMAND dei SINK: 46.44
Percentual di flusso ai SINK: 0.9315245478036176
Numero di Sink soddisfatti: 24.0, numero totale di sink: 25.0
Percentuale di Sink soddisfatti: 0.96

---------------------------------- DAY 141

Update Fixed Elements from Intrinsic Faults
Update Fixed Elements from Heavy Faults
Update Fixed Elements from Attack
Propagate Intrinsic Fault
Node NODO_2 has still failing due to Intrinsic Fault
Node NODO_10 has still failing due to Intrinsic Fault
pipeline ARCO_70 still has reduced capacity: 24.8 due to Intrinsic Fault
pipeline V_EDGE_53_0 still has reduced capacity: 24.8 due to Intrinsic Fault
pipeline ARCO_0 still has reduced capacity: 24.8 due to Intrinsic Fault
pipeline ARCO_17 still has reduced capacity: 0.0 due to Intrinsic Fault
pipeline ARCO_88 still has reduced capacity: 0.0 due to Intrinsic Fault
pipeline ARCO_89 still has reduced capacity: 0.0 due to Intrinsic Fault
pipeline V_EDGE_53_8 still has reduced capacity: 0.0 due to Intrinsic Fault
pipeline ARCO_18 still has reduced capacity: 0.0 due to Intrinsic Fault
pipeline ARCO_19 still has reduced capacity: 0.0 due to Intrinsic Fault
pipeline ARCO_87 still has reduced capacity: 0.0 due to Intrinsic Fault
Propagate Heavy Faults
Propagate Attacks
Inject Intrinsic Failure To Source
Inject Heavy Fault To Sources
Inject Attack Multiple To Source
Inject Intrinsic Fault To Pipeline
Inject Heavy Fault To Pipeline
Inject Attack To Pipeline
----------- Statistics ------------
	Sources Under Attack: 0
	Sources with Heavy Fault: 0
	Sources with Intrinsic Fault: 2
	Arcs with reduce capacity due to Attack: 0
	Arcs with reduce capacity due to Heavy Fault: 0
	Arcs with reduce capacity due to Intrinsic Fault: 10
	Arcs with Attacks: 0
	Arcs with Heavy Fault: 0
	Arcs with Intrinsic Fault: 0
--------- SOURCES STATISTICS ---------------
Demand del real Source[0]: -31.0, flusso erogato: 11.159999999999998, flusso entrante: 0.0, efficienza: 35.99999999999999 %
Demand del real Source[8]: -10.5, flusso erogato: 0.0, flusso entrante: 0.0, efficienza: 0.0 %
Demand del real Source[9]: -7.1, flusso erogato: 17.259999999999998, flusso entrante: 10.159999999999998, efficienza: 243.09859154929575 %
Demand del real Source[17]: -25.0, flusso erogato: 25.000000000000007, flusso entrante: 0.0, efficienza: 100.00000000000003 %
Flusso totale entrante nei Real Source: 10.159999999999998
Flusso totale uscente dai Real Source: 53.42
Flusso netto sui real Source: -43.260000000000005
--- SINKS STATISTICS ---
Sink 3 SODDISFATTO. Flusso netto: 3.43, Demand: 3.43, percentage: 100.0
Sink 4 SODDISFATTO. Flusso netto: 0.5700000000000003, Demand: 0.57, percentage: 100.00000000000007
Sink 5 SODDISFATTO. Flusso netto: 0.6599999999999997, Demand: 0.66, percentage: 99.99999999999994
Sink 11 SODDISFATTO. Flusso netto: 1.03, Demand: 1.03, percentage: 100.0
Sink 15 SODDISFATTO. Flusso netto: 0.46, Demand: 0.46, percentage: 100.0
Sink 16 SODDISFATTO. Flusso netto: 8.400000000000002, Demand: 8.4, percentage: 100.00000000000003
Sink 19 SODDISFATTO. Flusso netto: 0.5399999999999991, Demand: 0.54, percentage: 99.99999999999983
Sink 23 SODDISFATTO. Flusso netto: 0.5999999999999999, Demand: 0.6, percentage: 99.99999999999997
Sink 24 SODDISFATTO. Flusso netto: 0.8, Demand: 0.8, percentage: 100.0
Sink 25 SODDISFATTO. Flusso netto: 3.5, Demand: 3.5, percentage: 100.0
Sink 26 SODDISFATTO. Flusso netto: 6.000000000000002, Demand: 6.0, percentage: 100.00000000000003
Sink 28 SODDISFATTO. Flusso netto: 0.4, Demand: 0.4, percentage: 100.0
Sink 30 SODDISFATTO. Flusso netto: 0.9799999999999986, Demand: 0.98, percentage: 99.99999999999987
Sink 31 SODDISFATTO. Flusso netto: 0.4, Demand: 0.4, percentage: 100.0
Sink 32 SODDISFATTO. Flusso netto: 0.9999999999999996, Demand: 1.0, percentage: 99.99999999999996
Sink 34 SODDISFATTO. Flusso netto: 1.74, Demand: 1.74, percentage: 100.0
Sink 35 SODDISFATTO. Flusso netto: 1.3, Demand: 1.3, percentage: 100.0
Sink 37 SODDISFATTO. Flusso netto: 1.0, Demand: 1.0, percentage: 100.0
Sink 39 SODDISFATTO. Flusso netto: 0.4, Demand: 0.4, percentage: 100.0
Sink 40 SODDISFATTO. Flusso netto: 0.5, Demand: 0.5, percentage: 100.0
Sink 41 SODDISFATTO. Flusso netto: 1.06, Demand: 1.06, percentage: 100.0
Sink 42 SODDISFATTO. Flusso netto: 2.8199999999999994, Demand: 2.82, percentage: 99.99999999999999
Sink 45 SODDISFATTO. Flusso netto: 0.68, Demand: 0.68, percentage: 100.0
Sink 46 SODDISFATTO. Flusso netto: 1.17, Demand: 1.17, percentage: 100.0
Sink 49 non è soddisfatto. Flusso netto: 3.82, Demand: 7.0, percentage: 54.57142857142857
Flusso totale entrante nei SINK: 89.12
Flusso totale uscente nei SINK: 45.86000000000001
Flusso totale netto nei SINK: 43.26
Total DEMAND dei SINK: 46.44
Percentual di flusso ai SINK: 0.9315245478036176
Numero di Sink soddisfatti: 24.0, numero totale di sink: 25.0
Percentuale di Sink soddisfatti: 0.96

---------------------------------- DAY 142

Update Fixed Elements from Intrinsic Faults
Source NODO_2 fixed from Intrinsic Fault
Pipeline ARCO_70 fixed due to Source NODO_2 fixing from Intrinsic Fault
Pipeline V_EDGE_53_0 fixed due to Source NODO_2 fixing from Intrinsic Fault
Pipeline ARCO_0 fixed due to Source NODO_2 fixing from Intrinsic Fault
Update Fixed Elements from Heavy Faults
Update Fixed Elements from Attack
Propagate Intrinsic Fault
Node NODO_10 has still failing due to Intrinsic Fault
pipeline ARCO_17 still has reduced capacity: 0.0 due to Intrinsic Fault
pipeline ARCO_88 still has reduced capacity: 0.0 due to Intrinsic Fault
pipeline ARCO_89 still has reduced capacity: 0.0 due to Intrinsic Fault
pipeline V_EDGE_53_8 still has reduced capacity: 0.0 due to Intrinsic Fault
pipeline ARCO_18 still has reduced capacity: 0.0 due to Intrinsic Fault
pipeline ARCO_19 still has reduced capacity: 0.0 due to Intrinsic Fault
pipeline ARCO_87 still has reduced capacity: 0.0 due to Intrinsic Fault
Propagate Heavy Faults
Propagate Attacks
Inject Intrinsic Failure To Source
Source NODO_11 is failing for an Intrinsic Fault in day: 142
pipeline ARCO_3 has reduced capacity due to NODO_11 Intrinsic fault
pipeline ARCO_90 has reduced capacity due to NODO_11 Intrinsic fault
pipeline ARCO_91 has reduced capacity due to NODO_11 Intrinsic fault
pipeline ARCO_92 has reduced capacity due to NODO_11 Intrinsic fault
pipeline V_EDGE_53_9 has reduced capacity due to NODO_11 Intrinsic fault
pipeline ARCO_20 has reduced capacity due to NODO_11 Intrinsic fault
pipeline ARCO_21 has reduced capacity due to NODO_11 Intrinsic fault
pipeline ARCO_22 has reduced capacity due to NODO_11 Intrinsic fault
pipeline ARCO_73 has reduced capacity due to NODO_11 Intrinsic fault
Inject Heavy Fault To Sources
Inject Attack Multiple To Source
Inject Intrinsic Fault To Pipeline
Inject Heavy Fault To Pipeline
Inject Attack To Pipeline
----------- Statistics ------------
	Sources Under Attack: 0
	Sources with Heavy Fault: 0
	Sources with Intrinsic Fault: 2
	Arcs with reduce capacity due to Attack: 0
	Arcs with reduce capacity due to Heavy Fault: 0
	Arcs with reduce capacity due to Intrinsic Fault: 16
	Arcs with Attacks: 0
	Arcs with Heavy Fault: 0
	Arcs with Intrinsic Fault: 0
--------- SOURCES STATISTICS ---------------
Demand del real Source[0]: -31.0, flusso erogato: 12.427999999999997, flusso entrante: 0.0, efficienza: 40.09032258064516 %
Demand del real Source[8]: -10.5, flusso erogato: 0.0, flusso entrante: 0.0, efficienza: 0.0 %
Demand del real Source[9]: -7.1, flusso erogato: 17.107999999999997, flusso entrante: 11.427999999999999, efficienza: 240.9577464788732 %
Demand del real Source[17]: -25.0, flusso erogato: 25.000000000000007, flusso entrante: 0.0, efficienza: 100.00000000000003 %
Flusso totale entrante nei Real Source: 11.427999999999999
Flusso totale uscente dai Real Source: 54.536
Flusso netto sui real Source: -43.108000000000004
--- SINKS STATISTICS ---
Sink 3 SODDISFATTO. Flusso netto: 3.43, Demand: 3.43, percentage: 100.0
Sink 4 SODDISFATTO. Flusso netto: 0.5700000000000003, Demand: 0.57, percentage: 100.00000000000007
Sink 5 SODDISFATTO. Flusso netto: 0.6599999999999997, Demand: 0.66, percentage: 99.99999999999994
Sink 11 SODDISFATTO. Flusso netto: 1.03, Demand: 1.03, percentage: 100.0
Sink 15 SODDISFATTO. Flusso netto: 0.46, Demand: 0.46, percentage: 100.0
Sink 16 SODDISFATTO. Flusso netto: 8.400000000000002, Demand: 8.4, percentage: 100.00000000000003
Sink 19 SODDISFATTO. Flusso netto: 0.5399999999999991, Demand: 0.54, percentage: 99.99999999999983
Sink 23 SODDISFATTO. Flusso netto: 0.5999999999999999, Demand: 0.6, percentage: 99.99999999999997
Sink 24 SODDISFATTO. Flusso netto: 0.8, Demand: 0.8, percentage: 100.0
Sink 25 SODDISFATTO. Flusso netto: 3.5, Demand: 3.5, percentage: 100.0
Sink 26 SODDISFATTO. Flusso netto: 6.000000000000002, Demand: 6.0, percentage: 100.00000000000003
Sink 28 SODDISFATTO. Flusso netto: 0.4, Demand: 0.4, percentage: 100.0
Sink 30 SODDISFATTO. Flusso netto: 0.9799999999999986, Demand: 0.98, percentage: 99.99999999999987
Sink 31 SODDISFATTO. Flusso netto: 0.4, Demand: 0.4, percentage: 100.0
Sink 32 SODDISFATTO. Flusso netto: 0.9999999999999996, Demand: 1.0, percentage: 99.99999999999996
Sink 34 SODDISFATTO. Flusso netto: 1.74, Demand: 1.74, percentage: 100.0
Sink 35 SODDISFATTO. Flusso netto: 1.3, Demand: 1.3, percentage: 100.0
Sink 37 SODDISFATTO. Flusso netto: 1.0, Demand: 1.0, percentage: 100.0
Sink 39 SODDISFATTO. Flusso netto: 0.4, Demand: 0.4, percentage: 100.0
Sink 40 SODDISFATTO. Flusso netto: 0.5, Demand: 0.5, percentage: 100.0
Sink 41 SODDISFATTO. Flusso netto: 1.0599999999999996, Demand: 1.06, percentage: 99.99999999999996
Sink 42 SODDISFATTO. Flusso netto: 2.8200000000000003, Demand: 2.82, percentage: 100.00000000000003
Sink 45 SODDISFATTO. Flusso netto: 0.68, Demand: 0.68, percentage: 100.0
Sink 46 SODDISFATTO. Flusso netto: 1.17, Demand: 1.17, percentage: 100.0
Sink 49 non è soddisfatto. Flusso netto: 3.6679999999999997, Demand: 7.0, percentage: 52.39999999999999
Flusso totale entrante nei SINK: 91.75200000000002
Flusso totale uscente nei SINK: 48.64399999999999
Flusso totale netto nei SINK: 43.10800000000003
Total DEMAND dei SINK: 46.44
Percentual di flusso ai SINK: 0.9282515073212755
Numero di Sink soddisfatti: 24.0, numero totale di sink: 25.0
Percentuale di Sink soddisfatti: 0.96

---------------------------------- DAY 143

Update Fixed Elements from Intrinsic Faults
Update Fixed Elements from Heavy Faults
Update Fixed Elements from Attack
Propagate Intrinsic Fault
Node NODO_10 has still failing due to Intrinsic Fault
Node NODO_11 has still failing due to Intrinsic Fault
pipeline ARCO_17 still has reduced capacity: 0.0 due to Intrinsic Fault
pipeline ARCO_88 still has reduced capacity: 0.0 due to Intrinsic Fault
pipeline ARCO_89 still has reduced capacity: 0.0 due to Intrinsic Fault
pipeline V_EDGE_53_8 still has reduced capacity: 0.0 due to Intrinsic Fault
pipeline ARCO_18 still has reduced capacity: 0.0 due to Intrinsic Fault
pipeline ARCO_19 still has reduced capacity: 0.0 due to Intrinsic Fault
pipeline ARCO_87 still has reduced capacity: 0.0 due to Intrinsic Fault
pipeline ARCO_3 still has reduced capacity: 9.688 due to Intrinsic Fault
pipeline ARCO_90 still has reduced capacity: 1.6 due to Intrinsic Fault
pipeline ARCO_91 still has reduced capacity: 9.688 due to Intrinsic Fault
pipeline ARCO_92 still has reduced capacity: 39.328 due to Intrinsic Fault
pipeline V_EDGE_53_9 still has reduced capacity: 5.68 due to Intrinsic Fault
pipeline ARCO_20 still has reduced capacity: 1.6 due to Intrinsic Fault
pipeline ARCO_21 still has reduced capacity: 9.688 due to Intrinsic Fault
pipeline ARCO_22 still has reduced capacity: 39.328 due to Intrinsic Fault
pipeline ARCO_73 still has reduced capacity: 9.688 due to Intrinsic Fault
Propagate Heavy Faults
Propagate Attacks
Inject Intrinsic Failure To Source
Inject Heavy Fault To Sources
Inject Attack Multiple To Source
Inject Intrinsic Fault To Pipeline
Inject Heavy Fault To Pipeline
Inject Attack To Pipeline
----------- Statistics ------------
	Sources Under Attack: 0
	Sources with Heavy Fault: 0
	Sources with Intrinsic Fault: 2
	Arcs with reduce capacity due to Attack: 0
	Arcs with reduce capacity due to Heavy Fault: 0
	Arcs with reduce capacity due to Intrinsic Fault: 16
	Arcs with Attacks: 0
	Arcs with Heavy Fault: 0
	Arcs with Intrinsic Fault: 0
--------- SOURCES STATISTICS ---------------
Demand del real Source[0]: -31.0, flusso erogato: 12.427999999999997, flusso entrante: 0.0, efficienza: 40.09032258064516 %
Demand del real Source[8]: -10.5, flusso erogato: 0.0, flusso entrante: 0.0, efficienza: 0.0 %
Demand del real Source[9]: -7.1, flusso erogato: 17.107999999999997, flusso entrante: 11.427999999999999, efficienza: 240.9577464788732 %
Demand del real Source[17]: -25.0, flusso erogato: 25.000000000000007, flusso entrante: 0.0, efficienza: 100.00000000000003 %
Flusso totale entrante nei Real Source: 11.427999999999999
Flusso totale uscente dai Real Source: 54.536
Flusso netto sui real Source: -43.108000000000004
--- SINKS STATISTICS ---
Sink 3 SODDISFATTO. Flusso netto: 3.43, Demand: 3.43, percentage: 100.0
Sink 4 SODDISFATTO. Flusso netto: 0.5700000000000003, Demand: 0.57, percentage: 100.00000000000007
Sink 5 SODDISFATTO. Flusso netto: 0.6599999999999997, Demand: 0.66, percentage: 99.99999999999994
Sink 11 SODDISFATTO. Flusso netto: 1.03, Demand: 1.03, percentage: 100.0
Sink 15 SODDISFATTO. Flusso netto: 0.46, Demand: 0.46, percentage: 100.0
Sink 16 SODDISFATTO. Flusso netto: 8.400000000000002, Demand: 8.4, percentage: 100.00000000000003
Sink 19 SODDISFATTO. Flusso netto: 0.5399999999999991, Demand: 0.54, percentage: 99.99999999999983
Sink 23 SODDISFATTO. Flusso netto: 0.5999999999999999, Demand: 0.6, percentage: 99.99999999999997
Sink 24 SODDISFATTO. Flusso netto: 0.8, Demand: 0.8, percentage: 100.0
Sink 25 SODDISFATTO. Flusso netto: 3.5, Demand: 3.5, percentage: 100.0
Sink 26 SODDISFATTO. Flusso netto: 6.000000000000002, Demand: 6.0, percentage: 100.00000000000003
Sink 28 SODDISFATTO. Flusso netto: 0.4, Demand: 0.4, percentage: 100.0
Sink 30 SODDISFATTO. Flusso netto: 0.9799999999999986, Demand: 0.98, percentage: 99.99999999999987
Sink 31 SODDISFATTO. Flusso netto: 0.4, Demand: 0.4, percentage: 100.0
Sink 32 SODDISFATTO. Flusso netto: 0.9999999999999996, Demand: 1.0, percentage: 99.99999999999996
Sink 34 SODDISFATTO. Flusso netto: 1.74, Demand: 1.74, percentage: 100.0
Sink 35 SODDISFATTO. Flusso netto: 1.3, Demand: 1.3, percentage: 100.0
Sink 37 SODDISFATTO. Flusso netto: 1.0, Demand: 1.0, percentage: 100.0
Sink 39 SODDISFATTO. Flusso netto: 0.4, Demand: 0.4, percentage: 100.0
Sink 40 SODDISFATTO. Flusso netto: 0.5, Demand: 0.5, percentage: 100.0
Sink 41 SODDISFATTO. Flusso netto: 1.0599999999999996, Demand: 1.06, percentage: 99.99999999999996
Sink 42 SODDISFATTO. Flusso netto: 2.8200000000000003, Demand: 2.82, percentage: 100.00000000000003
Sink 45 SODDISFATTO. Flusso netto: 0.68, Demand: 0.68, percentage: 100.0
Sink 46 SODDISFATTO. Flusso netto: 1.17, Demand: 1.17, percentage: 100.0
Sink 49 non è soddisfatto. Flusso netto: 3.6679999999999997, Demand: 7.0, percentage: 52.39999999999999
Flusso totale entrante nei SINK: 91.75200000000002
Flusso totale uscente nei SINK: 48.64399999999999
Flusso totale netto nei SINK: 43.10800000000003
Total DEMAND dei SINK: 46.44
Percentual di flusso ai SINK: 0.9282515073212755
Numero di Sink soddisfatti: 24.0, numero totale di sink: 25.0
Percentuale di Sink soddisfatti: 0.96

---------------------------------- DAY 144

Update Fixed Elements from Intrinsic Faults
Update Fixed Elements from Heavy Faults
Update Fixed Elements from Attack
Propagate Intrinsic Fault
Node NODO_10 has still failing due to Intrinsic Fault
Node NODO_11 has still failing due to Intrinsic Fault
pipeline ARCO_17 still has reduced capacity: 0.0 due to Intrinsic Fault
pipeline ARCO_88 still has reduced capacity: 0.0 due to Intrinsic Fault
pipeline ARCO_89 still has reduced capacity: 0.0 due to Intrinsic Fault
pipeline V_EDGE_53_8 still has reduced capacity: 0.0 due to Intrinsic Fault
pipeline ARCO_18 still has reduced capacity: 0.0 due to Intrinsic Fault
pipeline ARCO_19 still has reduced capacity: 0.0 due to Intrinsic Fault
pipeline ARCO_87 still has reduced capacity: 0.0 due to Intrinsic Fault
pipeline ARCO_3 still has reduced capacity: 9.688 due to Intrinsic Fault
pipeline ARCO_90 still has reduced capacity: 1.6 due to Intrinsic Fault
pipeline ARCO_91 still has reduced capacity: 9.688 due to Intrinsic Fault
pipeline ARCO_92 still has reduced capacity: 39.328 due to Intrinsic Fault
pipeline V_EDGE_53_9 still has reduced capacity: 5.68 due to Intrinsic Fault
pipeline ARCO_20 still has reduced capacity: 1.6 due to Intrinsic Fault
pipeline ARCO_21 still has reduced capacity: 9.688 due to Intrinsic Fault
pipeline ARCO_22 still has reduced capacity: 39.328 due to Intrinsic Fault
pipeline ARCO_73 still has reduced capacity: 9.688 due to Intrinsic Fault
Propagate Heavy Faults
Propagate Attacks
Inject Intrinsic Failure To Source
Inject Heavy Fault To Sources
Inject Attack Multiple To Source
Inject Intrinsic Fault To Pipeline
Inject Heavy Fault To Pipeline
Inject Attack To Pipeline
----------- Statistics ------------
	Sources Under Attack: 0
	Sources with Heavy Fault: 0
	Sources with Intrinsic Fault: 2
	Arcs with reduce capacity due to Attack: 0
	Arcs with reduce capacity due to Heavy Fault: 0
	Arcs with reduce capacity due to Intrinsic Fault: 16
	Arcs with Attacks: 0
	Arcs with Heavy Fault: 0
	Arcs with Intrinsic Fault: 0
--------- SOURCES STATISTICS ---------------
Demand del real Source[0]: -31.0, flusso erogato: 12.427999999999997, flusso entrante: 0.0, efficienza: 40.09032258064516 %
Demand del real Source[8]: -10.5, flusso erogato: 0.0, flusso entrante: 0.0, efficienza: 0.0 %
Demand del real Source[9]: -7.1, flusso erogato: 17.107999999999997, flusso entrante: 11.427999999999999, efficienza: 240.9577464788732 %
Demand del real Source[17]: -25.0, flusso erogato: 25.000000000000007, flusso entrante: 0.0, efficienza: 100.00000000000003 %
Flusso totale entrante nei Real Source: 11.427999999999999
Flusso totale uscente dai Real Source: 54.536
Flusso netto sui real Source: -43.108000000000004
--- SINKS STATISTICS ---
Sink 3 SODDISFATTO. Flusso netto: 3.43, Demand: 3.43, percentage: 100.0
Sink 4 SODDISFATTO. Flusso netto: 0.5700000000000003, Demand: 0.57, percentage: 100.00000000000007
Sink 5 SODDISFATTO. Flusso netto: 0.6599999999999997, Demand: 0.66, percentage: 99.99999999999994
Sink 11 SODDISFATTO. Flusso netto: 1.03, Demand: 1.03, percentage: 100.0
Sink 15 SODDISFATTO. Flusso netto: 0.46, Demand: 0.46, percentage: 100.0
Sink 16 SODDISFATTO. Flusso netto: 8.400000000000002, Demand: 8.4, percentage: 100.00000000000003
Sink 19 SODDISFATTO. Flusso netto: 0.5399999999999991, Demand: 0.54, percentage: 99.99999999999983
Sink 23 SODDISFATTO. Flusso netto: 0.5999999999999999, Demand: 0.6, percentage: 99.99999999999997
Sink 24 SODDISFATTO. Flusso netto: 0.8, Demand: 0.8, percentage: 100.0
Sink 25 SODDISFATTO. Flusso netto: 3.5, Demand: 3.5, percentage: 100.0
Sink 26 SODDISFATTO. Flusso netto: 6.000000000000002, Demand: 6.0, percentage: 100.00000000000003
Sink 28 SODDISFATTO. Flusso netto: 0.4, Demand: 0.4, percentage: 100.0
Sink 30 SODDISFATTO. Flusso netto: 0.9799999999999986, Demand: 0.98, percentage: 99.99999999999987
Sink 31 SODDISFATTO. Flusso netto: 0.4, Demand: 0.4, percentage: 100.0
Sink 32 SODDISFATTO. Flusso netto: 0.9999999999999996, Demand: 1.0, percentage: 99.99999999999996
Sink 34 SODDISFATTO. Flusso netto: 1.74, Demand: 1.74, percentage: 100.0
Sink 35 SODDISFATTO. Flusso netto: 1.3, Demand: 1.3, percentage: 100.0
Sink 37 SODDISFATTO. Flusso netto: 1.0, Demand: 1.0, percentage: 100.0
Sink 39 SODDISFATTO. Flusso netto: 0.4, Demand: 0.4, percentage: 100.0
Sink 40 SODDISFATTO. Flusso netto: 0.5, Demand: 0.5, percentage: 100.0
Sink 41 SODDISFATTO. Flusso netto: 1.0599999999999996, Demand: 1.06, percentage: 99.99999999999996
Sink 42 SODDISFATTO. Flusso netto: 2.8200000000000003, Demand: 2.82, percentage: 100.00000000000003
Sink 45 SODDISFATTO. Flusso netto: 0.68, Demand: 0.68, percentage: 100.0
Sink 46 SODDISFATTO. Flusso netto: 1.17, Demand: 1.17, percentage: 100.0
Sink 49 non è soddisfatto. Flusso netto: 3.6679999999999997, Demand: 7.0, percentage: 52.39999999999999
Flusso totale entrante nei SINK: 91.75200000000002
Flusso totale uscente nei SINK: 48.64399999999999
Flusso totale netto nei SINK: 43.10800000000003
Total DEMAND dei SINK: 46.44
Percentual di flusso ai SINK: 0.9282515073212755
Numero di Sink soddisfatti: 24.0, numero totale di sink: 25.0
Percentuale di Sink soddisfatti: 0.96

---------------------------------- DAY 145

Update Fixed Elements from Intrinsic Faults
Source NODO_10 fixed from Intrinsic Fault
Pipeline ARCO_17 fixed due to Source NODO_10 fixing from Intrinsic Fault
Pipeline ARCO_88 fixed due to Source NODO_10 fixing from Intrinsic Fault
Pipeline ARCO_89 fixed due to Source NODO_10 fixing from Intrinsic Fault
Pipeline V_EDGE_53_8 fixed due to Source NODO_10 fixing from Intrinsic Fault
Pipeline ARCO_18 fixed due to Source NODO_10 fixing from Intrinsic Fault
Pipeline ARCO_19 fixed due to Source NODO_10 fixing from Intrinsic Fault
Pipeline ARCO_87 fixed due to Source NODO_10 fixing from Intrinsic Fault
Source NODO_11 fixed from Intrinsic Fault
Pipeline ARCO_3 fixed due to Source NODO_11 fixing from Intrinsic Fault
Pipeline ARCO_90 fixed due to Source NODO_11 fixing from Intrinsic Fault
Pipeline ARCO_91 fixed due to Source NODO_11 fixing from Intrinsic Fault
Pipeline ARCO_92 fixed due to Source NODO_11 fixing from Intrinsic Fault
Pipeline V_EDGE_53_9 fixed due to Source NODO_11 fixing from Intrinsic Fault
Pipeline ARCO_20 fixed due to Source NODO_11 fixing from Intrinsic Fault
Pipeline ARCO_21 fixed due to Source NODO_11 fixing from Intrinsic Fault
Pipeline ARCO_22 fixed due to Source NODO_11 fixing from Intrinsic Fault
Pipeline ARCO_73 fixed due to Source NODO_11 fixing from Intrinsic Fault
Update Fixed Elements from Heavy Faults
Update Fixed Elements from Attack
Propagate Intrinsic Fault
Propagate Heavy Faults
Propagate Attacks
Inject Intrinsic Failure To Source
Source NODO_2 is failing for an Intrinsic Fault in day: 145
pipeline ARCO_70 has reduced capacity due to NODO_2 Intrinsic fault
pipeline V_EDGE_53_0 has reduced capacity due to NODO_2 Intrinsic fault
pipeline ARCO_0 has reduced capacity due to NODO_2 Intrinsic fault
Inject Heavy Fault To Sources
Inject Attack Multiple To Source
Inject Intrinsic Fault To Pipeline
Inject Heavy Fault To Pipeline
Inject Attack To Pipeline
----------- Statistics ------------
	Sources Under Attack: 0
	Sources with Heavy Fault: 0
	Sources with Intrinsic Fault: 1
	Arcs with reduce capacity due to Attack: 0
	Arcs with reduce capacity due to Heavy Fault: 0
	Arcs with reduce capacity due to Intrinsic Fault: 3
	Arcs with Attacks: 0
	Arcs with Heavy Fault: 0
	Arcs with Intrinsic Fault: 0
--------- SOURCES STATISTICS ---------------
Demand del real Source[0]: -31.0, flusso erogato: 10.129999999999997, flusso entrante: 0.0, efficienza: 32.6774193548387 %
Demand del real Source[8]: -10.5, flusso erogato: 3.8600000000000003, flusso entrante: 0.0, efficienza: 36.76190476190476 %
Demand del real Source[9]: -7.1, flusso erogato: 16.229999999999997, flusso entrante: 9.129999999999997, efficienza: 228.59154929577463 %
Demand del real Source[17]: -25.0, flusso erogato: 25.000000000000007, flusso entrante: 0.0, efficienza: 100.00000000000003 %
Flusso totale entrante nei Real Source: 9.129999999999997
Flusso totale uscente dai Real Source: 55.220000000000006
Flusso netto sui real Source: -46.09000000000001
--- SINKS STATISTICS ---
Sink 3 SODDISFATTO. Flusso netto: 3.43, Demand: 3.43, percentage: 100.0
Sink 4 SODDISFATTO. Flusso netto: 0.5700000000000003, Demand: 0.57, percentage: 100.00000000000007
Sink 5 SODDISFATTO. Flusso netto: 0.6600000000000001, Demand: 0.66, percentage: 100.00000000000003
Sink 11 SODDISFATTO. Flusso netto: 1.03, Demand: 1.03, percentage: 100.0
Sink 15 SODDISFATTO. Flusso netto: 0.46, Demand: 0.46, percentage: 100.0
Sink 16 SODDISFATTO. Flusso netto: 8.400000000000002, Demand: 8.4, percentage: 100.00000000000003
Sink 19 SODDISFATTO. Flusso netto: 0.5399999999999991, Demand: 0.54, percentage: 99.99999999999983
Sink 23 SODDISFATTO. Flusso netto: 0.5999999999999999, Demand: 0.6, percentage: 99.99999999999997
Sink 24 SODDISFATTO. Flusso netto: 0.8, Demand: 0.8, percentage: 100.0
Sink 25 SODDISFATTO. Flusso netto: 3.5, Demand: 3.5, percentage: 100.0
Sink 26 SODDISFATTO. Flusso netto: 6.000000000000002, Demand: 6.0, percentage: 100.00000000000003
Sink 28 SODDISFATTO. Flusso netto: 0.4, Demand: 0.4, percentage: 100.0
Sink 30 SODDISFATTO. Flusso netto: 0.9799999999999986, Demand: 0.98, percentage: 99.99999999999987
Sink 31 SODDISFATTO. Flusso netto: 0.4, Demand: 0.4, percentage: 100.0
Sink 32 SODDISFATTO. Flusso netto: 0.9999999999999996, Demand: 1.0, percentage: 99.99999999999996
Sink 34 SODDISFATTO. Flusso netto: 1.74, Demand: 1.74, percentage: 100.0
Sink 35 SODDISFATTO. Flusso netto: 1.3, Demand: 1.3, percentage: 100.0
Sink 37 SODDISFATTO. Flusso netto: 1.0, Demand: 1.0, percentage: 100.0
Sink 39 SODDISFATTO. Flusso netto: 0.4, Demand: 0.4, percentage: 100.0
Sink 40 SODDISFATTO. Flusso netto: 0.5, Demand: 0.5, percentage: 100.0
Sink 41 SODDISFATTO. Flusso netto: 1.06, Demand: 1.06, percentage: 100.0
Sink 42 SODDISFATTO. Flusso netto: 2.8199999999999994, Demand: 2.82, percentage: 99.99999999999999
Sink 45 SODDISFATTO. Flusso netto: 0.68, Demand: 0.68, percentage: 100.0
Sink 46 SODDISFATTO. Flusso netto: 1.17, Demand: 1.17, percentage: 100.0
Sink 49 non è soddisfatto. Flusso netto: 6.6499999999999995, Demand: 7.0, percentage: 95.0
Flusso totale entrante nei SINK: 92.61000000000001
Flusso totale uscente nei SINK: 46.52
Flusso totale netto nei SINK: 46.09000000000001
Total DEMAND dei SINK: 46.44
Percentual di flusso ai SINK: 0.9924633936261846
Numero di Sink soddisfatti: 24.0, numero totale di sink: 25.0
Percentuale di Sink soddisfatti: 0.96

---------------------------------- DAY 146

Update Fixed Elements from Intrinsic Faults
Update Fixed Elements from Heavy Faults
Update Fixed Elements from Attack
Propagate Intrinsic Fault
Node NODO_2 has still failing due to Intrinsic Fault
pipeline ARCO_70 still has reduced capacity: 24.8 due to Intrinsic Fault
pipeline V_EDGE_53_0 still has reduced capacity: 24.8 due to Intrinsic Fault
pipeline ARCO_0 still has reduced capacity: 24.8 due to Intrinsic Fault
Propagate Heavy Faults
Propagate Attacks
Inject Intrinsic Failure To Source
Inject Heavy Fault To Sources
Inject Attack Multiple To Source
Inject Intrinsic Fault To Pipeline
Inject Heavy Fault To Pipeline
Inject Attack To Pipeline
----------- Statistics ------------
	Sources Under Attack: 0
	Sources with Heavy Fault: 0
	Sources with Intrinsic Fault: 1
	Arcs with reduce capacity due to Attack: 0
	Arcs with reduce capacity due to Heavy Fault: 0
	Arcs with reduce capacity due to Intrinsic Fault: 3
	Arcs with Attacks: 0
	Arcs with Heavy Fault: 0
	Arcs with Intrinsic Fault: 0
--------- SOURCES STATISTICS ---------------
Demand del real Source[0]: -31.0, flusso erogato: 10.129999999999997, flusso entrante: 0.0, efficienza: 32.6774193548387 %
Demand del real Source[8]: -10.5, flusso erogato: 3.8600000000000003, flusso entrante: 0.0, efficienza: 36.76190476190476 %
Demand del real Source[9]: -7.1, flusso erogato: 16.229999999999997, flusso entrante: 9.129999999999997, efficienza: 228.59154929577463 %
Demand del real Source[17]: -25.0, flusso erogato: 25.000000000000007, flusso entrante: 0.0, efficienza: 100.00000000000003 %
Flusso totale entrante nei Real Source: 9.129999999999997
Flusso totale uscente dai Real Source: 55.220000000000006
Flusso netto sui real Source: -46.09000000000001
--- SINKS STATISTICS ---
Sink 3 SODDISFATTO. Flusso netto: 3.43, Demand: 3.43, percentage: 100.0
Sink 4 SODDISFATTO. Flusso netto: 0.5700000000000003, Demand: 0.57, percentage: 100.00000000000007
Sink 5 SODDISFATTO. Flusso netto: 0.6600000000000001, Demand: 0.66, percentage: 100.00000000000003
Sink 11 SODDISFATTO. Flusso netto: 1.03, Demand: 1.03, percentage: 100.0
Sink 15 SODDISFATTO. Flusso netto: 0.46, Demand: 0.46, percentage: 100.0
Sink 16 SODDISFATTO. Flusso netto: 8.400000000000002, Demand: 8.4, percentage: 100.00000000000003
Sink 19 SODDISFATTO. Flusso netto: 0.5399999999999991, Demand: 0.54, percentage: 99.99999999999983
Sink 23 SODDISFATTO. Flusso netto: 0.5999999999999999, Demand: 0.6, percentage: 99.99999999999997
Sink 24 SODDISFATTO. Flusso netto: 0.8, Demand: 0.8, percentage: 100.0
Sink 25 SODDISFATTO. Flusso netto: 3.5, Demand: 3.5, percentage: 100.0
Sink 26 SODDISFATTO. Flusso netto: 6.000000000000002, Demand: 6.0, percentage: 100.00000000000003
Sink 28 SODDISFATTO. Flusso netto: 0.4, Demand: 0.4, percentage: 100.0
Sink 30 SODDISFATTO. Flusso netto: 0.9799999999999986, Demand: 0.98, percentage: 99.99999999999987
Sink 31 SODDISFATTO. Flusso netto: 0.4, Demand: 0.4, percentage: 100.0
Sink 32 SODDISFATTO. Flusso netto: 0.9999999999999996, Demand: 1.0, percentage: 99.99999999999996
Sink 34 SODDISFATTO. Flusso netto: 1.74, Demand: 1.74, percentage: 100.0
Sink 35 SODDISFATTO. Flusso netto: 1.3, Demand: 1.3, percentage: 100.0
Sink 37 SODDISFATTO. Flusso netto: 1.0, Demand: 1.0, percentage: 100.0
Sink 39 SODDISFATTO. Flusso netto: 0.4, Demand: 0.4, percentage: 100.0
Sink 40 SODDISFATTO. Flusso netto: 0.5, Demand: 0.5, percentage: 100.0
Sink 41 SODDISFATTO. Flusso netto: 1.06, Demand: 1.06, percentage: 100.0
Sink 42 SODDISFATTO. Flusso netto: 2.8199999999999994, Demand: 2.82, percentage: 99.99999999999999
Sink 45 SODDISFATTO. Flusso netto: 0.68, Demand: 0.68, percentage: 100.0
Sink 46 SODDISFATTO. Flusso netto: 1.17, Demand: 1.17, percentage: 100.0
Sink 49 non è soddisfatto. Flusso netto: 6.6499999999999995, Demand: 7.0, percentage: 95.0
Flusso totale entrante nei SINK: 92.61000000000001
Flusso totale uscente nei SINK: 46.52
Flusso totale netto nei SINK: 46.09000000000001
Total DEMAND dei SINK: 46.44
Percentual di flusso ai SINK: 0.9924633936261846
Numero di Sink soddisfatti: 24.0, numero totale di sink: 25.0
Percentuale di Sink soddisfatti: 0.96

---------------------------------- DAY 147

Update Fixed Elements from Intrinsic Faults
Update Fixed Elements from Heavy Faults
Update Fixed Elements from Attack
Propagate Intrinsic Fault
Node NODO_2 has still failing due to Intrinsic Fault
pipeline ARCO_70 still has reduced capacity: 24.8 due to Intrinsic Fault
pipeline V_EDGE_53_0 still has reduced capacity: 24.8 due to Intrinsic Fault
pipeline ARCO_0 still has reduced capacity: 24.8 due to Intrinsic Fault
Propagate Heavy Faults
Propagate Attacks
Inject Intrinsic Failure To Source
Inject Heavy Fault To Sources
Inject Attack Multiple To Source
Inject Intrinsic Fault To Pipeline
Inject Heavy Fault To Pipeline
Inject Attack To Pipeline
----------- Statistics ------------
	Sources Under Attack: 0
	Sources with Heavy Fault: 0
	Sources with Intrinsic Fault: 1
	Arcs with reduce capacity due to Attack: 0
	Arcs with reduce capacity due to Heavy Fault: 0
	Arcs with reduce capacity due to Intrinsic Fault: 3
	Arcs with Attacks: 0
	Arcs with Heavy Fault: 0
	Arcs with Intrinsic Fault: 0
--------- SOURCES STATISTICS ---------------
Demand del real Source[0]: -31.0, flusso erogato: 10.129999999999997, flusso entrante: 0.0, efficienza: 32.6774193548387 %
Demand del real Source[8]: -10.5, flusso erogato: 3.8600000000000003, flusso entrante: 0.0, efficienza: 36.76190476190476 %
Demand del real Source[9]: -7.1, flusso erogato: 16.229999999999997, flusso entrante: 9.129999999999997, efficienza: 228.59154929577463 %
Demand del real Source[17]: -25.0, flusso erogato: 25.000000000000007, flusso entrante: 0.0, efficienza: 100.00000000000003 %
Flusso totale entrante nei Real Source: 9.129999999999997
Flusso totale uscente dai Real Source: 55.220000000000006
Flusso netto sui real Source: -46.09000000000001
--- SINKS STATISTICS ---
Sink 3 SODDISFATTO. Flusso netto: 3.43, Demand: 3.43, percentage: 100.0
Sink 4 SODDISFATTO. Flusso netto: 0.5700000000000003, Demand: 0.57, percentage: 100.00000000000007
Sink 5 SODDISFATTO. Flusso netto: 0.6600000000000001, Demand: 0.66, percentage: 100.00000000000003
Sink 11 SODDISFATTO. Flusso netto: 1.03, Demand: 1.03, percentage: 100.0
Sink 15 SODDISFATTO. Flusso netto: 0.46, Demand: 0.46, percentage: 100.0
Sink 16 SODDISFATTO. Flusso netto: 8.400000000000002, Demand: 8.4, percentage: 100.00000000000003
Sink 19 SODDISFATTO. Flusso netto: 0.5399999999999991, Demand: 0.54, percentage: 99.99999999999983
Sink 23 SODDISFATTO. Flusso netto: 0.5999999999999999, Demand: 0.6, percentage: 99.99999999999997
Sink 24 SODDISFATTO. Flusso netto: 0.8, Demand: 0.8, percentage: 100.0
Sink 25 SODDISFATTO. Flusso netto: 3.5, Demand: 3.5, percentage: 100.0
Sink 26 SODDISFATTO. Flusso netto: 6.000000000000002, Demand: 6.0, percentage: 100.00000000000003
Sink 28 SODDISFATTO. Flusso netto: 0.4, Demand: 0.4, percentage: 100.0
Sink 30 SODDISFATTO. Flusso netto: 0.9799999999999986, Demand: 0.98, percentage: 99.99999999999987
Sink 31 SODDISFATTO. Flusso netto: 0.4, Demand: 0.4, percentage: 100.0
Sink 32 SODDISFATTO. Flusso netto: 0.9999999999999996, Demand: 1.0, percentage: 99.99999999999996
Sink 34 SODDISFATTO. Flusso netto: 1.74, Demand: 1.74, percentage: 100.0
Sink 35 SODDISFATTO. Flusso netto: 1.3, Demand: 1.3, percentage: 100.0
Sink 37 SODDISFATTO. Flusso netto: 1.0, Demand: 1.0, percentage: 100.0
Sink 39 SODDISFATTO. Flusso netto: 0.4, Demand: 0.4, percentage: 100.0
Sink 40 SODDISFATTO. Flusso netto: 0.5, Demand: 0.5, percentage: 100.0
Sink 41 SODDISFATTO. Flusso netto: 1.06, Demand: 1.06, percentage: 100.0
Sink 42 SODDISFATTO. Flusso netto: 2.8199999999999994, Demand: 2.82, percentage: 99.99999999999999
Sink 45 SODDISFATTO. Flusso netto: 0.68, Demand: 0.68, percentage: 100.0
Sink 46 SODDISFATTO. Flusso netto: 1.17, Demand: 1.17, percentage: 100.0
Sink 49 non è soddisfatto. Flusso netto: 6.6499999999999995, Demand: 7.0, percentage: 95.0
Flusso totale entrante nei SINK: 92.61000000000001
Flusso totale uscente nei SINK: 46.52
Flusso totale netto nei SINK: 46.09000000000001
Total DEMAND dei SINK: 46.44
Percentual di flusso ai SINK: 0.9924633936261846
Numero di Sink soddisfatti: 24.0, numero totale di sink: 25.0
Percentuale di Sink soddisfatti: 0.96

---------------------------------- DAY 148

Update Fixed Elements from Intrinsic Faults
Source NODO_2 fixed from Intrinsic Fault
Pipeline ARCO_70 fixed due to Source NODO_2 fixing from Intrinsic Fault
Pipeline V_EDGE_53_0 fixed due to Source NODO_2 fixing from Intrinsic Fault
Pipeline ARCO_0 fixed due to Source NODO_2 fixing from Intrinsic Fault
Update Fixed Elements from Heavy Faults
Update Fixed Elements from Attack
Propagate Intrinsic Fault
Propagate Heavy Faults
Propagate Attacks
Inject Intrinsic Failure To Source
Inject Heavy Fault To Sources
Inject Attack Multiple To Source
Inject Intrinsic Fault To Pipeline
Inject Heavy Fault To Pipeline
Inject Attack To Pipeline
----------- Statistics ------------
	Sources Under Attack: 0
	Sources with Heavy Fault: 0
	Sources with Intrinsic Fault: 0
	Arcs with reduce capacity due to Attack: 0
	Arcs with reduce capacity due to Heavy Fault: 0
	Arcs with reduce capacity due to Intrinsic Fault: 0
	Arcs with Attacks: 0
	Arcs with Heavy Fault: 0
	Arcs with Intrinsic Fault: 0
--------- SOURCES STATISTICS ---------------
Demand del real Source[0]: -31.0, flusso erogato: 10.129999999999997, flusso entrante: 0.0, efficienza: 32.6774193548387 %
Demand del real Source[8]: -10.5, flusso erogato: 3.8600000000000003, flusso entrante: 0.0, efficienza: 36.76190476190476 %
Demand del real Source[9]: -7.1, flusso erogato: 16.229999999999997, flusso entrante: 9.129999999999997, efficienza: 228.59154929577463 %
Demand del real Source[17]: -25.0, flusso erogato: 25.000000000000007, flusso entrante: 0.0, efficienza: 100.00000000000003 %
Flusso totale entrante nei Real Source: 9.129999999999997
Flusso totale uscente dai Real Source: 55.220000000000006
Flusso netto sui real Source: -46.09000000000001
--- SINKS STATISTICS ---
Sink 3 SODDISFATTO. Flusso netto: 3.43, Demand: 3.43, percentage: 100.0
Sink 4 SODDISFATTO. Flusso netto: 0.5700000000000003, Demand: 0.57, percentage: 100.00000000000007
Sink 5 SODDISFATTO. Flusso netto: 0.6600000000000001, Demand: 0.66, percentage: 100.00000000000003
Sink 11 SODDISFATTO. Flusso netto: 1.03, Demand: 1.03, percentage: 100.0
Sink 15 SODDISFATTO. Flusso netto: 0.46, Demand: 0.46, percentage: 100.0
Sink 16 SODDISFATTO. Flusso netto: 8.400000000000002, Demand: 8.4, percentage: 100.00000000000003
Sink 19 SODDISFATTO. Flusso netto: 0.5399999999999991, Demand: 0.54, percentage: 99.99999999999983
Sink 23 SODDISFATTO. Flusso netto: 0.5999999999999999, Demand: 0.6, percentage: 99.99999999999997
Sink 24 SODDISFATTO. Flusso netto: 0.8, Demand: 0.8, percentage: 100.0
Sink 25 SODDISFATTO. Flusso netto: 3.5, Demand: 3.5, percentage: 100.0
Sink 26 SODDISFATTO. Flusso netto: 6.000000000000002, Demand: 6.0, percentage: 100.00000000000003
Sink 28 SODDISFATTO. Flusso netto: 0.4, Demand: 0.4, percentage: 100.0
Sink 30 SODDISFATTO. Flusso netto: 0.9799999999999986, Demand: 0.98, percentage: 99.99999999999987
Sink 31 SODDISFATTO. Flusso netto: 0.4, Demand: 0.4, percentage: 100.0
Sink 32 SODDISFATTO. Flusso netto: 0.9999999999999996, Demand: 1.0, percentage: 99.99999999999996
Sink 34 SODDISFATTO. Flusso netto: 1.74, Demand: 1.74, percentage: 100.0
Sink 35 SODDISFATTO. Flusso netto: 1.3, Demand: 1.3, percentage: 100.0
Sink 37 SODDISFATTO. Flusso netto: 1.0, Demand: 1.0, percentage: 100.0
Sink 39 SODDISFATTO. Flusso netto: 0.4, Demand: 0.4, percentage: 100.0
Sink 40 SODDISFATTO. Flusso netto: 0.5, Demand: 0.5, percentage: 100.0
Sink 41 SODDISFATTO. Flusso netto: 1.06, Demand: 1.06, percentage: 100.0
Sink 42 SODDISFATTO. Flusso netto: 2.8199999999999994, Demand: 2.82, percentage: 99.99999999999999
Sink 45 SODDISFATTO. Flusso netto: 0.68, Demand: 0.68, percentage: 100.0
Sink 46 SODDISFATTO. Flusso netto: 1.17, Demand: 1.17, percentage: 100.0
Sink 49 non è soddisfatto. Flusso netto: 6.6499999999999995, Demand: 7.0, percentage: 95.0
Flusso totale entrante nei SINK: 92.61000000000001
Flusso totale uscente nei SINK: 46.52
Flusso totale netto nei SINK: 46.09000000000001
Total DEMAND dei SINK: 46.44
Percentual di flusso ai SINK: 0.9924633936261846
Numero di Sink soddisfatti: 24.0, numero totale di sink: 25.0
Percentuale di Sink soddisfatti: 0.96

---------------------------------- DAY 149

Update Fixed Elements from Intrinsic Faults
Update Fixed Elements from Heavy Faults
Update Fixed Elements from Attack
Propagate Intrinsic Fault
Propagate Heavy Faults
Propagate Attacks
Inject Intrinsic Failure To Source
Inject Heavy Fault To Sources
Inject Attack Multiple To Source
Inject Intrinsic Fault To Pipeline
Inject Heavy Fault To Pipeline
Inject Attack To Pipeline
----------- Statistics ------------
	Sources Under Attack: 0
	Sources with Heavy Fault: 0
	Sources with Intrinsic Fault: 0
	Arcs with reduce capacity due to Attack: 0
	Arcs with reduce capacity due to Heavy Fault: 0
	Arcs with reduce capacity due to Intrinsic Fault: 0
	Arcs with Attacks: 0
	Arcs with Heavy Fault: 0
	Arcs with Intrinsic Fault: 0
--------- SOURCES STATISTICS ---------------
Demand del real Source[0]: -31.0, flusso erogato: 10.129999999999997, flusso entrante: 0.0, efficienza: 32.6774193548387 %
Demand del real Source[8]: -10.5, flusso erogato: 3.8600000000000003, flusso entrante: 0.0, efficienza: 36.76190476190476 %
Demand del real Source[9]: -7.1, flusso erogato: 16.229999999999997, flusso entrante: 9.129999999999997, efficienza: 228.59154929577463 %
Demand del real Source[17]: -25.0, flusso erogato: 25.000000000000007, flusso entrante: 0.0, efficienza: 100.00000000000003 %
Flusso totale entrante nei Real Source: 9.129999999999997
Flusso totale uscente dai Real Source: 55.220000000000006
Flusso netto sui real Source: -46.09000000000001
--- SINKS STATISTICS ---
Sink 3 SODDISFATTO. Flusso netto: 3.43, Demand: 3.43, percentage: 100.0
Sink 4 SODDISFATTO. Flusso netto: 0.5700000000000003, Demand: 0.57, percentage: 100.00000000000007
Sink 5 SODDISFATTO. Flusso netto: 0.6600000000000001, Demand: 0.66, percentage: 100.00000000000003
Sink 11 SODDISFATTO. Flusso netto: 1.03, Demand: 1.03, percentage: 100.0
Sink 15 SODDISFATTO. Flusso netto: 0.46, Demand: 0.46, percentage: 100.0
Sink 16 SODDISFATTO. Flusso netto: 8.400000000000002, Demand: 8.4, percentage: 100.00000000000003
Sink 19 SODDISFATTO. Flusso netto: 0.5399999999999991, Demand: 0.54, percentage: 99.99999999999983
Sink 23 SODDISFATTO. Flusso netto: 0.5999999999999999, Demand: 0.6, percentage: 99.99999999999997
Sink 24 SODDISFATTO. Flusso netto: 0.8, Demand: 0.8, percentage: 100.0
Sink 25 SODDISFATTO. Flusso netto: 3.5, Demand: 3.5, percentage: 100.0
Sink 26 SODDISFATTO. Flusso netto: 6.000000000000002, Demand: 6.0, percentage: 100.00000000000003
Sink 28 SODDISFATTO. Flusso netto: 0.4, Demand: 0.4, percentage: 100.0
Sink 30 SODDISFATTO. Flusso netto: 0.9799999999999986, Demand: 0.98, percentage: 99.99999999999987
Sink 31 SODDISFATTO. Flusso netto: 0.4, Demand: 0.4, percentage: 100.0
Sink 32 SODDISFATTO. Flusso netto: 0.9999999999999996, Demand: 1.0, percentage: 99.99999999999996
Sink 34 SODDISFATTO. Flusso netto: 1.74, Demand: 1.74, percentage: 100.0
Sink 35 SODDISFATTO. Flusso netto: 1.3, Demand: 1.3, percentage: 100.0
Sink 37 SODDISFATTO. Flusso netto: 1.0, Demand: 1.0, percentage: 100.0
Sink 39 SODDISFATTO. Flusso netto: 0.4, Demand: 0.4, percentage: 100.0
Sink 40 SODDISFATTO. Flusso netto: 0.5, Demand: 0.5, percentage: 100.0
Sink 41 SODDISFATTO. Flusso netto: 1.06, Demand: 1.06, percentage: 100.0
Sink 42 SODDISFATTO. Flusso netto: 2.8199999999999994, Demand: 2.82, percentage: 99.99999999999999
Sink 45 SODDISFATTO. Flusso netto: 0.68, Demand: 0.68, percentage: 100.0
Sink 46 SODDISFATTO. Flusso netto: 1.17, Demand: 1.17, percentage: 100.0
Sink 49 non è soddisfatto. Flusso netto: 6.6499999999999995, Demand: 7.0, percentage: 95.0
Flusso totale entrante nei SINK: 92.61000000000001
Flusso totale uscente nei SINK: 46.52
Flusso totale netto nei SINK: 46.09000000000001
Total DEMAND dei SINK: 46.44
Percentual di flusso ai SINK: 0.9924633936261846
Numero di Sink soddisfatti: 24.0, numero totale di sink: 25.0
Percentuale di Sink soddisfatti: 0.96

---------------------------------- DAY 150

Update Fixed Elements from Intrinsic Faults
Update Fixed Elements from Heavy Faults
Update Fixed Elements from Attack
Propagate Intrinsic Fault
Propagate Heavy Faults
Propagate Attacks
Inject Intrinsic Failure To Source
Inject Heavy Fault To Sources
Inject Attack Multiple To Source
Inject Intrinsic Fault To Pipeline
Inject Heavy Fault To Pipeline
Inject Attack To Pipeline
----------- Statistics ------------
	Sources Under Attack: 0
	Sources with Heavy Fault: 0
	Sources with Intrinsic Fault: 0
	Arcs with reduce capacity due to Attack: 0
	Arcs with reduce capacity due to Heavy Fault: 0
	Arcs with reduce capacity due to Intrinsic Fault: 0
	Arcs with Attacks: 0
	Arcs with Heavy Fault: 0
	Arcs with Intrinsic Fault: 0
--------- SOURCES STATISTICS ---------------
Demand del real Source[0]: -31.0, flusso erogato: 10.129999999999997, flusso entrante: 0.0, efficienza: 32.6774193548387 %
Demand del real Source[8]: -10.5, flusso erogato: 3.8600000000000003, flusso entrante: 0.0, efficienza: 36.76190476190476 %
Demand del real Source[9]: -7.1, flusso erogato: 16.229999999999997, flusso entrante: 9.129999999999997, efficienza: 228.59154929577463 %
Demand del real Source[17]: -25.0, flusso erogato: 25.000000000000007, flusso entrante: 0.0, efficienza: 100.00000000000003 %
Flusso totale entrante nei Real Source: 9.129999999999997
Flusso totale uscente dai Real Source: 55.220000000000006
Flusso netto sui real Source: -46.09000000000001
--- SINKS STATISTICS ---
Sink 3 SODDISFATTO. Flusso netto: 3.43, Demand: 3.43, percentage: 100.0
Sink 4 SODDISFATTO. Flusso netto: 0.5700000000000003, Demand: 0.57, percentage: 100.00000000000007
Sink 5 SODDISFATTO. Flusso netto: 0.6600000000000001, Demand: 0.66, percentage: 100.00000000000003
Sink 11 SODDISFATTO. Flusso netto: 1.03, Demand: 1.03, percentage: 100.0
Sink 15 SODDISFATTO. Flusso netto: 0.46, Demand: 0.46, percentage: 100.0
Sink 16 SODDISFATTO. Flusso netto: 8.400000000000002, Demand: 8.4, percentage: 100.00000000000003
Sink 19 SODDISFATTO. Flusso netto: 0.5399999999999991, Demand: 0.54, percentage: 99.99999999999983
Sink 23 SODDISFATTO. Flusso netto: 0.5999999999999999, Demand: 0.6, percentage: 99.99999999999997
Sink 24 SODDISFATTO. Flusso netto: 0.8, Demand: 0.8, percentage: 100.0
Sink 25 SODDISFATTO. Flusso netto: 3.5, Demand: 3.5, percentage: 100.0
Sink 26 SODDISFATTO. Flusso netto: 6.000000000000002, Demand: 6.0, percentage: 100.00000000000003
Sink 28 SODDISFATTO. Flusso netto: 0.4, Demand: 0.4, percentage: 100.0
Sink 30 SODDISFATTO. Flusso netto: 0.9799999999999986, Demand: 0.98, percentage: 99.99999999999987
Sink 31 SODDISFATTO. Flusso netto: 0.4, Demand: 0.4, percentage: 100.0
Sink 32 SODDISFATTO. Flusso netto: 0.9999999999999996, Demand: 1.0, percentage: 99.99999999999996
Sink 34 SODDISFATTO. Flusso netto: 1.74, Demand: 1.74, percentage: 100.0
Sink 35 SODDISFATTO. Flusso netto: 1.3, Demand: 1.3, percentage: 100.0
Sink 37 SODDISFATTO. Flusso netto: 1.0, Demand: 1.0, percentage: 100.0
Sink 39 SODDISFATTO. Flusso netto: 0.4, Demand: 0.4, percentage: 100.0
Sink 40 SODDISFATTO. Flusso netto: 0.5, Demand: 0.5, percentage: 100.0
Sink 41 SODDISFATTO. Flusso netto: 1.06, Demand: 1.06, percentage: 100.0
Sink 42 SODDISFATTO. Flusso netto: 2.8199999999999994, Demand: 2.82, percentage: 99.99999999999999
Sink 45 SODDISFATTO. Flusso netto: 0.68, Demand: 0.68, percentage: 100.0
Sink 46 SODDISFATTO. Flusso netto: 1.17, Demand: 1.17, percentage: 100.0
Sink 49 non è soddisfatto. Flusso netto: 6.6499999999999995, Demand: 7.0, percentage: 95.0
Flusso totale entrante nei SINK: 92.61000000000001
Flusso totale uscente nei SINK: 46.52
Flusso totale netto nei SINK: 46.09000000000001
Total DEMAND dei SINK: 46.44
Percentual di flusso ai SINK: 0.9924633936261846
Numero di Sink soddisfatti: 24.0, numero totale di sink: 25.0
Percentuale di Sink soddisfatti: 0.96

---------------------------------- DAY 151

Update Fixed Elements from Intrinsic Faults
Update Fixed Elements from Heavy Faults
Update Fixed Elements from Attack
Propagate Intrinsic Fault
Propagate Heavy Faults
Propagate Attacks
Inject Intrinsic Failure To Source
Inject Heavy Fault To Sources
Inject Attack Multiple To Source
Inject Intrinsic Fault To Pipeline
Inject Heavy Fault To Pipeline
Inject Attack To Pipeline
----------- Statistics ------------
	Sources Under Attack: 0
	Sources with Heavy Fault: 0
	Sources with Intrinsic Fault: 0
	Arcs with reduce capacity due to Attack: 0
	Arcs with reduce capacity due to Heavy Fault: 0
	Arcs with reduce capacity due to Intrinsic Fault: 0
	Arcs with Attacks: 0
	Arcs with Heavy Fault: 0
	Arcs with Intrinsic Fault: 0
--------- SOURCES STATISTICS ---------------
Demand del real Source[0]: -31.0, flusso erogato: 10.129999999999997, flusso entrante: 0.0, efficienza: 32.6774193548387 %
Demand del real Source[8]: -10.5, flusso erogato: 3.8600000000000003, flusso entrante: 0.0, efficienza: 36.76190476190476 %
Demand del real Source[9]: -7.1, flusso erogato: 16.229999999999997, flusso entrante: 9.129999999999997, efficienza: 228.59154929577463 %
Demand del real Source[17]: -25.0, flusso erogato: 25.000000000000007, flusso entrante: 0.0, efficienza: 100.00000000000003 %
Flusso totale entrante nei Real Source: 9.129999999999997
Flusso totale uscente dai Real Source: 55.220000000000006
Flusso netto sui real Source: -46.09000000000001
--- SINKS STATISTICS ---
Sink 3 SODDISFATTO. Flusso netto: 3.43, Demand: 3.43, percentage: 100.0
Sink 4 SODDISFATTO. Flusso netto: 0.5700000000000003, Demand: 0.57, percentage: 100.00000000000007
Sink 5 SODDISFATTO. Flusso netto: 0.6600000000000001, Demand: 0.66, percentage: 100.00000000000003
Sink 11 SODDISFATTO. Flusso netto: 1.03, Demand: 1.03, percentage: 100.0
Sink 15 SODDISFATTO. Flusso netto: 0.46, Demand: 0.46, percentage: 100.0
Sink 16 SODDISFATTO. Flusso netto: 8.400000000000002, Demand: 8.4, percentage: 100.00000000000003
Sink 19 SODDISFATTO. Flusso netto: 0.5399999999999991, Demand: 0.54, percentage: 99.99999999999983
Sink 23 SODDISFATTO. Flusso netto: 0.5999999999999999, Demand: 0.6, percentage: 99.99999999999997
Sink 24 SODDISFATTO. Flusso netto: 0.8, Demand: 0.8, percentage: 100.0
Sink 25 SODDISFATTO. Flusso netto: 3.5, Demand: 3.5, percentage: 100.0
Sink 26 SODDISFATTO. Flusso netto: 6.000000000000002, Demand: 6.0, percentage: 100.00000000000003
Sink 28 SODDISFATTO. Flusso netto: 0.4, Demand: 0.4, percentage: 100.0
Sink 30 SODDISFATTO. Flusso netto: 0.9799999999999986, Demand: 0.98, percentage: 99.99999999999987
Sink 31 SODDISFATTO. Flusso netto: 0.4, Demand: 0.4, percentage: 100.0
Sink 32 SODDISFATTO. Flusso netto: 0.9999999999999996, Demand: 1.0, percentage: 99.99999999999996
Sink 34 SODDISFATTO. Flusso netto: 1.74, Demand: 1.74, percentage: 100.0
Sink 35 SODDISFATTO. Flusso netto: 1.3, Demand: 1.3, percentage: 100.0
Sink 37 SODDISFATTO. Flusso netto: 1.0, Demand: 1.0, percentage: 100.0
Sink 39 SODDISFATTO. Flusso netto: 0.4, Demand: 0.4, percentage: 100.0
Sink 40 SODDISFATTO. Flusso netto: 0.5, Demand: 0.5, percentage: 100.0
Sink 41 SODDISFATTO. Flusso netto: 1.06, Demand: 1.06, percentage: 100.0
Sink 42 SODDISFATTO. Flusso netto: 2.8199999999999994, Demand: 2.82, percentage: 99.99999999999999
Sink 45 SODDISFATTO. Flusso netto: 0.68, Demand: 0.68, percentage: 100.0
Sink 46 SODDISFATTO. Flusso netto: 1.17, Demand: 1.17, percentage: 100.0
Sink 49 non è soddisfatto. Flusso netto: 6.6499999999999995, Demand: 7.0, percentage: 95.0
Flusso totale entrante nei SINK: 92.61000000000001
Flusso totale uscente nei SINK: 46.52
Flusso totale netto nei SINK: 46.09000000000001
Total DEMAND dei SINK: 46.44
Percentual di flusso ai SINK: 0.9924633936261846
Numero di Sink soddisfatti: 24.0, numero totale di sink: 25.0
Percentuale di Sink soddisfatti: 0.96

---------------------------------- DAY 152

Update Fixed Elements from Intrinsic Faults
Update Fixed Elements from Heavy Faults
Update Fixed Elements from Attack
Propagate Intrinsic Fault
Propagate Heavy Faults
Propagate Attacks
Inject Intrinsic Failure To Source
Source NODO_19 is failing for an Intrinsic Fault in day: 152
pipeline ARCO_35 has reduced capacity due to NODO_19 Intrinsic fault
pipeline ARCO_109 has reduced capacity due to NODO_19 Intrinsic fault
pipeline ARCO_110 has reduced capacity due to NODO_19 Intrinsic fault
pipeline V_EDGE_53_17 has reduced capacity due to NODO_19 Intrinsic fault
pipeline ARCO_39 has reduced capacity due to NODO_19 Intrinsic fault
pipeline ARCO_40 has reduced capacity due to NODO_19 Intrinsic fault
pipeline ARCO_105 has reduced capacity due to NODO_19 Intrinsic fault
Inject Heavy Fault To Sources
Inject Attack Multiple To Source
Inject Intrinsic Fault To Pipeline
Inject Heavy Fault To Pipeline
Inject Attack To Pipeline
----------- Statistics ------------
	Sources Under Attack: 0
	Sources with Heavy Fault: 0
	Sources with Intrinsic Fault: 1
	Arcs with reduce capacity due to Attack: 0
	Arcs with reduce capacity due to Heavy Fault: 0
	Arcs with reduce capacity due to Intrinsic Fault: 7
	Arcs with Attacks: 0
	Arcs with Heavy Fault: 0
	Arcs with Intrinsic Fault: 0
--------- SOURCES STATISTICS ---------------
Demand del real Source[0]: -31.0, flusso erogato: 15.440000000000001, flusso entrante: 0.0, efficienza: 49.80645161290323 %
Demand del real Source[8]: -10.5, flusso erogato: 3.8600000000000003, flusso entrante: 0.0, efficienza: 36.76190476190476 %
Demand del real Source[9]: -7.1, flusso erogato: 21.54, flusso entrante: 14.440000000000001, efficienza: 303.38028169014086 %
Demand del real Source[17]: -25.0, flusso erogato: 0.0, flusso entrante: 0.0, efficienza: 0.0 %
Flusso totale entrante nei Real Source: 14.440000000000001
Flusso totale uscente dai Real Source: 40.84
Flusso netto sui real Source: -26.400000000000002
--- SINKS STATISTICS ---
Sink 3 SODDISFATTO. Flusso netto: 3.43, Demand: 3.43, percentage: 100.0
Sink 4 SODDISFATTO. Flusso netto: 0.5700000000000003, Demand: 0.57, percentage: 100.00000000000007
Sink 5 SODDISFATTO. Flusso netto: 0.6600000000000001, Demand: 0.66, percentage: 100.00000000000003
Sink 11 SODDISFATTO. Flusso netto: 1.03, Demand: 1.03, percentage: 100.0
Sink 15 SODDISFATTO. Flusso netto: 0.45999999999999996, Demand: 0.46, percentage: 99.99999999999999
Sink 16 non è soddisfatto. Flusso netto: 2.83, Demand: 8.4, percentage: 33.69047619047619
Sink 19 non è soddisfatto. Flusso netto: 0.0, Demand: 0.54, percentage: 0.0
Sink 23 non è soddisfatto. Flusso netto: 0.0, Demand: 0.6, percentage: 0.0
Sink 24 non è soddisfatto. Flusso netto: 0.0, Demand: 0.8, percentage: 0.0
Sink 25 non è soddisfatto. Flusso netto: 0.0, Demand: 3.5, percentage: 0.0
Sink 26 non è soddisfatto. Flusso netto: 0.0, Demand: 6.0, percentage: 0.0
Sink 28 non è soddisfatto. Flusso netto: 0.0, Demand: 0.4, percentage: 0.0
Sink 30 non è soddisfatto. Flusso netto: 0.0, Demand: 0.98, percentage: 0.0
Sink 31 non è soddisfatto. Flusso netto: 0.0, Demand: 0.4, percentage: 0.0
Sink 32 SODDISFATTO. Flusso netto: 1.0, Demand: 1.0, percentage: 100.0
Sink 34 SODDISFATTO. Flusso netto: 1.74, Demand: 1.74, percentage: 100.0
Sink 35 SODDISFATTO. Flusso netto: 1.3, Demand: 1.3, percentage: 100.0
Sink 37 SODDISFATTO. Flusso netto: 1.0, Demand: 1.0, percentage: 100.0
Sink 39 non è soddisfatto. Flusso netto: 0.0, Demand: 0.4, percentage: 0.0
Sink 40 non è soddisfatto. Flusso netto: 0.0, Demand: 0.5, percentage: 0.0
Sink 41 SODDISFATTO. Flusso netto: 1.0600000000000005, Demand: 1.06, percentage: 100.00000000000004
Sink 42 SODDISFATTO. Flusso netto: 2.8199999999999994, Demand: 2.82, percentage: 99.99999999999999
Sink 45 SODDISFATTO. Flusso netto: 0.68, Demand: 0.68, percentage: 100.0
Sink 46 SODDISFATTO. Flusso netto: 1.17, Demand: 1.17, percentage: 100.0
Sink 49 non è soddisfatto. Flusso netto: 6.6499999999999995, Demand: 7.0, percentage: 95.0
Flusso totale entrante nei SINK: 53.099999999999994
Flusso totale uscente nei SINK: 26.7
Flusso totale netto nei SINK: 26.399999999999995
Total DEMAND dei SINK: 46.44
Percentual di flusso ai SINK: 0.5684754521963824
Numero di Sink soddisfatti: 13.0, numero totale di sink: 25.0
Percentuale di Sink soddisfatti: 0.52

---------------------------------- DAY 153

Update Fixed Elements from Intrinsic Faults
Update Fixed Elements from Heavy Faults
Update Fixed Elements from Attack
Propagate Intrinsic Fault
Node NODO_19 has still failing due to Intrinsic Fault
pipeline ARCO_35 still has reduced capacity: 0.0 due to Intrinsic Fault
pipeline ARCO_109 still has reduced capacity: 0.0 due to Intrinsic Fault
pipeline ARCO_110 still has reduced capacity: 0.0 due to Intrinsic Fault
pipeline V_EDGE_53_17 still has reduced capacity: 0.0 due to Intrinsic Fault
pipeline ARCO_39 still has reduced capacity: 0.0 due to Intrinsic Fault
pipeline ARCO_40 still has reduced capacity: 0.0 due to Intrinsic Fault
pipeline ARCO_105 still has reduced capacity: 0.0 due to Intrinsic Fault
Propagate Heavy Faults
Propagate Attacks
Inject Intrinsic Failure To Source
Inject Heavy Fault To Sources
Inject Attack Multiple To Source
Inject Intrinsic Fault To Pipeline
Inject Heavy Fault To Pipeline
Inject Attack To Pipeline
----------- Statistics ------------
	Sources Under Attack: 0
	Sources with Heavy Fault: 0
	Sources with Intrinsic Fault: 1
	Arcs with reduce capacity due to Attack: 0
	Arcs with reduce capacity due to Heavy Fault: 0
	Arcs with reduce capacity due to Intrinsic Fault: 7
	Arcs with Attacks: 0
	Arcs with Heavy Fault: 0
	Arcs with Intrinsic Fault: 0
--------- SOURCES STATISTICS ---------------
Demand del real Source[0]: -31.0, flusso erogato: 15.440000000000001, flusso entrante: 0.0, efficienza: 49.80645161290323 %
Demand del real Source[8]: -10.5, flusso erogato: 3.8600000000000003, flusso entrante: 0.0, efficienza: 36.76190476190476 %
Demand del real Source[9]: -7.1, flusso erogato: 21.54, flusso entrante: 14.440000000000001, efficienza: 303.38028169014086 %
Demand del real Source[17]: -25.0, flusso erogato: 0.0, flusso entrante: 0.0, efficienza: 0.0 %
Flusso totale entrante nei Real Source: 14.440000000000001
Flusso totale uscente dai Real Source: 40.84
Flusso netto sui real Source: -26.400000000000002
--- SINKS STATISTICS ---
Sink 3 SODDISFATTO. Flusso netto: 3.43, Demand: 3.43, percentage: 100.0
Sink 4 SODDISFATTO. Flusso netto: 0.5700000000000003, Demand: 0.57, percentage: 100.00000000000007
Sink 5 SODDISFATTO. Flusso netto: 0.6600000000000001, Demand: 0.66, percentage: 100.00000000000003
Sink 11 SODDISFATTO. Flusso netto: 1.03, Demand: 1.03, percentage: 100.0
Sink 15 SODDISFATTO. Flusso netto: 0.45999999999999996, Demand: 0.46, percentage: 99.99999999999999
Sink 16 non è soddisfatto. Flusso netto: 2.83, Demand: 8.4, percentage: 33.69047619047619
Sink 19 non è soddisfatto. Flusso netto: 0.0, Demand: 0.54, percentage: 0.0
Sink 23 non è soddisfatto. Flusso netto: 0.0, Demand: 0.6, percentage: 0.0
Sink 24 non è soddisfatto. Flusso netto: 0.0, Demand: 0.8, percentage: 0.0
Sink 25 non è soddisfatto. Flusso netto: 0.0, Demand: 3.5, percentage: 0.0
Sink 26 non è soddisfatto. Flusso netto: 0.0, Demand: 6.0, percentage: 0.0
Sink 28 non è soddisfatto. Flusso netto: 0.0, Demand: 0.4, percentage: 0.0
Sink 30 non è soddisfatto. Flusso netto: 0.0, Demand: 0.98, percentage: 0.0
Sink 31 non è soddisfatto. Flusso netto: 0.0, Demand: 0.4, percentage: 0.0
Sink 32 SODDISFATTO. Flusso netto: 1.0, Demand: 1.0, percentage: 100.0
Sink 34 SODDISFATTO. Flusso netto: 1.74, Demand: 1.74, percentage: 100.0
Sink 35 SODDISFATTO. Flusso netto: 1.3, Demand: 1.3, percentage: 100.0
Sink 37 SODDISFATTO. Flusso netto: 1.0, Demand: 1.0, percentage: 100.0
Sink 39 non è soddisfatto. Flusso netto: 0.0, Demand: 0.4, percentage: 0.0
Sink 40 non è soddisfatto. Flusso netto: 0.0, Demand: 0.5, percentage: 0.0
Sink 41 SODDISFATTO. Flusso netto: 1.0600000000000005, Demand: 1.06, percentage: 100.00000000000004
Sink 42 SODDISFATTO. Flusso netto: 2.8199999999999994, Demand: 2.82, percentage: 99.99999999999999
Sink 45 SODDISFATTO. Flusso netto: 0.68, Demand: 0.68, percentage: 100.0
Sink 46 SODDISFATTO. Flusso netto: 1.17, Demand: 1.17, percentage: 100.0
Sink 49 non è soddisfatto. Flusso netto: 6.6499999999999995, Demand: 7.0, percentage: 95.0
Flusso totale entrante nei SINK: 53.099999999999994
Flusso totale uscente nei SINK: 26.7
Flusso totale netto nei SINK: 26.399999999999995
Total DEMAND dei SINK: 46.44
Percentual di flusso ai SINK: 0.5684754521963824
Numero di Sink soddisfatti: 13.0, numero totale di sink: 25.0
Percentuale di Sink soddisfatti: 0.52

---------------------------------- DAY 154

Update Fixed Elements from Intrinsic Faults
Update Fixed Elements from Heavy Faults
Update Fixed Elements from Attack
Propagate Intrinsic Fault
Node NODO_19 has still failing due to Intrinsic Fault
pipeline ARCO_35 still has reduced capacity: 0.0 due to Intrinsic Fault
pipeline ARCO_109 still has reduced capacity: 0.0 due to Intrinsic Fault
pipeline ARCO_110 still has reduced capacity: 0.0 due to Intrinsic Fault
pipeline V_EDGE_53_17 still has reduced capacity: 0.0 due to Intrinsic Fault
pipeline ARCO_39 still has reduced capacity: 0.0 due to Intrinsic Fault
pipeline ARCO_40 still has reduced capacity: 0.0 due to Intrinsic Fault
pipeline ARCO_105 still has reduced capacity: 0.0 due to Intrinsic Fault
Propagate Heavy Faults
Propagate Attacks
Inject Intrinsic Failure To Source
Source NODO_2 is failing for an Intrinsic Fault in day: 154
pipeline ARCO_70 has reduced capacity due to NODO_2 Intrinsic fault
pipeline V_EDGE_53_0 has reduced capacity due to NODO_2 Intrinsic fault
pipeline ARCO_0 has reduced capacity due to NODO_2 Intrinsic fault
Inject Heavy Fault To Sources
Inject Attack Multiple To Source
Inject Intrinsic Fault To Pipeline
Inject Heavy Fault To Pipeline
Inject Attack To Pipeline
----------- Statistics ------------
	Sources Under Attack: 0
	Sources with Heavy Fault: 0
	Sources with Intrinsic Fault: 2
	Arcs with reduce capacity due to Attack: 0
	Arcs with reduce capacity due to Heavy Fault: 0
	Arcs with reduce capacity due to Intrinsic Fault: 10
	Arcs with Attacks: 0
	Arcs with Heavy Fault: 0
	Arcs with Intrinsic Fault: 0
--------- SOURCES STATISTICS ---------------
Demand del real Source[0]: -31.0, flusso erogato: 15.440000000000001, flusso entrante: 0.0, efficienza: 49.80645161290323 %
Demand del real Source[8]: -10.5, flusso erogato: 3.8600000000000003, flusso entrante: 0.0, efficienza: 36.76190476190476 %
Demand del real Source[9]: -7.1, flusso erogato: 21.54, flusso entrante: 14.440000000000001, efficienza: 303.38028169014086 %
Demand del real Source[17]: -25.0, flusso erogato: 0.0, flusso entrante: 0.0, efficienza: 0.0 %
Flusso totale entrante nei Real Source: 14.440000000000001
Flusso totale uscente dai Real Source: 40.84
Flusso netto sui real Source: -26.400000000000002
--- SINKS STATISTICS ---
Sink 3 SODDISFATTO. Flusso netto: 3.43, Demand: 3.43, percentage: 100.0
Sink 4 SODDISFATTO. Flusso netto: 0.5700000000000003, Demand: 0.57, percentage: 100.00000000000007
Sink 5 SODDISFATTO. Flusso netto: 0.6600000000000001, Demand: 0.66, percentage: 100.00000000000003
Sink 11 SODDISFATTO. Flusso netto: 1.03, Demand: 1.03, percentage: 100.0
Sink 15 SODDISFATTO. Flusso netto: 0.45999999999999996, Demand: 0.46, percentage: 99.99999999999999
Sink 16 non è soddisfatto. Flusso netto: 2.83, Demand: 8.4, percentage: 33.69047619047619
Sink 19 non è soddisfatto. Flusso netto: 0.0, Demand: 0.54, percentage: 0.0
Sink 23 non è soddisfatto. Flusso netto: 0.0, Demand: 0.6, percentage: 0.0
Sink 24 non è soddisfatto. Flusso netto: 0.0, Demand: 0.8, percentage: 0.0
Sink 25 non è soddisfatto. Flusso netto: 0.0, Demand: 3.5, percentage: 0.0
Sink 26 non è soddisfatto. Flusso netto: 0.0, Demand: 6.0, percentage: 0.0
Sink 28 non è soddisfatto. Flusso netto: 0.0, Demand: 0.4, percentage: 0.0
Sink 30 non è soddisfatto. Flusso netto: 0.0, Demand: 0.98, percentage: 0.0
Sink 31 non è soddisfatto. Flusso netto: 0.0, Demand: 0.4, percentage: 0.0
Sink 32 SODDISFATTO. Flusso netto: 1.0, Demand: 1.0, percentage: 100.0
Sink 34 SODDISFATTO. Flusso netto: 1.74, Demand: 1.74, percentage: 100.0
Sink 35 SODDISFATTO. Flusso netto: 1.3, Demand: 1.3, percentage: 100.0
Sink 37 SODDISFATTO. Flusso netto: 1.0, Demand: 1.0, percentage: 100.0
Sink 39 non è soddisfatto. Flusso netto: 0.0, Demand: 0.4, percentage: 0.0
Sink 40 non è soddisfatto. Flusso netto: 0.0, Demand: 0.5, percentage: 0.0
Sink 41 SODDISFATTO. Flusso netto: 1.0600000000000005, Demand: 1.06, percentage: 100.00000000000004
Sink 42 SODDISFATTO. Flusso netto: 2.8199999999999994, Demand: 2.82, percentage: 99.99999999999999
Sink 45 SODDISFATTO. Flusso netto: 0.68, Demand: 0.68, percentage: 100.0
Sink 46 SODDISFATTO. Flusso netto: 1.17, Demand: 1.17, percentage: 100.0
Sink 49 non è soddisfatto. Flusso netto: 6.6499999999999995, Demand: 7.0, percentage: 95.0
Flusso totale entrante nei SINK: 53.099999999999994
Flusso totale uscente nei SINK: 26.7
Flusso totale netto nei SINK: 26.399999999999995
Total DEMAND dei SINK: 46.44
Percentual di flusso ai SINK: 0.5684754521963824
Numero di Sink soddisfatti: 13.0, numero totale di sink: 25.0
Percentuale di Sink soddisfatti: 0.52

---------------------------------- DAY 155

Update Fixed Elements from Intrinsic Faults
Update Fixed Elements from Heavy Faults
Update Fixed Elements from Attack
Propagate Intrinsic Fault
Node NODO_19 has still failing due to Intrinsic Fault
Node NODO_2 has still failing due to Intrinsic Fault
pipeline ARCO_35 still has reduced capacity: 0.0 due to Intrinsic Fault
pipeline ARCO_109 still has reduced capacity: 0.0 due to Intrinsic Fault
pipeline ARCO_110 still has reduced capacity: 0.0 due to Intrinsic Fault
pipeline V_EDGE_53_17 still has reduced capacity: 0.0 due to Intrinsic Fault
pipeline ARCO_39 still has reduced capacity: 0.0 due to Intrinsic Fault
pipeline ARCO_40 still has reduced capacity: 0.0 due to Intrinsic Fault
pipeline ARCO_105 still has reduced capacity: 0.0 due to Intrinsic Fault
pipeline ARCO_70 still has reduced capacity: 24.8 due to Intrinsic Fault
pipeline V_EDGE_53_0 still has reduced capacity: 24.8 due to Intrinsic Fault
pipeline ARCO_0 still has reduced capacity: 24.8 due to Intrinsic Fault
Propagate Heavy Faults
Propagate Attacks
Inject Intrinsic Failure To Source
Source NODO_11 is failing for an Intrinsic Fault in day: 155
pipeline ARCO_3 has reduced capacity due to NODO_11 Intrinsic fault
pipeline ARCO_90 has reduced capacity due to NODO_11 Intrinsic fault
pipeline ARCO_91 has reduced capacity due to NODO_11 Intrinsic fault
pipeline ARCO_92 has reduced capacity due to NODO_11 Intrinsic fault
pipeline V_EDGE_53_9 has reduced capacity due to NODO_11 Intrinsic fault
pipeline ARCO_20 has reduced capacity due to NODO_11 Intrinsic fault
pipeline ARCO_21 has reduced capacity due to NODO_11 Intrinsic fault
pipeline ARCO_22 has reduced capacity due to NODO_11 Intrinsic fault
pipeline ARCO_73 has reduced capacity due to NODO_11 Intrinsic fault
Inject Heavy Fault To Sources
Inject Attack Multiple To Source
Inject Intrinsic Fault To Pipeline
Inject Heavy Fault To Pipeline
Inject Attack To Pipeline
----------- Statistics ------------
	Sources Under Attack: 0
	Sources with Heavy Fault: 0
	Sources with Intrinsic Fault: 3
	Arcs with reduce capacity due to Attack: 0
	Arcs with reduce capacity due to Heavy Fault: 0
	Arcs with reduce capacity due to Intrinsic Fault: 19
	Arcs with Attacks: 0
	Arcs with Heavy Fault: 0
	Arcs with Intrinsic Fault: 0
--------- SOURCES STATISTICS ---------------
Demand del real Source[0]: -31.0, flusso erogato: 16.296, flusso entrante: 0.0, efficienza: 52.567741935483866 %
Demand del real Source[8]: -10.5, flusso erogato: 4.2719999999999985, flusso entrante: 0.0, efficienza: 40.68571428571427 %
Demand del real Source[9]: -7.1, flusso erogato: 20.976, flusso entrante: 15.296000000000001, efficienza: 295.4366197183099 %
Demand del real Source[17]: -25.0, flusso erogato: 0.0, flusso entrante: 0.0, efficienza: 0.0 %
Flusso totale entrante nei Real Source: 15.296000000000001
Flusso totale uscente dai Real Source: 41.544000000000004
Flusso netto sui real Source: -26.248000000000005
--- SINKS STATISTICS ---
Sink 3 SODDISFATTO. Flusso netto: 3.43, Demand: 3.43, percentage: 100.0
Sink 4 SODDISFATTO. Flusso netto: 0.5700000000000003, Demand: 0.57, percentage: 100.00000000000007
Sink 5 SODDISFATTO. Flusso netto: 0.6600000000000001, Demand: 0.66, percentage: 100.00000000000003
Sink 11 SODDISFATTO. Flusso netto: 1.03, Demand: 1.03, percentage: 100.0
Sink 15 SODDISFATTO. Flusso netto: 0.45999999999999996, Demand: 0.46, percentage: 99.99999999999999
Sink 16 non è soddisfatto. Flusso netto: 2.83, Demand: 8.4, percentage: 33.69047619047619
Sink 19 non è soddisfatto. Flusso netto: 0.0, Demand: 0.54, percentage: 0.0
Sink 23 non è soddisfatto. Flusso netto: 0.0, Demand: 0.6, percentage: 0.0
Sink 24 non è soddisfatto. Flusso netto: 0.0, Demand: 0.8, percentage: 0.0
Sink 25 non è soddisfatto. Flusso netto: 0.0, Demand: 3.5, percentage: 0.0
Sink 26 non è soddisfatto. Flusso netto: 0.0, Demand: 6.0, percentage: 0.0
Sink 28 non è soddisfatto. Flusso netto: 0.0, Demand: 0.4, percentage: 0.0
Sink 30 non è soddisfatto. Flusso netto: 0.0, Demand: 0.98, percentage: 0.0
Sink 31 non è soddisfatto. Flusso netto: 0.0, Demand: 0.4, percentage: 0.0
Sink 32 SODDISFATTO. Flusso netto: 1.0000000000000009, Demand: 1.0, percentage: 100.00000000000009
Sink 34 SODDISFATTO. Flusso netto: 1.74, Demand: 1.74, percentage: 100.0
Sink 35 SODDISFATTO. Flusso netto: 1.3, Demand: 1.3, percentage: 100.0
Sink 37 SODDISFATTO. Flusso netto: 1.0, Demand: 1.0, percentage: 100.0
Sink 39 non è soddisfatto. Flusso netto: 0.0, Demand: 0.4, percentage: 0.0
Sink 40 non è soddisfatto. Flusso netto: 0.0, Demand: 0.5, percentage: 0.0
Sink 41 SODDISFATTO. Flusso netto: 1.0599999999999987, Demand: 1.06, percentage: 99.99999999999987
Sink 42 SODDISFATTO. Flusso netto: 2.8200000000000003, Demand: 2.82, percentage: 100.00000000000003
Sink 45 SODDISFATTO. Flusso netto: 0.68, Demand: 0.68, percentage: 100.0
Sink 46 SODDISFATTO. Flusso netto: 1.17, Demand: 1.17, percentage: 100.0
Sink 49 non è soddisfatto. Flusso netto: 6.497999999999999, Demand: 7.0, percentage: 92.82857142857142
Flusso totale entrante nei SINK: 55.32000000000001
Flusso totale uscente nei SINK: 29.072
Flusso totale netto nei SINK: 26.248000000000008
Total DEMAND dei SINK: 46.44
Percentual di flusso ai SINK: 0.5652024117140398
Numero di Sink soddisfatti: 13.0, numero totale di sink: 25.0
Percentuale di Sink soddisfatti: 0.52

---------------------------------- DAY 156

Update Fixed Elements from Intrinsic Faults
Source NODO_19 fixed from Intrinsic Fault
Pipeline ARCO_35 fixed due to Source NODO_19 fixing from Intrinsic Fault
Pipeline ARCO_109 fixed due to Source NODO_19 fixing from Intrinsic Fault
Pipeline ARCO_110 fixed due to Source NODO_19 fixing from Intrinsic Fault
Pipeline V_EDGE_53_17 fixed due to Source NODO_19 fixing from Intrinsic Fault
Pipeline ARCO_39 fixed due to Source NODO_19 fixing from Intrinsic Fault
Pipeline ARCO_40 fixed due to Source NODO_19 fixing from Intrinsic Fault
Pipeline ARCO_105 fixed due to Source NODO_19 fixing from Intrinsic Fault
Update Fixed Elements from Heavy Faults
Update Fixed Elements from Attack
Propagate Intrinsic Fault
Node NODO_2 has still failing due to Intrinsic Fault
Node NODO_11 has still failing due to Intrinsic Fault
pipeline ARCO_70 still has reduced capacity: 24.8 due to Intrinsic Fault
pipeline V_EDGE_53_0 still has reduced capacity: 24.8 due to Intrinsic Fault
pipeline ARCO_0 still has reduced capacity: 24.8 due to Intrinsic Fault
pipeline ARCO_3 still has reduced capacity: 9.688 due to Intrinsic Fault
pipeline ARCO_90 still has reduced capacity: 1.6 due to Intrinsic Fault
pipeline ARCO_91 still has reduced capacity: 9.688 due to Intrinsic Fault
pipeline ARCO_92 still has reduced capacity: 39.328 due to Intrinsic Fault
pipeline V_EDGE_53_9 still has reduced capacity: 5.68 due to Intrinsic Fault
pipeline ARCO_20 still has reduced capacity: 1.6 due to Intrinsic Fault
pipeline ARCO_21 still has reduced capacity: 9.688 due to Intrinsic Fault
pipeline ARCO_22 still has reduced capacity: 39.328 due to Intrinsic Fault
pipeline ARCO_73 still has reduced capacity: 9.688 due to Intrinsic Fault
Propagate Heavy Faults
Propagate Attacks
Inject Intrinsic Failure To Source
Inject Heavy Fault To Sources
Inject Attack Multiple To Source
Inject Intrinsic Fault To Pipeline
Inject Heavy Fault To Pipeline
Inject Attack To Pipeline
----------- Statistics ------------
	Sources Under Attack: 0
	Sources with Heavy Fault: 0
	Sources with Intrinsic Fault: 2
	Arcs with reduce capacity due to Attack: 0
	Arcs with reduce capacity due to Heavy Fault: 0
	Arcs with reduce capacity due to Intrinsic Fault: 12
	Arcs with Attacks: 0
	Arcs with Heavy Fault: 0
	Arcs with Intrinsic Fault: 0
--------- SOURCES STATISTICS ---------------
Demand del real Source[0]: -31.0, flusso erogato: 11.397999999999998, flusso entrante: 0.0, efficienza: 36.76774193548387 %
Demand del real Source[8]: -10.5, flusso erogato: 3.8600000000000003, flusso entrante: 0.0, efficienza: 36.76190476190476 %
Demand del real Source[9]: -7.1, flusso erogato: 16.077999999999996, flusso entrante: 10.397999999999998, efficienza: 226.45070422535207 %
Demand del real Source[17]: -25.0, flusso erogato: 25.000000000000007, flusso entrante: 0.0, efficienza: 100.00000000000003 %
Flusso totale entrante nei Real Source: 10.397999999999998
Flusso totale uscente dai Real Source: 56.336000000000006
Flusso netto sui real Source: -45.93800000000001
--- SINKS STATISTICS ---
Sink 3 SODDISFATTO. Flusso netto: 3.43, Demand: 3.43, percentage: 100.0
Sink 4 SODDISFATTO. Flusso netto: 0.5700000000000003, Demand: 0.57, percentage: 100.00000000000007
Sink 5 SODDISFATTO. Flusso netto: 0.6600000000000001, Demand: 0.66, percentage: 100.00000000000003
Sink 11 SODDISFATTO. Flusso netto: 1.03, Demand: 1.03, percentage: 100.0
Sink 15 SODDISFATTO. Flusso netto: 0.46, Demand: 0.46, percentage: 100.0
Sink 16 SODDISFATTO. Flusso netto: 8.400000000000002, Demand: 8.4, percentage: 100.00000000000003
Sink 19 SODDISFATTO. Flusso netto: 0.5399999999999991, Demand: 0.54, percentage: 99.99999999999983
Sink 23 SODDISFATTO. Flusso netto: 0.5999999999999999, Demand: 0.6, percentage: 99.99999999999997
Sink 24 SODDISFATTO. Flusso netto: 0.8, Demand: 0.8, percentage: 100.0
Sink 25 SODDISFATTO. Flusso netto: 3.5, Demand: 3.5, percentage: 100.0
Sink 26 SODDISFATTO. Flusso netto: 6.000000000000002, Demand: 6.0, percentage: 100.00000000000003
Sink 28 SODDISFATTO. Flusso netto: 0.4, Demand: 0.4, percentage: 100.0
Sink 30 SODDISFATTO. Flusso netto: 0.9799999999999986, Demand: 0.98, percentage: 99.99999999999987
Sink 31 SODDISFATTO. Flusso netto: 0.4, Demand: 0.4, percentage: 100.0
Sink 32 SODDISFATTO. Flusso netto: 0.9999999999999996, Demand: 1.0, percentage: 99.99999999999996
Sink 34 SODDISFATTO. Flusso netto: 1.74, Demand: 1.74, percentage: 100.0
Sink 35 SODDISFATTO. Flusso netto: 1.3, Demand: 1.3, percentage: 100.0
Sink 37 SODDISFATTO. Flusso netto: 1.0, Demand: 1.0, percentage: 100.0
Sink 39 SODDISFATTO. Flusso netto: 0.4, Demand: 0.4, percentage: 100.0
Sink 40 SODDISFATTO. Flusso netto: 0.5, Demand: 0.5, percentage: 100.0
Sink 41 SODDISFATTO. Flusso netto: 1.0599999999999996, Demand: 1.06, percentage: 99.99999999999996
Sink 42 SODDISFATTO. Flusso netto: 2.8200000000000003, Demand: 2.82, percentage: 100.00000000000003
Sink 45 SODDISFATTO. Flusso netto: 0.68, Demand: 0.68, percentage: 100.0
Sink 46 SODDISFATTO. Flusso netto: 1.17, Demand: 1.17, percentage: 100.0
Sink 49 non è soddisfatto. Flusso netto: 6.497999999999999, Demand: 7.0, percentage: 92.82857142857142
Flusso totale entrante nei SINK: 95.24200000000002
Flusso totale uscente nei SINK: 49.304
Flusso totale netto nei SINK: 45.93800000000002
Total DEMAND dei SINK: 46.44
Percentual di flusso ai SINK: 0.989190353143842
Numero di Sink soddisfatti: 24.0, numero totale di sink: 25.0
Percentuale di Sink soddisfatti: 0.96

---------------------------------- DAY 157

Update Fixed Elements from Intrinsic Faults
Source NODO_2 fixed from Intrinsic Fault
Pipeline ARCO_70 fixed due to Source NODO_2 fixing from Intrinsic Fault
Pipeline V_EDGE_53_0 fixed due to Source NODO_2 fixing from Intrinsic Fault
Pipeline ARCO_0 fixed due to Source NODO_2 fixing from Intrinsic Fault
Update Fixed Elements from Heavy Faults
Update Fixed Elements from Attack
Propagate Intrinsic Fault
Node NODO_11 has still failing due to Intrinsic Fault
pipeline ARCO_3 still has reduced capacity: 9.688 due to Intrinsic Fault
pipeline ARCO_90 still has reduced capacity: 1.6 due to Intrinsic Fault
pipeline ARCO_91 still has reduced capacity: 9.688 due to Intrinsic Fault
pipeline ARCO_92 still has reduced capacity: 39.328 due to Intrinsic Fault
pipeline V_EDGE_53_9 still has reduced capacity: 5.68 due to Intrinsic Fault
pipeline ARCO_20 still has reduced capacity: 1.6 due to Intrinsic Fault
pipeline ARCO_21 still has reduced capacity: 9.688 due to Intrinsic Fault
pipeline ARCO_22 still has reduced capacity: 39.328 due to Intrinsic Fault
pipeline ARCO_73 still has reduced capacity: 9.688 due to Intrinsic Fault
Propagate Heavy Faults
Propagate Attacks
Inject Intrinsic Failure To Source
Inject Heavy Fault To Sources
Inject Attack Multiple To Source
Inject Intrinsic Fault To Pipeline
Inject Heavy Fault To Pipeline
Inject Attack To Pipeline
----------- Statistics ------------
	Sources Under Attack: 0
	Sources with Heavy Fault: 0
	Sources with Intrinsic Fault: 1
	Arcs with reduce capacity due to Attack: 0
	Arcs with reduce capacity due to Heavy Fault: 0
	Arcs with reduce capacity due to Intrinsic Fault: 9
	Arcs with Attacks: 0
	Arcs with Heavy Fault: 0
	Arcs with Intrinsic Fault: 0
--------- SOURCES STATISTICS ---------------
Demand del real Source[0]: -31.0, flusso erogato: 11.397999999999998, flusso entrante: 0.0, efficienza: 36.76774193548387 %
Demand del real Source[8]: -10.5, flusso erogato: 3.8600000000000003, flusso entrante: 0.0, efficienza: 36.76190476190476 %
Demand del real Source[9]: -7.1, flusso erogato: 16.077999999999996, flusso entrante: 10.397999999999998, efficienza: 226.45070422535207 %
Demand del real Source[17]: -25.0, flusso erogato: 25.000000000000007, flusso entrante: 0.0, efficienza: 100.00000000000003 %
Flusso totale entrante nei Real Source: 10.397999999999998
Flusso totale uscente dai Real Source: 56.336000000000006
Flusso netto sui real Source: -45.93800000000001
--- SINKS STATISTICS ---
Sink 3 SODDISFATTO. Flusso netto: 3.43, Demand: 3.43, percentage: 100.0
Sink 4 SODDISFATTO. Flusso netto: 0.5700000000000003, Demand: 0.57, percentage: 100.00000000000007
Sink 5 SODDISFATTO. Flusso netto: 0.6600000000000001, Demand: 0.66, percentage: 100.00000000000003
Sink 11 SODDISFATTO. Flusso netto: 1.03, Demand: 1.03, percentage: 100.0
Sink 15 SODDISFATTO. Flusso netto: 0.46, Demand: 0.46, percentage: 100.0
Sink 16 SODDISFATTO. Flusso netto: 8.400000000000002, Demand: 8.4, percentage: 100.00000000000003
Sink 19 SODDISFATTO. Flusso netto: 0.5399999999999991, Demand: 0.54, percentage: 99.99999999999983
Sink 23 SODDISFATTO. Flusso netto: 0.5999999999999999, Demand: 0.6, percentage: 99.99999999999997
Sink 24 SODDISFATTO. Flusso netto: 0.8, Demand: 0.8, percentage: 100.0
Sink 25 SODDISFATTO. Flusso netto: 3.5, Demand: 3.5, percentage: 100.0
Sink 26 SODDISFATTO. Flusso netto: 6.000000000000002, Demand: 6.0, percentage: 100.00000000000003
Sink 28 SODDISFATTO. Flusso netto: 0.4, Demand: 0.4, percentage: 100.0
Sink 30 SODDISFATTO. Flusso netto: 0.9799999999999986, Demand: 0.98, percentage: 99.99999999999987
Sink 31 SODDISFATTO. Flusso netto: 0.4, Demand: 0.4, percentage: 100.0
Sink 32 SODDISFATTO. Flusso netto: 0.9999999999999996, Demand: 1.0, percentage: 99.99999999999996
Sink 34 SODDISFATTO. Flusso netto: 1.74, Demand: 1.74, percentage: 100.0
Sink 35 SODDISFATTO. Flusso netto: 1.3, Demand: 1.3, percentage: 100.0
Sink 37 SODDISFATTO. Flusso netto: 1.0, Demand: 1.0, percentage: 100.0
Sink 39 SODDISFATTO. Flusso netto: 0.4, Demand: 0.4, percentage: 100.0
Sink 40 SODDISFATTO. Flusso netto: 0.5, Demand: 0.5, percentage: 100.0
Sink 41 SODDISFATTO. Flusso netto: 1.0599999999999996, Demand: 1.06, percentage: 99.99999999999996
Sink 42 SODDISFATTO. Flusso netto: 2.8200000000000003, Demand: 2.82, percentage: 100.00000000000003
Sink 45 SODDISFATTO. Flusso netto: 0.68, Demand: 0.68, percentage: 100.0
Sink 46 SODDISFATTO. Flusso netto: 1.17, Demand: 1.17, percentage: 100.0
Sink 49 non è soddisfatto. Flusso netto: 6.497999999999999, Demand: 7.0, percentage: 92.82857142857142
Flusso totale entrante nei SINK: 95.24200000000002
Flusso totale uscente nei SINK: 49.304
Flusso totale netto nei SINK: 45.93800000000002
Total DEMAND dei SINK: 46.44
Percentual di flusso ai SINK: 0.989190353143842
Numero di Sink soddisfatti: 24.0, numero totale di sink: 25.0
Percentuale di Sink soddisfatti: 0.96

---------------------------------- DAY 158

Update Fixed Elements from Intrinsic Faults
Source NODO_11 fixed from Intrinsic Fault
Pipeline ARCO_3 fixed due to Source NODO_11 fixing from Intrinsic Fault
Pipeline ARCO_90 fixed due to Source NODO_11 fixing from Intrinsic Fault
Pipeline ARCO_91 fixed due to Source NODO_11 fixing from Intrinsic Fault
Pipeline ARCO_92 fixed due to Source NODO_11 fixing from Intrinsic Fault
Pipeline V_EDGE_53_9 fixed due to Source NODO_11 fixing from Intrinsic Fault
Pipeline ARCO_20 fixed due to Source NODO_11 fixing from Intrinsic Fault
Pipeline ARCO_21 fixed due to Source NODO_11 fixing from Intrinsic Fault
Pipeline ARCO_22 fixed due to Source NODO_11 fixing from Intrinsic Fault
Pipeline ARCO_73 fixed due to Source NODO_11 fixing from Intrinsic Fault
Update Fixed Elements from Heavy Faults
Update Fixed Elements from Attack
Propagate Intrinsic Fault
Propagate Heavy Faults
Propagate Attacks
Inject Intrinsic Failure To Source
Source NODO_19 is failing for an Intrinsic Fault in day: 158
pipeline ARCO_35 has reduced capacity due to NODO_19 Intrinsic fault
pipeline ARCO_109 has reduced capacity due to NODO_19 Intrinsic fault
pipeline ARCO_110 has reduced capacity due to NODO_19 Intrinsic fault
pipeline V_EDGE_53_17 has reduced capacity due to NODO_19 Intrinsic fault
pipeline ARCO_39 has reduced capacity due to NODO_19 Intrinsic fault
pipeline ARCO_40 has reduced capacity due to NODO_19 Intrinsic fault
pipeline ARCO_105 has reduced capacity due to NODO_19 Intrinsic fault
Inject Heavy Fault To Sources
Inject Attack Multiple To Source
Inject Intrinsic Fault To Pipeline
Inject Heavy Fault To Pipeline
Inject Attack To Pipeline
----------- Statistics ------------
	Sources Under Attack: 0
	Sources with Heavy Fault: 0
	Sources with Intrinsic Fault: 1
	Arcs with reduce capacity due to Attack: 0
	Arcs with reduce capacity due to Heavy Fault: 0
	Arcs with reduce capacity due to Intrinsic Fault: 7
	Arcs with Attacks: 0
	Arcs with Heavy Fault: 0
	Arcs with Intrinsic Fault: 0
--------- SOURCES STATISTICS ---------------
Demand del real Source[0]: -31.0, flusso erogato: 15.440000000000001, flusso entrante: 0.0, efficienza: 49.80645161290323 %
Demand del real Source[8]: -10.5, flusso erogato: 3.8600000000000003, flusso entrante: 0.0, efficienza: 36.76190476190476 %
Demand del real Source[9]: -7.1, flusso erogato: 21.54, flusso entrante: 14.440000000000001, efficienza: 303.38028169014086 %
Demand del real Source[17]: -25.0, flusso erogato: 0.0, flusso entrante: 0.0, efficienza: 0.0 %
Flusso totale entrante nei Real Source: 14.440000000000001
Flusso totale uscente dai Real Source: 40.84
Flusso netto sui real Source: -26.400000000000002
--- SINKS STATISTICS ---
Sink 3 SODDISFATTO. Flusso netto: 3.43, Demand: 3.43, percentage: 100.0
Sink 4 SODDISFATTO. Flusso netto: 0.5700000000000003, Demand: 0.57, percentage: 100.00000000000007
Sink 5 SODDISFATTO. Flusso netto: 0.6600000000000001, Demand: 0.66, percentage: 100.00000000000003
Sink 11 SODDISFATTO. Flusso netto: 1.03, Demand: 1.03, percentage: 100.0
Sink 15 SODDISFATTO. Flusso netto: 0.45999999999999996, Demand: 0.46, percentage: 99.99999999999999
Sink 16 non è soddisfatto. Flusso netto: 2.83, Demand: 8.4, percentage: 33.69047619047619
Sink 19 non è soddisfatto. Flusso netto: 0.0, Demand: 0.54, percentage: 0.0
Sink 23 non è soddisfatto. Flusso netto: 0.0, Demand: 0.6, percentage: 0.0
Sink 24 non è soddisfatto. Flusso netto: 0.0, Demand: 0.8, percentage: 0.0
Sink 25 non è soddisfatto. Flusso netto: 0.0, Demand: 3.5, percentage: 0.0
Sink 26 non è soddisfatto. Flusso netto: 0.0, Demand: 6.0, percentage: 0.0
Sink 28 non è soddisfatto. Flusso netto: 0.0, Demand: 0.4, percentage: 0.0
Sink 30 non è soddisfatto. Flusso netto: 0.0, Demand: 0.98, percentage: 0.0
Sink 31 non è soddisfatto. Flusso netto: 0.0, Demand: 0.4, percentage: 0.0
Sink 32 SODDISFATTO. Flusso netto: 1.0, Demand: 1.0, percentage: 100.0
Sink 34 SODDISFATTO. Flusso netto: 1.74, Demand: 1.74, percentage: 100.0
Sink 35 SODDISFATTO. Flusso netto: 1.3, Demand: 1.3, percentage: 100.0
Sink 37 SODDISFATTO. Flusso netto: 1.0, Demand: 1.0, percentage: 100.0
Sink 39 non è soddisfatto. Flusso netto: 0.0, Demand: 0.4, percentage: 0.0
Sink 40 non è soddisfatto. Flusso netto: 0.0, Demand: 0.5, percentage: 0.0
Sink 41 SODDISFATTO. Flusso netto: 1.0600000000000005, Demand: 1.06, percentage: 100.00000000000004
Sink 42 SODDISFATTO. Flusso netto: 2.8199999999999994, Demand: 2.82, percentage: 99.99999999999999
Sink 45 SODDISFATTO. Flusso netto: 0.68, Demand: 0.68, percentage: 100.0
Sink 46 SODDISFATTO. Flusso netto: 1.17, Demand: 1.17, percentage: 100.0
Sink 49 non è soddisfatto. Flusso netto: 6.6499999999999995, Demand: 7.0, percentage: 95.0
Flusso totale entrante nei SINK: 53.099999999999994
Flusso totale uscente nei SINK: 26.7
Flusso totale netto nei SINK: 26.399999999999995
Total DEMAND dei SINK: 46.44
Percentual di flusso ai SINK: 0.5684754521963824
Numero di Sink soddisfatti: 13.0, numero totale di sink: 25.0
Percentuale di Sink soddisfatti: 0.52

---------------------------------- DAY 159

Update Fixed Elements from Intrinsic Faults
Update Fixed Elements from Heavy Faults
Update Fixed Elements from Attack
Propagate Intrinsic Fault
Node NODO_19 has still failing due to Intrinsic Fault
pipeline ARCO_35 still has reduced capacity: 0.0 due to Intrinsic Fault
pipeline ARCO_109 still has reduced capacity: 0.0 due to Intrinsic Fault
pipeline ARCO_110 still has reduced capacity: 0.0 due to Intrinsic Fault
pipeline V_EDGE_53_17 still has reduced capacity: 0.0 due to Intrinsic Fault
pipeline ARCO_39 still has reduced capacity: 0.0 due to Intrinsic Fault
pipeline ARCO_40 still has reduced capacity: 0.0 due to Intrinsic Fault
pipeline ARCO_105 still has reduced capacity: 0.0 due to Intrinsic Fault
Propagate Heavy Faults
Propagate Attacks
Inject Intrinsic Failure To Source
Inject Heavy Fault To Sources
Inject Attack Multiple To Source
Inject Intrinsic Fault To Pipeline
Inject Heavy Fault To Pipeline
Inject Attack To Pipeline
----------- Statistics ------------
	Sources Under Attack: 0
	Sources with Heavy Fault: 0
	Sources with Intrinsic Fault: 1
	Arcs with reduce capacity due to Attack: 0
	Arcs with reduce capacity due to Heavy Fault: 0
	Arcs with reduce capacity due to Intrinsic Fault: 7
	Arcs with Attacks: 0
	Arcs with Heavy Fault: 0
	Arcs with Intrinsic Fault: 0
--------- SOURCES STATISTICS ---------------
Demand del real Source[0]: -31.0, flusso erogato: 15.440000000000001, flusso entrante: 0.0, efficienza: 49.80645161290323 %
Demand del real Source[8]: -10.5, flusso erogato: 3.8600000000000003, flusso entrante: 0.0, efficienza: 36.76190476190476 %
Demand del real Source[9]: -7.1, flusso erogato: 21.54, flusso entrante: 14.440000000000001, efficienza: 303.38028169014086 %
Demand del real Source[17]: -25.0, flusso erogato: 0.0, flusso entrante: 0.0, efficienza: 0.0 %
Flusso totale entrante nei Real Source: 14.440000000000001
Flusso totale uscente dai Real Source: 40.84
Flusso netto sui real Source: -26.400000000000002
--- SINKS STATISTICS ---
Sink 3 SODDISFATTO. Flusso netto: 3.43, Demand: 3.43, percentage: 100.0
Sink 4 SODDISFATTO. Flusso netto: 0.5700000000000003, Demand: 0.57, percentage: 100.00000000000007
Sink 5 SODDISFATTO. Flusso netto: 0.6600000000000001, Demand: 0.66, percentage: 100.00000000000003
Sink 11 SODDISFATTO. Flusso netto: 1.03, Demand: 1.03, percentage: 100.0
Sink 15 SODDISFATTO. Flusso netto: 0.45999999999999996, Demand: 0.46, percentage: 99.99999999999999
Sink 16 non è soddisfatto. Flusso netto: 2.83, Demand: 8.4, percentage: 33.69047619047619
Sink 19 non è soddisfatto. Flusso netto: 0.0, Demand: 0.54, percentage: 0.0
Sink 23 non è soddisfatto. Flusso netto: 0.0, Demand: 0.6, percentage: 0.0
Sink 24 non è soddisfatto. Flusso netto: 0.0, Demand: 0.8, percentage: 0.0
Sink 25 non è soddisfatto. Flusso netto: 0.0, Demand: 3.5, percentage: 0.0
Sink 26 non è soddisfatto. Flusso netto: 0.0, Demand: 6.0, percentage: 0.0
Sink 28 non è soddisfatto. Flusso netto: 0.0, Demand: 0.4, percentage: 0.0
Sink 30 non è soddisfatto. Flusso netto: 0.0, Demand: 0.98, percentage: 0.0
Sink 31 non è soddisfatto. Flusso netto: 0.0, Demand: 0.4, percentage: 0.0
Sink 32 SODDISFATTO. Flusso netto: 1.0, Demand: 1.0, percentage: 100.0
Sink 34 SODDISFATTO. Flusso netto: 1.74, Demand: 1.74, percentage: 100.0
Sink 35 SODDISFATTO. Flusso netto: 1.3, Demand: 1.3, percentage: 100.0
Sink 37 SODDISFATTO. Flusso netto: 1.0, Demand: 1.0, percentage: 100.0
Sink 39 non è soddisfatto. Flusso netto: 0.0, Demand: 0.4, percentage: 0.0
Sink 40 non è soddisfatto. Flusso netto: 0.0, Demand: 0.5, percentage: 0.0
Sink 41 SODDISFATTO. Flusso netto: 1.0600000000000005, Demand: 1.06, percentage: 100.00000000000004
Sink 42 SODDISFATTO. Flusso netto: 2.8199999999999994, Demand: 2.82, percentage: 99.99999999999999
Sink 45 SODDISFATTO. Flusso netto: 0.68, Demand: 0.68, percentage: 100.0
Sink 46 SODDISFATTO. Flusso netto: 1.17, Demand: 1.17, percentage: 100.0
Sink 49 non è soddisfatto. Flusso netto: 6.6499999999999995, Demand: 7.0, percentage: 95.0
Flusso totale entrante nei SINK: 53.099999999999994
Flusso totale uscente nei SINK: 26.7
Flusso totale netto nei SINK: 26.399999999999995
Total DEMAND dei SINK: 46.44
Percentual di flusso ai SINK: 0.5684754521963824
Numero di Sink soddisfatti: 13.0, numero totale di sink: 25.0
Percentuale di Sink soddisfatti: 0.52

---------------------------------- DAY 160

Update Fixed Elements from Intrinsic Faults
Update Fixed Elements from Heavy Faults
Update Fixed Elements from Attack
Propagate Intrinsic Fault
Node NODO_19 has still failing due to Intrinsic Fault
pipeline ARCO_35 still has reduced capacity: 0.0 due to Intrinsic Fault
pipeline ARCO_109 still has reduced capacity: 0.0 due to Intrinsic Fault
pipeline ARCO_110 still has reduced capacity: 0.0 due to Intrinsic Fault
pipeline V_EDGE_53_17 still has reduced capacity: 0.0 due to Intrinsic Fault
pipeline ARCO_39 still has reduced capacity: 0.0 due to Intrinsic Fault
pipeline ARCO_40 still has reduced capacity: 0.0 due to Intrinsic Fault
pipeline ARCO_105 still has reduced capacity: 0.0 due to Intrinsic Fault
Propagate Heavy Faults
Propagate Attacks
Inject Intrinsic Failure To Source
Inject Heavy Fault To Sources
Inject Attack Multiple To Source
Inject Intrinsic Fault To Pipeline
Inject Heavy Fault To Pipeline
Inject Attack To Pipeline
----------- Statistics ------------
	Sources Under Attack: 0
	Sources with Heavy Fault: 0
	Sources with Intrinsic Fault: 1
	Arcs with reduce capacity due to Attack: 0
	Arcs with reduce capacity due to Heavy Fault: 0
	Arcs with reduce capacity due to Intrinsic Fault: 7
	Arcs with Attacks: 0
	Arcs with Heavy Fault: 0
	Arcs with Intrinsic Fault: 0
--------- SOURCES STATISTICS ---------------
Demand del real Source[0]: -31.0, flusso erogato: 15.440000000000001, flusso entrante: 0.0, efficienza: 49.80645161290323 %
Demand del real Source[8]: -10.5, flusso erogato: 3.8600000000000003, flusso entrante: 0.0, efficienza: 36.76190476190476 %
Demand del real Source[9]: -7.1, flusso erogato: 21.54, flusso entrante: 14.440000000000001, efficienza: 303.38028169014086 %
Demand del real Source[17]: -25.0, flusso erogato: 0.0, flusso entrante: 0.0, efficienza: 0.0 %
Flusso totale entrante nei Real Source: 14.440000000000001
Flusso totale uscente dai Real Source: 40.84
Flusso netto sui real Source: -26.400000000000002
--- SINKS STATISTICS ---
Sink 3 SODDISFATTO. Flusso netto: 3.43, Demand: 3.43, percentage: 100.0
Sink 4 SODDISFATTO. Flusso netto: 0.5700000000000003, Demand: 0.57, percentage: 100.00000000000007
Sink 5 SODDISFATTO. Flusso netto: 0.6600000000000001, Demand: 0.66, percentage: 100.00000000000003
Sink 11 SODDISFATTO. Flusso netto: 1.03, Demand: 1.03, percentage: 100.0
Sink 15 SODDISFATTO. Flusso netto: 0.45999999999999996, Demand: 0.46, percentage: 99.99999999999999
Sink 16 non è soddisfatto. Flusso netto: 2.83, Demand: 8.4, percentage: 33.69047619047619
Sink 19 non è soddisfatto. Flusso netto: 0.0, Demand: 0.54, percentage: 0.0
Sink 23 non è soddisfatto. Flusso netto: 0.0, Demand: 0.6, percentage: 0.0
Sink 24 non è soddisfatto. Flusso netto: 0.0, Demand: 0.8, percentage: 0.0
Sink 25 non è soddisfatto. Flusso netto: 0.0, Demand: 3.5, percentage: 0.0
Sink 26 non è soddisfatto. Flusso netto: 0.0, Demand: 6.0, percentage: 0.0
Sink 28 non è soddisfatto. Flusso netto: 0.0, Demand: 0.4, percentage: 0.0
Sink 30 non è soddisfatto. Flusso netto: 0.0, Demand: 0.98, percentage: 0.0
Sink 31 non è soddisfatto. Flusso netto: 0.0, Demand: 0.4, percentage: 0.0
Sink 32 SODDISFATTO. Flusso netto: 1.0, Demand: 1.0, percentage: 100.0
Sink 34 SODDISFATTO. Flusso netto: 1.74, Demand: 1.74, percentage: 100.0
Sink 35 SODDISFATTO. Flusso netto: 1.3, Demand: 1.3, percentage: 100.0
Sink 37 SODDISFATTO. Flusso netto: 1.0, Demand: 1.0, percentage: 100.0
Sink 39 non è soddisfatto. Flusso netto: 0.0, Demand: 0.4, percentage: 0.0
Sink 40 non è soddisfatto. Flusso netto: 0.0, Demand: 0.5, percentage: 0.0
Sink 41 SODDISFATTO. Flusso netto: 1.0600000000000005, Demand: 1.06, percentage: 100.00000000000004
Sink 42 SODDISFATTO. Flusso netto: 2.8199999999999994, Demand: 2.82, percentage: 99.99999999999999
Sink 45 SODDISFATTO. Flusso netto: 0.68, Demand: 0.68, percentage: 100.0
Sink 46 SODDISFATTO. Flusso netto: 1.17, Demand: 1.17, percentage: 100.0
Sink 49 non è soddisfatto. Flusso netto: 6.6499999999999995, Demand: 7.0, percentage: 95.0
Flusso totale entrante nei SINK: 53.099999999999994
Flusso totale uscente nei SINK: 26.7
Flusso totale netto nei SINK: 26.399999999999995
Total DEMAND dei SINK: 46.44
Percentual di flusso ai SINK: 0.5684754521963824
Numero di Sink soddisfatti: 13.0, numero totale di sink: 25.0
Percentuale di Sink soddisfatti: 0.52

---------------------------------- DAY 161

Update Fixed Elements from Intrinsic Faults
Update Fixed Elements from Heavy Faults
Update Fixed Elements from Attack
Propagate Intrinsic Fault
Node NODO_19 has still failing due to Intrinsic Fault
pipeline ARCO_35 still has reduced capacity: 0.0 due to Intrinsic Fault
pipeline ARCO_109 still has reduced capacity: 0.0 due to Intrinsic Fault
pipeline ARCO_110 still has reduced capacity: 0.0 due to Intrinsic Fault
pipeline V_EDGE_53_17 still has reduced capacity: 0.0 due to Intrinsic Fault
pipeline ARCO_39 still has reduced capacity: 0.0 due to Intrinsic Fault
pipeline ARCO_40 still has reduced capacity: 0.0 due to Intrinsic Fault
pipeline ARCO_105 still has reduced capacity: 0.0 due to Intrinsic Fault
Propagate Heavy Faults
Propagate Attacks
Inject Intrinsic Failure To Source
Inject Heavy Fault To Sources
Inject Attack Multiple To Source
Inject Intrinsic Fault To Pipeline
Inject Heavy Fault To Pipeline
Inject Attack To Pipeline
----------- Statistics ------------
	Sources Under Attack: 0
	Sources with Heavy Fault: 0
	Sources with Intrinsic Fault: 1
	Arcs with reduce capacity due to Attack: 0
	Arcs with reduce capacity due to Heavy Fault: 0
	Arcs with reduce capacity due to Intrinsic Fault: 7
	Arcs with Attacks: 0
	Arcs with Heavy Fault: 0
	Arcs with Intrinsic Fault: 0
--------- SOURCES STATISTICS ---------------
Demand del real Source[0]: -31.0, flusso erogato: 15.440000000000001, flusso entrante: 0.0, efficienza: 49.80645161290323 %
Demand del real Source[8]: -10.5, flusso erogato: 3.8600000000000003, flusso entrante: 0.0, efficienza: 36.76190476190476 %
Demand del real Source[9]: -7.1, flusso erogato: 21.54, flusso entrante: 14.440000000000001, efficienza: 303.38028169014086 %
Demand del real Source[17]: -25.0, flusso erogato: 0.0, flusso entrante: 0.0, efficienza: 0.0 %
Flusso totale entrante nei Real Source: 14.440000000000001
Flusso totale uscente dai Real Source: 40.84
Flusso netto sui real Source: -26.400000000000002
--- SINKS STATISTICS ---
Sink 3 SODDISFATTO. Flusso netto: 3.43, Demand: 3.43, percentage: 100.0
Sink 4 SODDISFATTO. Flusso netto: 0.5700000000000003, Demand: 0.57, percentage: 100.00000000000007
Sink 5 SODDISFATTO. Flusso netto: 0.6600000000000001, Demand: 0.66, percentage: 100.00000000000003
Sink 11 SODDISFATTO. Flusso netto: 1.03, Demand: 1.03, percentage: 100.0
Sink 15 SODDISFATTO. Flusso netto: 0.45999999999999996, Demand: 0.46, percentage: 99.99999999999999
Sink 16 non è soddisfatto. Flusso netto: 2.83, Demand: 8.4, percentage: 33.69047619047619
Sink 19 non è soddisfatto. Flusso netto: 0.0, Demand: 0.54, percentage: 0.0
Sink 23 non è soddisfatto. Flusso netto: 0.0, Demand: 0.6, percentage: 0.0
Sink 24 non è soddisfatto. Flusso netto: 0.0, Demand: 0.8, percentage: 0.0
Sink 25 non è soddisfatto. Flusso netto: 0.0, Demand: 3.5, percentage: 0.0
Sink 26 non è soddisfatto. Flusso netto: 0.0, Demand: 6.0, percentage: 0.0
Sink 28 non è soddisfatto. Flusso netto: 0.0, Demand: 0.4, percentage: 0.0
Sink 30 non è soddisfatto. Flusso netto: 0.0, Demand: 0.98, percentage: 0.0
Sink 31 non è soddisfatto. Flusso netto: 0.0, Demand: 0.4, percentage: 0.0
Sink 32 SODDISFATTO. Flusso netto: 1.0, Demand: 1.0, percentage: 100.0
Sink 34 SODDISFATTO. Flusso netto: 1.74, Demand: 1.74, percentage: 100.0
Sink 35 SODDISFATTO. Flusso netto: 1.3, Demand: 1.3, percentage: 100.0
Sink 37 SODDISFATTO. Flusso netto: 1.0, Demand: 1.0, percentage: 100.0
Sink 39 non è soddisfatto. Flusso netto: 0.0, Demand: 0.4, percentage: 0.0
Sink 40 non è soddisfatto. Flusso netto: 0.0, Demand: 0.5, percentage: 0.0
Sink 41 SODDISFATTO. Flusso netto: 1.0600000000000005, Demand: 1.06, percentage: 100.00000000000004
Sink 42 SODDISFATTO. Flusso netto: 2.8199999999999994, Demand: 2.82, percentage: 99.99999999999999
Sink 45 SODDISFATTO. Flusso netto: 0.68, Demand: 0.68, percentage: 100.0
Sink 46 SODDISFATTO. Flusso netto: 1.17, Demand: 1.17, percentage: 100.0
Sink 49 non è soddisfatto. Flusso netto: 6.6499999999999995, Demand: 7.0, percentage: 95.0
Flusso totale entrante nei SINK: 53.099999999999994
Flusso totale uscente nei SINK: 26.7
Flusso totale netto nei SINK: 26.399999999999995
Total DEMAND dei SINK: 46.44
Percentual di flusso ai SINK: 0.5684754521963824
Numero di Sink soddisfatti: 13.0, numero totale di sink: 25.0
Percentuale di Sink soddisfatti: 0.52

---------------------------------- DAY 162

Update Fixed Elements from Intrinsic Faults
Source NODO_19 fixed from Intrinsic Fault
Pipeline ARCO_35 fixed due to Source NODO_19 fixing from Intrinsic Fault
Pipeline ARCO_109 fixed due to Source NODO_19 fixing from Intrinsic Fault
Pipeline ARCO_110 fixed due to Source NODO_19 fixing from Intrinsic Fault
Pipeline V_EDGE_53_17 fixed due to Source NODO_19 fixing from Intrinsic Fault
Pipeline ARCO_39 fixed due to Source NODO_19 fixing from Intrinsic Fault
Pipeline ARCO_40 fixed due to Source NODO_19 fixing from Intrinsic Fault
Pipeline ARCO_105 fixed due to Source NODO_19 fixing from Intrinsic Fault
Update Fixed Elements from Heavy Faults
Update Fixed Elements from Attack
Propagate Intrinsic Fault
Propagate Heavy Faults
Propagate Attacks
Inject Intrinsic Failure To Source
Inject Heavy Fault To Sources
Inject Attack Multiple To Source
Inject Intrinsic Fault To Pipeline
Inject Heavy Fault To Pipeline
Inject Attack To Pipeline
----------- Statistics ------------
	Sources Under Attack: 0
	Sources with Heavy Fault: 0
	Sources with Intrinsic Fault: 0
	Arcs with reduce capacity due to Attack: 0
	Arcs with reduce capacity due to Heavy Fault: 0
	Arcs with reduce capacity due to Intrinsic Fault: 0
	Arcs with Attacks: 0
	Arcs with Heavy Fault: 0
	Arcs with Intrinsic Fault: 0
--------- SOURCES STATISTICS ---------------
Demand del real Source[0]: -31.0, flusso erogato: 10.129999999999997, flusso entrante: 0.0, efficienza: 32.6774193548387 %
Demand del real Source[8]: -10.5, flusso erogato: 3.8600000000000003, flusso entrante: 0.0, efficienza: 36.76190476190476 %
Demand del real Source[9]: -7.1, flusso erogato: 16.229999999999997, flusso entrante: 9.129999999999997, efficienza: 228.59154929577463 %
Demand del real Source[17]: -25.0, flusso erogato: 25.000000000000007, flusso entrante: 0.0, efficienza: 100.00000000000003 %
Flusso totale entrante nei Real Source: 9.129999999999997
Flusso totale uscente dai Real Source: 55.220000000000006
Flusso netto sui real Source: -46.09000000000001
--- SINKS STATISTICS ---
Sink 3 SODDISFATTO. Flusso netto: 3.43, Demand: 3.43, percentage: 100.0
Sink 4 SODDISFATTO. Flusso netto: 0.5700000000000003, Demand: 0.57, percentage: 100.00000000000007
Sink 5 SODDISFATTO. Flusso netto: 0.6600000000000001, Demand: 0.66, percentage: 100.00000000000003
Sink 11 SODDISFATTO. Flusso netto: 1.03, Demand: 1.03, percentage: 100.0
Sink 15 SODDISFATTO. Flusso netto: 0.46, Demand: 0.46, percentage: 100.0
Sink 16 SODDISFATTO. Flusso netto: 8.400000000000002, Demand: 8.4, percentage: 100.00000000000003
Sink 19 SODDISFATTO. Flusso netto: 0.5399999999999991, Demand: 0.54, percentage: 99.99999999999983
Sink 23 SODDISFATTO. Flusso netto: 0.5999999999999999, Demand: 0.6, percentage: 99.99999999999997
Sink 24 SODDISFATTO. Flusso netto: 0.8, Demand: 0.8, percentage: 100.0
Sink 25 SODDISFATTO. Flusso netto: 3.5, Demand: 3.5, percentage: 100.0
Sink 26 SODDISFATTO. Flusso netto: 6.000000000000002, Demand: 6.0, percentage: 100.00000000000003
Sink 28 SODDISFATTO. Flusso netto: 0.4, Demand: 0.4, percentage: 100.0
Sink 30 SODDISFATTO. Flusso netto: 0.9799999999999986, Demand: 0.98, percentage: 99.99999999999987
Sink 31 SODDISFATTO. Flusso netto: 0.4, Demand: 0.4, percentage: 100.0
Sink 32 SODDISFATTO. Flusso netto: 0.9999999999999996, Demand: 1.0, percentage: 99.99999999999996
Sink 34 SODDISFATTO. Flusso netto: 1.74, Demand: 1.74, percentage: 100.0
Sink 35 SODDISFATTO. Flusso netto: 1.3, Demand: 1.3, percentage: 100.0
Sink 37 SODDISFATTO. Flusso netto: 1.0, Demand: 1.0, percentage: 100.0
Sink 39 SODDISFATTO. Flusso netto: 0.4, Demand: 0.4, percentage: 100.0
Sink 40 SODDISFATTO. Flusso netto: 0.5, Demand: 0.5, percentage: 100.0
Sink 41 SODDISFATTO. Flusso netto: 1.06, Demand: 1.06, percentage: 100.0
Sink 42 SODDISFATTO. Flusso netto: 2.8199999999999994, Demand: 2.82, percentage: 99.99999999999999
Sink 45 SODDISFATTO. Flusso netto: 0.68, Demand: 0.68, percentage: 100.0
Sink 46 SODDISFATTO. Flusso netto: 1.17, Demand: 1.17, percentage: 100.0
Sink 49 non è soddisfatto. Flusso netto: 6.6499999999999995, Demand: 7.0, percentage: 95.0
Flusso totale entrante nei SINK: 92.61000000000001
Flusso totale uscente nei SINK: 46.52
Flusso totale netto nei SINK: 46.09000000000001
Total DEMAND dei SINK: 46.44
Percentual di flusso ai SINK: 0.9924633936261846
Numero di Sink soddisfatti: 24.0, numero totale di sink: 25.0
Percentuale di Sink soddisfatti: 0.96

---------------------------------- DAY 163

Update Fixed Elements from Intrinsic Faults
Update Fixed Elements from Heavy Faults
Update Fixed Elements from Attack
Propagate Intrinsic Fault
Propagate Heavy Faults
Propagate Attacks
Inject Intrinsic Failure To Source
Inject Heavy Fault To Sources
Inject Attack Multiple To Source
Inject Intrinsic Fault To Pipeline
Inject Heavy Fault To Pipeline
Inject Attack To Pipeline
----------- Statistics ------------
	Sources Under Attack: 0
	Sources with Heavy Fault: 0
	Sources with Intrinsic Fault: 0
	Arcs with reduce capacity due to Attack: 0
	Arcs with reduce capacity due to Heavy Fault: 0
	Arcs with reduce capacity due to Intrinsic Fault: 0
	Arcs with Attacks: 0
	Arcs with Heavy Fault: 0
	Arcs with Intrinsic Fault: 0
--------- SOURCES STATISTICS ---------------
Demand del real Source[0]: -31.0, flusso erogato: 10.129999999999997, flusso entrante: 0.0, efficienza: 32.6774193548387 %
Demand del real Source[8]: -10.5, flusso erogato: 3.8600000000000003, flusso entrante: 0.0, efficienza: 36.76190476190476 %
Demand del real Source[9]: -7.1, flusso erogato: 16.229999999999997, flusso entrante: 9.129999999999997, efficienza: 228.59154929577463 %
Demand del real Source[17]: -25.0, flusso erogato: 25.000000000000007, flusso entrante: 0.0, efficienza: 100.00000000000003 %
Flusso totale entrante nei Real Source: 9.129999999999997
Flusso totale uscente dai Real Source: 55.220000000000006
Flusso netto sui real Source: -46.09000000000001
--- SINKS STATISTICS ---
Sink 3 SODDISFATTO. Flusso netto: 3.43, Demand: 3.43, percentage: 100.0
Sink 4 SODDISFATTO. Flusso netto: 0.5700000000000003, Demand: 0.57, percentage: 100.00000000000007
Sink 5 SODDISFATTO. Flusso netto: 0.6600000000000001, Demand: 0.66, percentage: 100.00000000000003
Sink 11 SODDISFATTO. Flusso netto: 1.03, Demand: 1.03, percentage: 100.0
Sink 15 SODDISFATTO. Flusso netto: 0.46, Demand: 0.46, percentage: 100.0
Sink 16 SODDISFATTO. Flusso netto: 8.400000000000002, Demand: 8.4, percentage: 100.00000000000003
Sink 19 SODDISFATTO. Flusso netto: 0.5399999999999991, Demand: 0.54, percentage: 99.99999999999983
Sink 23 SODDISFATTO. Flusso netto: 0.5999999999999999, Demand: 0.6, percentage: 99.99999999999997
Sink 24 SODDISFATTO. Flusso netto: 0.8, Demand: 0.8, percentage: 100.0
Sink 25 SODDISFATTO. Flusso netto: 3.5, Demand: 3.5, percentage: 100.0
Sink 26 SODDISFATTO. Flusso netto: 6.000000000000002, Demand: 6.0, percentage: 100.00000000000003
Sink 28 SODDISFATTO. Flusso netto: 0.4, Demand: 0.4, percentage: 100.0
Sink 30 SODDISFATTO. Flusso netto: 0.9799999999999986, Demand: 0.98, percentage: 99.99999999999987
Sink 31 SODDISFATTO. Flusso netto: 0.4, Demand: 0.4, percentage: 100.0
Sink 32 SODDISFATTO. Flusso netto: 0.9999999999999996, Demand: 1.0, percentage: 99.99999999999996
Sink 34 SODDISFATTO. Flusso netto: 1.74, Demand: 1.74, percentage: 100.0
Sink 35 SODDISFATTO. Flusso netto: 1.3, Demand: 1.3, percentage: 100.0
Sink 37 SODDISFATTO. Flusso netto: 1.0, Demand: 1.0, percentage: 100.0
Sink 39 SODDISFATTO. Flusso netto: 0.4, Demand: 0.4, percentage: 100.0
Sink 40 SODDISFATTO. Flusso netto: 0.5, Demand: 0.5, percentage: 100.0
Sink 41 SODDISFATTO. Flusso netto: 1.06, Demand: 1.06, percentage: 100.0
Sink 42 SODDISFATTO. Flusso netto: 2.8199999999999994, Demand: 2.82, percentage: 99.99999999999999
Sink 45 SODDISFATTO. Flusso netto: 0.68, Demand: 0.68, percentage: 100.0
Sink 46 SODDISFATTO. Flusso netto: 1.17, Demand: 1.17, percentage: 100.0
Sink 49 non è soddisfatto. Flusso netto: 6.6499999999999995, Demand: 7.0, percentage: 95.0
Flusso totale entrante nei SINK: 92.61000000000001
Flusso totale uscente nei SINK: 46.52
Flusso totale netto nei SINK: 46.09000000000001
Total DEMAND dei SINK: 46.44
Percentual di flusso ai SINK: 0.9924633936261846
Numero di Sink soddisfatti: 24.0, numero totale di sink: 25.0
Percentuale di Sink soddisfatti: 0.96

---------------------------------- DAY 164

Update Fixed Elements from Intrinsic Faults
Update Fixed Elements from Heavy Faults
Update Fixed Elements from Attack
Propagate Intrinsic Fault
Propagate Heavy Faults
Propagate Attacks
Inject Intrinsic Failure To Source
Inject Heavy Fault To Sources
Inject Attack Multiple To Source
Inject Intrinsic Fault To Pipeline
Inject Heavy Fault To Pipeline
Inject Attack To Pipeline
----------- Statistics ------------
	Sources Under Attack: 0
	Sources with Heavy Fault: 0
	Sources with Intrinsic Fault: 0
	Arcs with reduce capacity due to Attack: 0
	Arcs with reduce capacity due to Heavy Fault: 0
	Arcs with reduce capacity due to Intrinsic Fault: 0
	Arcs with Attacks: 0
	Arcs with Heavy Fault: 0
	Arcs with Intrinsic Fault: 0
--------- SOURCES STATISTICS ---------------
Demand del real Source[0]: -31.0, flusso erogato: 10.129999999999997, flusso entrante: 0.0, efficienza: 32.6774193548387 %
Demand del real Source[8]: -10.5, flusso erogato: 3.8600000000000003, flusso entrante: 0.0, efficienza: 36.76190476190476 %
Demand del real Source[9]: -7.1, flusso erogato: 16.229999999999997, flusso entrante: 9.129999999999997, efficienza: 228.59154929577463 %
Demand del real Source[17]: -25.0, flusso erogato: 25.000000000000007, flusso entrante: 0.0, efficienza: 100.00000000000003 %
Flusso totale entrante nei Real Source: 9.129999999999997
Flusso totale uscente dai Real Source: 55.220000000000006
Flusso netto sui real Source: -46.09000000000001
--- SINKS STATISTICS ---
Sink 3 SODDISFATTO. Flusso netto: 3.43, Demand: 3.43, percentage: 100.0
Sink 4 SODDISFATTO. Flusso netto: 0.5700000000000003, Demand: 0.57, percentage: 100.00000000000007
Sink 5 SODDISFATTO. Flusso netto: 0.6600000000000001, Demand: 0.66, percentage: 100.00000000000003
Sink 11 SODDISFATTO. Flusso netto: 1.03, Demand: 1.03, percentage: 100.0
Sink 15 SODDISFATTO. Flusso netto: 0.46, Demand: 0.46, percentage: 100.0
Sink 16 SODDISFATTO. Flusso netto: 8.400000000000002, Demand: 8.4, percentage: 100.00000000000003
Sink 19 SODDISFATTO. Flusso netto: 0.5399999999999991, Demand: 0.54, percentage: 99.99999999999983
Sink 23 SODDISFATTO. Flusso netto: 0.5999999999999999, Demand: 0.6, percentage: 99.99999999999997
Sink 24 SODDISFATTO. Flusso netto: 0.8, Demand: 0.8, percentage: 100.0
Sink 25 SODDISFATTO. Flusso netto: 3.5, Demand: 3.5, percentage: 100.0
Sink 26 SODDISFATTO. Flusso netto: 6.000000000000002, Demand: 6.0, percentage: 100.00000000000003
Sink 28 SODDISFATTO. Flusso netto: 0.4, Demand: 0.4, percentage: 100.0
Sink 30 SODDISFATTO. Flusso netto: 0.9799999999999986, Demand: 0.98, percentage: 99.99999999999987
Sink 31 SODDISFATTO. Flusso netto: 0.4, Demand: 0.4, percentage: 100.0
Sink 32 SODDISFATTO. Flusso netto: 0.9999999999999996, Demand: 1.0, percentage: 99.99999999999996
Sink 34 SODDISFATTO. Flusso netto: 1.74, Demand: 1.74, percentage: 100.0
Sink 35 SODDISFATTO. Flusso netto: 1.3, Demand: 1.3, percentage: 100.0
Sink 37 SODDISFATTO. Flusso netto: 1.0, Demand: 1.0, percentage: 100.0
Sink 39 SODDISFATTO. Flusso netto: 0.4, Demand: 0.4, percentage: 100.0
Sink 40 SODDISFATTO. Flusso netto: 0.5, Demand: 0.5, percentage: 100.0
Sink 41 SODDISFATTO. Flusso netto: 1.06, Demand: 1.06, percentage: 100.0
Sink 42 SODDISFATTO. Flusso netto: 2.8199999999999994, Demand: 2.82, percentage: 99.99999999999999
Sink 45 SODDISFATTO. Flusso netto: 0.68, Demand: 0.68, percentage: 100.0
Sink 46 SODDISFATTO. Flusso netto: 1.17, Demand: 1.17, percentage: 100.0
Sink 49 non è soddisfatto. Flusso netto: 6.6499999999999995, Demand: 7.0, percentage: 95.0
Flusso totale entrante nei SINK: 92.61000000000001
Flusso totale uscente nei SINK: 46.52
Flusso totale netto nei SINK: 46.09000000000001
Total DEMAND dei SINK: 46.44
Percentual di flusso ai SINK: 0.9924633936261846
Numero di Sink soddisfatti: 24.0, numero totale di sink: 25.0
Percentuale di Sink soddisfatti: 0.96

---------------------------------- DAY 165

Update Fixed Elements from Intrinsic Faults
Update Fixed Elements from Heavy Faults
Update Fixed Elements from Attack
Propagate Intrinsic Fault
Propagate Heavy Faults
Propagate Attacks
Inject Intrinsic Failure To Source
Source NODO_11 is failing for an Intrinsic Fault in day: 165
pipeline ARCO_3 has reduced capacity due to NODO_11 Intrinsic fault
pipeline ARCO_90 has reduced capacity due to NODO_11 Intrinsic fault
pipeline ARCO_91 has reduced capacity due to NODO_11 Intrinsic fault
pipeline ARCO_92 has reduced capacity due to NODO_11 Intrinsic fault
pipeline V_EDGE_53_9 has reduced capacity due to NODO_11 Intrinsic fault
pipeline ARCO_20 has reduced capacity due to NODO_11 Intrinsic fault
pipeline ARCO_21 has reduced capacity due to NODO_11 Intrinsic fault
pipeline ARCO_22 has reduced capacity due to NODO_11 Intrinsic fault
pipeline ARCO_73 has reduced capacity due to NODO_11 Intrinsic fault
Inject Heavy Fault To Sources
Inject Attack Multiple To Source
Inject Intrinsic Fault To Pipeline
Inject Heavy Fault To Pipeline
Inject Attack To Pipeline
----------- Statistics ------------
	Sources Under Attack: 0
	Sources with Heavy Fault: 0
	Sources with Intrinsic Fault: 1
	Arcs with reduce capacity due to Attack: 0
	Arcs with reduce capacity due to Heavy Fault: 0
	Arcs with reduce capacity due to Intrinsic Fault: 9
	Arcs with Attacks: 0
	Arcs with Heavy Fault: 0
	Arcs with Intrinsic Fault: 0
--------- SOURCES STATISTICS ---------------
Demand del real Source[0]: -31.0, flusso erogato: 11.397999999999998, flusso entrante: 0.0, efficienza: 36.76774193548387 %
Demand del real Source[8]: -10.5, flusso erogato: 3.8600000000000003, flusso entrante: 0.0, efficienza: 36.76190476190476 %
Demand del real Source[9]: -7.1, flusso erogato: 16.077999999999996, flusso entrante: 10.397999999999998, efficienza: 226.45070422535207 %
Demand del real Source[17]: -25.0, flusso erogato: 25.000000000000007, flusso entrante: 0.0, efficienza: 100.00000000000003 %
Flusso totale entrante nei Real Source: 10.397999999999998
Flusso totale uscente dai Real Source: 56.336000000000006
Flusso netto sui real Source: -45.93800000000001
--- SINKS STATISTICS ---
Sink 3 SODDISFATTO. Flusso netto: 3.43, Demand: 3.43, percentage: 100.0
Sink 4 SODDISFATTO. Flusso netto: 0.5700000000000003, Demand: 0.57, percentage: 100.00000000000007
Sink 5 SODDISFATTO. Flusso netto: 0.6600000000000001, Demand: 0.66, percentage: 100.00000000000003
Sink 11 SODDISFATTO. Flusso netto: 1.03, Demand: 1.03, percentage: 100.0
Sink 15 SODDISFATTO. Flusso netto: 0.46, Demand: 0.46, percentage: 100.0
Sink 16 SODDISFATTO. Flusso netto: 8.400000000000002, Demand: 8.4, percentage: 100.00000000000003
Sink 19 SODDISFATTO. Flusso netto: 0.5399999999999991, Demand: 0.54, percentage: 99.99999999999983
Sink 23 SODDISFATTO. Flusso netto: 0.5999999999999999, Demand: 0.6, percentage: 99.99999999999997
Sink 24 SODDISFATTO. Flusso netto: 0.8, Demand: 0.8, percentage: 100.0
Sink 25 SODDISFATTO. Flusso netto: 3.5, Demand: 3.5, percentage: 100.0
Sink 26 SODDISFATTO. Flusso netto: 6.000000000000002, Demand: 6.0, percentage: 100.00000000000003
Sink 28 SODDISFATTO. Flusso netto: 0.4, Demand: 0.4, percentage: 100.0
Sink 30 SODDISFATTO. Flusso netto: 0.9799999999999986, Demand: 0.98, percentage: 99.99999999999987
Sink 31 SODDISFATTO. Flusso netto: 0.4, Demand: 0.4, percentage: 100.0
Sink 32 SODDISFATTO. Flusso netto: 0.9999999999999996, Demand: 1.0, percentage: 99.99999999999996
Sink 34 SODDISFATTO. Flusso netto: 1.74, Demand: 1.74, percentage: 100.0
Sink 35 SODDISFATTO. Flusso netto: 1.3, Demand: 1.3, percentage: 100.0
Sink 37 SODDISFATTO. Flusso netto: 1.0, Demand: 1.0, percentage: 100.0
Sink 39 SODDISFATTO. Flusso netto: 0.4, Demand: 0.4, percentage: 100.0
Sink 40 SODDISFATTO. Flusso netto: 0.5, Demand: 0.5, percentage: 100.0
Sink 41 SODDISFATTO. Flusso netto: 1.0599999999999996, Demand: 1.06, percentage: 99.99999999999996
Sink 42 SODDISFATTO. Flusso netto: 2.8200000000000003, Demand: 2.82, percentage: 100.00000000000003
Sink 45 SODDISFATTO. Flusso netto: 0.68, Demand: 0.68, percentage: 100.0
Sink 46 SODDISFATTO. Flusso netto: 1.17, Demand: 1.17, percentage: 100.0
Sink 49 non è soddisfatto. Flusso netto: 6.497999999999999, Demand: 7.0, percentage: 92.82857142857142
Flusso totale entrante nei SINK: 95.24200000000002
Flusso totale uscente nei SINK: 49.304
Flusso totale netto nei SINK: 45.93800000000002
Total DEMAND dei SINK: 46.44
Percentual di flusso ai SINK: 0.989190353143842
Numero di Sink soddisfatti: 24.0, numero totale di sink: 25.0
Percentuale di Sink soddisfatti: 0.96

---------------------------------- DAY 166

Update Fixed Elements from Intrinsic Faults
Update Fixed Elements from Heavy Faults
Update Fixed Elements from Attack
Propagate Intrinsic Fault
Node NODO_11 has still failing due to Intrinsic Fault
pipeline ARCO_3 still has reduced capacity: 9.688 due to Intrinsic Fault
pipeline ARCO_90 still has reduced capacity: 1.6 due to Intrinsic Fault
pipeline ARCO_91 still has reduced capacity: 9.688 due to Intrinsic Fault
pipeline ARCO_92 still has reduced capacity: 39.328 due to Intrinsic Fault
pipeline V_EDGE_53_9 still has reduced capacity: 5.68 due to Intrinsic Fault
pipeline ARCO_20 still has reduced capacity: 1.6 due to Intrinsic Fault
pipeline ARCO_21 still has reduced capacity: 9.688 due to Intrinsic Fault
pipeline ARCO_22 still has reduced capacity: 39.328 due to Intrinsic Fault
pipeline ARCO_73 still has reduced capacity: 9.688 due to Intrinsic Fault
Propagate Heavy Faults
Propagate Attacks
Inject Intrinsic Failure To Source
Inject Heavy Fault To Sources
Inject Attack Multiple To Source
Inject Intrinsic Fault To Pipeline
Inject Heavy Fault To Pipeline
Inject Attack To Pipeline
----------- Statistics ------------
	Sources Under Attack: 0
	Sources with Heavy Fault: 0
	Sources with Intrinsic Fault: 1
	Arcs with reduce capacity due to Attack: 0
	Arcs with reduce capacity due to Heavy Fault: 0
	Arcs with reduce capacity due to Intrinsic Fault: 9
	Arcs with Attacks: 0
	Arcs with Heavy Fault: 0
	Arcs with Intrinsic Fault: 0
--------- SOURCES STATISTICS ---------------
Demand del real Source[0]: -31.0, flusso erogato: 11.397999999999998, flusso entrante: 0.0, efficienza: 36.76774193548387 %
Demand del real Source[8]: -10.5, flusso erogato: 3.8600000000000003, flusso entrante: 0.0, efficienza: 36.76190476190476 %
Demand del real Source[9]: -7.1, flusso erogato: 16.077999999999996, flusso entrante: 10.397999999999998, efficienza: 226.45070422535207 %
Demand del real Source[17]: -25.0, flusso erogato: 25.000000000000007, flusso entrante: 0.0, efficienza: 100.00000000000003 %
Flusso totale entrante nei Real Source: 10.397999999999998
Flusso totale uscente dai Real Source: 56.336000000000006
Flusso netto sui real Source: -45.93800000000001
--- SINKS STATISTICS ---
Sink 3 SODDISFATTO. Flusso netto: 3.43, Demand: 3.43, percentage: 100.0
Sink 4 SODDISFATTO. Flusso netto: 0.5700000000000003, Demand: 0.57, percentage: 100.00000000000007
Sink 5 SODDISFATTO. Flusso netto: 0.6600000000000001, Demand: 0.66, percentage: 100.00000000000003
Sink 11 SODDISFATTO. Flusso netto: 1.03, Demand: 1.03, percentage: 100.0
Sink 15 SODDISFATTO. Flusso netto: 0.46, Demand: 0.46, percentage: 100.0
Sink 16 SODDISFATTO. Flusso netto: 8.400000000000002, Demand: 8.4, percentage: 100.00000000000003
Sink 19 SODDISFATTO. Flusso netto: 0.5399999999999991, Demand: 0.54, percentage: 99.99999999999983
Sink 23 SODDISFATTO. Flusso netto: 0.5999999999999999, Demand: 0.6, percentage: 99.99999999999997
Sink 24 SODDISFATTO. Flusso netto: 0.8, Demand: 0.8, percentage: 100.0
Sink 25 SODDISFATTO. Flusso netto: 3.5, Demand: 3.5, percentage: 100.0
Sink 26 SODDISFATTO. Flusso netto: 6.000000000000002, Demand: 6.0, percentage: 100.00000000000003
Sink 28 SODDISFATTO. Flusso netto: 0.4, Demand: 0.4, percentage: 100.0
Sink 30 SODDISFATTO. Flusso netto: 0.9799999999999986, Demand: 0.98, percentage: 99.99999999999987
Sink 31 SODDISFATTO. Flusso netto: 0.4, Demand: 0.4, percentage: 100.0
Sink 32 SODDISFATTO. Flusso netto: 0.9999999999999996, Demand: 1.0, percentage: 99.99999999999996
Sink 34 SODDISFATTO. Flusso netto: 1.74, Demand: 1.74, percentage: 100.0
Sink 35 SODDISFATTO. Flusso netto: 1.3, Demand: 1.3, percentage: 100.0
Sink 37 SODDISFATTO. Flusso netto: 1.0, Demand: 1.0, percentage: 100.0
Sink 39 SODDISFATTO. Flusso netto: 0.4, Demand: 0.4, percentage: 100.0
Sink 40 SODDISFATTO. Flusso netto: 0.5, Demand: 0.5, percentage: 100.0
Sink 41 SODDISFATTO. Flusso netto: 1.0599999999999996, Demand: 1.06, percentage: 99.99999999999996
Sink 42 SODDISFATTO. Flusso netto: 2.8200000000000003, Demand: 2.82, percentage: 100.00000000000003
Sink 45 SODDISFATTO. Flusso netto: 0.68, Demand: 0.68, percentage: 100.0
Sink 46 SODDISFATTO. Flusso netto: 1.17, Demand: 1.17, percentage: 100.0
Sink 49 non è soddisfatto. Flusso netto: 6.497999999999999, Demand: 7.0, percentage: 92.82857142857142
Flusso totale entrante nei SINK: 95.24200000000002
Flusso totale uscente nei SINK: 49.304
Flusso totale netto nei SINK: 45.93800000000002
Total DEMAND dei SINK: 46.44
Percentual di flusso ai SINK: 0.989190353143842
Numero di Sink soddisfatti: 24.0, numero totale di sink: 25.0
Percentuale di Sink soddisfatti: 0.96

---------------------------------- DAY 167

Update Fixed Elements from Intrinsic Faults
Update Fixed Elements from Heavy Faults
Update Fixed Elements from Attack
Propagate Intrinsic Fault
Node NODO_11 has still failing due to Intrinsic Fault
pipeline ARCO_3 still has reduced capacity: 9.688 due to Intrinsic Fault
pipeline ARCO_90 still has reduced capacity: 1.6 due to Intrinsic Fault
pipeline ARCO_91 still has reduced capacity: 9.688 due to Intrinsic Fault
pipeline ARCO_92 still has reduced capacity: 39.328 due to Intrinsic Fault
pipeline V_EDGE_53_9 still has reduced capacity: 5.68 due to Intrinsic Fault
pipeline ARCO_20 still has reduced capacity: 1.6 due to Intrinsic Fault
pipeline ARCO_21 still has reduced capacity: 9.688 due to Intrinsic Fault
pipeline ARCO_22 still has reduced capacity: 39.328 due to Intrinsic Fault
pipeline ARCO_73 still has reduced capacity: 9.688 due to Intrinsic Fault
Propagate Heavy Faults
Propagate Attacks
Inject Intrinsic Failure To Source
Inject Heavy Fault To Sources
Inject Attack Multiple To Source
Inject Intrinsic Fault To Pipeline
Inject Heavy Fault To Pipeline
Inject Attack To Pipeline
----------- Statistics ------------
	Sources Under Attack: 0
	Sources with Heavy Fault: 0
	Sources with Intrinsic Fault: 1
	Arcs with reduce capacity due to Attack: 0
	Arcs with reduce capacity due to Heavy Fault: 0
	Arcs with reduce capacity due to Intrinsic Fault: 9
	Arcs with Attacks: 0
	Arcs with Heavy Fault: 0
	Arcs with Intrinsic Fault: 0
--------- SOURCES STATISTICS ---------------
Demand del real Source[0]: -31.0, flusso erogato: 11.397999999999998, flusso entrante: 0.0, efficienza: 36.76774193548387 %
Demand del real Source[8]: -10.5, flusso erogato: 3.8600000000000003, flusso entrante: 0.0, efficienza: 36.76190476190476 %
Demand del real Source[9]: -7.1, flusso erogato: 16.077999999999996, flusso entrante: 10.397999999999998, efficienza: 226.45070422535207 %
Demand del real Source[17]: -25.0, flusso erogato: 25.000000000000007, flusso entrante: 0.0, efficienza: 100.00000000000003 %
Flusso totale entrante nei Real Source: 10.397999999999998
Flusso totale uscente dai Real Source: 56.336000000000006
Flusso netto sui real Source: -45.93800000000001
--- SINKS STATISTICS ---
Sink 3 SODDISFATTO. Flusso netto: 3.43, Demand: 3.43, percentage: 100.0
Sink 4 SODDISFATTO. Flusso netto: 0.5700000000000003, Demand: 0.57, percentage: 100.00000000000007
Sink 5 SODDISFATTO. Flusso netto: 0.6600000000000001, Demand: 0.66, percentage: 100.00000000000003
Sink 11 SODDISFATTO. Flusso netto: 1.03, Demand: 1.03, percentage: 100.0
Sink 15 SODDISFATTO. Flusso netto: 0.46, Demand: 0.46, percentage: 100.0
Sink 16 SODDISFATTO. Flusso netto: 8.400000000000002, Demand: 8.4, percentage: 100.00000000000003
Sink 19 SODDISFATTO. Flusso netto: 0.5399999999999991, Demand: 0.54, percentage: 99.99999999999983
Sink 23 SODDISFATTO. Flusso netto: 0.5999999999999999, Demand: 0.6, percentage: 99.99999999999997
Sink 24 SODDISFATTO. Flusso netto: 0.8, Demand: 0.8, percentage: 100.0
Sink 25 SODDISFATTO. Flusso netto: 3.5, Demand: 3.5, percentage: 100.0
Sink 26 SODDISFATTO. Flusso netto: 6.000000000000002, Demand: 6.0, percentage: 100.00000000000003
Sink 28 SODDISFATTO. Flusso netto: 0.4, Demand: 0.4, percentage: 100.0
Sink 30 SODDISFATTO. Flusso netto: 0.9799999999999986, Demand: 0.98, percentage: 99.99999999999987
Sink 31 SODDISFATTO. Flusso netto: 0.4, Demand: 0.4, percentage: 100.0
Sink 32 SODDISFATTO. Flusso netto: 0.9999999999999996, Demand: 1.0, percentage: 99.99999999999996
Sink 34 SODDISFATTO. Flusso netto: 1.74, Demand: 1.74, percentage: 100.0
Sink 35 SODDISFATTO. Flusso netto: 1.3, Demand: 1.3, percentage: 100.0
Sink 37 SODDISFATTO. Flusso netto: 1.0, Demand: 1.0, percentage: 100.0
Sink 39 SODDISFATTO. Flusso netto: 0.4, Demand: 0.4, percentage: 100.0
Sink 40 SODDISFATTO. Flusso netto: 0.5, Demand: 0.5, percentage: 100.0
Sink 41 SODDISFATTO. Flusso netto: 1.0599999999999996, Demand: 1.06, percentage: 99.99999999999996
Sink 42 SODDISFATTO. Flusso netto: 2.8200000000000003, Demand: 2.82, percentage: 100.00000000000003
Sink 45 SODDISFATTO. Flusso netto: 0.68, Demand: 0.68, percentage: 100.0
Sink 46 SODDISFATTO. Flusso netto: 1.17, Demand: 1.17, percentage: 100.0
Sink 49 non è soddisfatto. Flusso netto: 6.497999999999999, Demand: 7.0, percentage: 92.82857142857142
Flusso totale entrante nei SINK: 95.24200000000002
Flusso totale uscente nei SINK: 49.304
Flusso totale netto nei SINK: 45.93800000000002
Total DEMAND dei SINK: 46.44
Percentual di flusso ai SINK: 0.989190353143842
Numero di Sink soddisfatti: 24.0, numero totale di sink: 25.0
Percentuale di Sink soddisfatti: 0.96

---------------------------------- DAY 168

Update Fixed Elements from Intrinsic Faults
Source NODO_11 fixed from Intrinsic Fault
Pipeline ARCO_3 fixed due to Source NODO_11 fixing from Intrinsic Fault
Pipeline ARCO_90 fixed due to Source NODO_11 fixing from Intrinsic Fault
Pipeline ARCO_91 fixed due to Source NODO_11 fixing from Intrinsic Fault
Pipeline ARCO_92 fixed due to Source NODO_11 fixing from Intrinsic Fault
Pipeline V_EDGE_53_9 fixed due to Source NODO_11 fixing from Intrinsic Fault
Pipeline ARCO_20 fixed due to Source NODO_11 fixing from Intrinsic Fault
Pipeline ARCO_21 fixed due to Source NODO_11 fixing from Intrinsic Fault
Pipeline ARCO_22 fixed due to Source NODO_11 fixing from Intrinsic Fault
Pipeline ARCO_73 fixed due to Source NODO_11 fixing from Intrinsic Fault
Update Fixed Elements from Heavy Faults
Update Fixed Elements from Attack
Propagate Intrinsic Fault
Propagate Heavy Faults
Propagate Attacks
Inject Intrinsic Failure To Source
Inject Heavy Fault To Sources
Inject Attack Multiple To Source
Inject Intrinsic Fault To Pipeline
Inject Heavy Fault To Pipeline
Inject Attack To Pipeline
----------- Statistics ------------
	Sources Under Attack: 0
	Sources with Heavy Fault: 0
	Sources with Intrinsic Fault: 0
	Arcs with reduce capacity due to Attack: 0
	Arcs with reduce capacity due to Heavy Fault: 0
	Arcs with reduce capacity due to Intrinsic Fault: 0
	Arcs with Attacks: 0
	Arcs with Heavy Fault: 0
	Arcs with Intrinsic Fault: 0
--------- SOURCES STATISTICS ---------------
Demand del real Source[0]: -31.0, flusso erogato: 10.129999999999997, flusso entrante: 0.0, efficienza: 32.6774193548387 %
Demand del real Source[8]: -10.5, flusso erogato: 3.8600000000000003, flusso entrante: 0.0, efficienza: 36.76190476190476 %
Demand del real Source[9]: -7.1, flusso erogato: 16.229999999999997, flusso entrante: 9.129999999999997, efficienza: 228.59154929577463 %
Demand del real Source[17]: -25.0, flusso erogato: 25.000000000000007, flusso entrante: 0.0, efficienza: 100.00000000000003 %
Flusso totale entrante nei Real Source: 9.129999999999997
Flusso totale uscente dai Real Source: 55.220000000000006
Flusso netto sui real Source: -46.09000000000001
--- SINKS STATISTICS ---
Sink 3 SODDISFATTO. Flusso netto: 3.43, Demand: 3.43, percentage: 100.0
Sink 4 SODDISFATTO. Flusso netto: 0.5700000000000003, Demand: 0.57, percentage: 100.00000000000007
Sink 5 SODDISFATTO. Flusso netto: 0.6600000000000001, Demand: 0.66, percentage: 100.00000000000003
Sink 11 SODDISFATTO. Flusso netto: 1.03, Demand: 1.03, percentage: 100.0
Sink 15 SODDISFATTO. Flusso netto: 0.46, Demand: 0.46, percentage: 100.0
Sink 16 SODDISFATTO. Flusso netto: 8.400000000000002, Demand: 8.4, percentage: 100.00000000000003
Sink 19 SODDISFATTO. Flusso netto: 0.5399999999999991, Demand: 0.54, percentage: 99.99999999999983
Sink 23 SODDISFATTO. Flusso netto: 0.5999999999999999, Demand: 0.6, percentage: 99.99999999999997
Sink 24 SODDISFATTO. Flusso netto: 0.8, Demand: 0.8, percentage: 100.0
Sink 25 SODDISFATTO. Flusso netto: 3.5, Demand: 3.5, percentage: 100.0
Sink 26 SODDISFATTO. Flusso netto: 6.000000000000002, Demand: 6.0, percentage: 100.00000000000003
Sink 28 SODDISFATTO. Flusso netto: 0.4, Demand: 0.4, percentage: 100.0
Sink 30 SODDISFATTO. Flusso netto: 0.9799999999999986, Demand: 0.98, percentage: 99.99999999999987
Sink 31 SODDISFATTO. Flusso netto: 0.4, Demand: 0.4, percentage: 100.0
Sink 32 SODDISFATTO. Flusso netto: 0.9999999999999996, Demand: 1.0, percentage: 99.99999999999996
Sink 34 SODDISFATTO. Flusso netto: 1.74, Demand: 1.74, percentage: 100.0
Sink 35 SODDISFATTO. Flusso netto: 1.3, Demand: 1.3, percentage: 100.0
Sink 37 SODDISFATTO. Flusso netto: 1.0, Demand: 1.0, percentage: 100.0
Sink 39 SODDISFATTO. Flusso netto: 0.4, Demand: 0.4, percentage: 100.0
Sink 40 SODDISFATTO. Flusso netto: 0.5, Demand: 0.5, percentage: 100.0
Sink 41 SODDISFATTO. Flusso netto: 1.06, Demand: 1.06, percentage: 100.0
Sink 42 SODDISFATTO. Flusso netto: 2.8199999999999994, Demand: 2.82, percentage: 99.99999999999999
Sink 45 SODDISFATTO. Flusso netto: 0.68, Demand: 0.68, percentage: 100.0
Sink 46 SODDISFATTO. Flusso netto: 1.17, Demand: 1.17, percentage: 100.0
Sink 49 non è soddisfatto. Flusso netto: 6.6499999999999995, Demand: 7.0, percentage: 95.0
Flusso totale entrante nei SINK: 92.61000000000001
Flusso totale uscente nei SINK: 46.52
Flusso totale netto nei SINK: 46.09000000000001
Total DEMAND dei SINK: 46.44
Percentual di flusso ai SINK: 0.9924633936261846
Numero di Sink soddisfatti: 24.0, numero totale di sink: 25.0
Percentuale di Sink soddisfatti: 0.96

---------------------------------- DAY 169

Update Fixed Elements from Intrinsic Faults
Update Fixed Elements from Heavy Faults
Update Fixed Elements from Attack
Propagate Intrinsic Fault
Propagate Heavy Faults
Propagate Attacks
Inject Intrinsic Failure To Source
Inject Heavy Fault To Sources
Inject Attack Multiple To Source
Inject Intrinsic Fault To Pipeline
Inject Heavy Fault To Pipeline
Inject Attack To Pipeline
----------- Statistics ------------
	Sources Under Attack: 0
	Sources with Heavy Fault: 0
	Sources with Intrinsic Fault: 0
	Arcs with reduce capacity due to Attack: 0
	Arcs with reduce capacity due to Heavy Fault: 0
	Arcs with reduce capacity due to Intrinsic Fault: 0
	Arcs with Attacks: 0
	Arcs with Heavy Fault: 0
	Arcs with Intrinsic Fault: 0
--------- SOURCES STATISTICS ---------------
Demand del real Source[0]: -31.0, flusso erogato: 10.129999999999997, flusso entrante: 0.0, efficienza: 32.6774193548387 %
Demand del real Source[8]: -10.5, flusso erogato: 3.8600000000000003, flusso entrante: 0.0, efficienza: 36.76190476190476 %
Demand del real Source[9]: -7.1, flusso erogato: 16.229999999999997, flusso entrante: 9.129999999999997, efficienza: 228.59154929577463 %
Demand del real Source[17]: -25.0, flusso erogato: 25.000000000000007, flusso entrante: 0.0, efficienza: 100.00000000000003 %
Flusso totale entrante nei Real Source: 9.129999999999997
Flusso totale uscente dai Real Source: 55.220000000000006
Flusso netto sui real Source: -46.09000000000001
--- SINKS STATISTICS ---
Sink 3 SODDISFATTO. Flusso netto: 3.43, Demand: 3.43, percentage: 100.0
Sink 4 SODDISFATTO. Flusso netto: 0.5700000000000003, Demand: 0.57, percentage: 100.00000000000007
Sink 5 SODDISFATTO. Flusso netto: 0.6600000000000001, Demand: 0.66, percentage: 100.00000000000003
Sink 11 SODDISFATTO. Flusso netto: 1.03, Demand: 1.03, percentage: 100.0
Sink 15 SODDISFATTO. Flusso netto: 0.46, Demand: 0.46, percentage: 100.0
Sink 16 SODDISFATTO. Flusso netto: 8.400000000000002, Demand: 8.4, percentage: 100.00000000000003
Sink 19 SODDISFATTO. Flusso netto: 0.5399999999999991, Demand: 0.54, percentage: 99.99999999999983
Sink 23 SODDISFATTO. Flusso netto: 0.5999999999999999, Demand: 0.6, percentage: 99.99999999999997
Sink 24 SODDISFATTO. Flusso netto: 0.8, Demand: 0.8, percentage: 100.0
Sink 25 SODDISFATTO. Flusso netto: 3.5, Demand: 3.5, percentage: 100.0
Sink 26 SODDISFATTO. Flusso netto: 6.000000000000002, Demand: 6.0, percentage: 100.00000000000003
Sink 28 SODDISFATTO. Flusso netto: 0.4, Demand: 0.4, percentage: 100.0
Sink 30 SODDISFATTO. Flusso netto: 0.9799999999999986, Demand: 0.98, percentage: 99.99999999999987
Sink 31 SODDISFATTO. Flusso netto: 0.4, Demand: 0.4, percentage: 100.0
Sink 32 SODDISFATTO. Flusso netto: 0.9999999999999996, Demand: 1.0, percentage: 99.99999999999996
Sink 34 SODDISFATTO. Flusso netto: 1.74, Demand: 1.74, percentage: 100.0
Sink 35 SODDISFATTO. Flusso netto: 1.3, Demand: 1.3, percentage: 100.0
Sink 37 SODDISFATTO. Flusso netto: 1.0, Demand: 1.0, percentage: 100.0
Sink 39 SODDISFATTO. Flusso netto: 0.4, Demand: 0.4, percentage: 100.0
Sink 40 SODDISFATTO. Flusso netto: 0.5, Demand: 0.5, percentage: 100.0
Sink 41 SODDISFATTO. Flusso netto: 1.06, Demand: 1.06, percentage: 100.0
Sink 42 SODDISFATTO. Flusso netto: 2.8199999999999994, Demand: 2.82, percentage: 99.99999999999999
Sink 45 SODDISFATTO. Flusso netto: 0.68, Demand: 0.68, percentage: 100.0
Sink 46 SODDISFATTO. Flusso netto: 1.17, Demand: 1.17, percentage: 100.0
Sink 49 non è soddisfatto. Flusso netto: 6.6499999999999995, Demand: 7.0, percentage: 95.0
Flusso totale entrante nei SINK: 92.61000000000001
Flusso totale uscente nei SINK: 46.52
Flusso totale netto nei SINK: 46.09000000000001
Total DEMAND dei SINK: 46.44
Percentual di flusso ai SINK: 0.9924633936261846
Numero di Sink soddisfatti: 24.0, numero totale di sink: 25.0
Percentuale di Sink soddisfatti: 0.96

---------------------------------- DAY 170

Update Fixed Elements from Intrinsic Faults
Update Fixed Elements from Heavy Faults
Update Fixed Elements from Attack
Propagate Intrinsic Fault
Propagate Heavy Faults
Propagate Attacks
Inject Intrinsic Failure To Source
Source NODO_2 is failing for an Intrinsic Fault in day: 170
pipeline ARCO_70 has reduced capacity due to NODO_2 Intrinsic fault
pipeline V_EDGE_53_0 has reduced capacity due to NODO_2 Intrinsic fault
pipeline ARCO_0 has reduced capacity due to NODO_2 Intrinsic fault
Source NODO_11 is failing for an Intrinsic Fault in day: 170
pipeline ARCO_3 has reduced capacity due to NODO_11 Intrinsic fault
pipeline ARCO_90 has reduced capacity due to NODO_11 Intrinsic fault
pipeline ARCO_91 has reduced capacity due to NODO_11 Intrinsic fault
pipeline ARCO_92 has reduced capacity due to NODO_11 Intrinsic fault
pipeline V_EDGE_53_9 has reduced capacity due to NODO_11 Intrinsic fault
pipeline ARCO_20 has reduced capacity due to NODO_11 Intrinsic fault
pipeline ARCO_21 has reduced capacity due to NODO_11 Intrinsic fault
pipeline ARCO_22 has reduced capacity due to NODO_11 Intrinsic fault
pipeline ARCO_73 has reduced capacity due to NODO_11 Intrinsic fault
Inject Heavy Fault To Sources
Inject Attack Multiple To Source
Inject Intrinsic Fault To Pipeline
Inject Heavy Fault To Pipeline
Inject Attack To Pipeline
----------- Statistics ------------
	Sources Under Attack: 0
	Sources with Heavy Fault: 0
	Sources with Intrinsic Fault: 2
	Arcs with reduce capacity due to Attack: 0
	Arcs with reduce capacity due to Heavy Fault: 0
	Arcs with reduce capacity due to Intrinsic Fault: 12
	Arcs with Attacks: 0
	Arcs with Heavy Fault: 0
	Arcs with Intrinsic Fault: 0
--------- SOURCES STATISTICS ---------------
Demand del real Source[0]: -31.0, flusso erogato: 11.397999999999998, flusso entrante: 0.0, efficienza: 36.76774193548387 %
Demand del real Source[8]: -10.5, flusso erogato: 3.8600000000000003, flusso entrante: 0.0, efficienza: 36.76190476190476 %
Demand del real Source[9]: -7.1, flusso erogato: 16.077999999999996, flusso entrante: 10.397999999999998, efficienza: 226.45070422535207 %
Demand del real Source[17]: -25.0, flusso erogato: 25.000000000000007, flusso entrante: 0.0, efficienza: 100.00000000000003 %
Flusso totale entrante nei Real Source: 10.397999999999998
Flusso totale uscente dai Real Source: 56.336000000000006
Flusso netto sui real Source: -45.93800000000001
--- SINKS STATISTICS ---
Sink 3 SODDISFATTO. Flusso netto: 3.43, Demand: 3.43, percentage: 100.0
Sink 4 SODDISFATTO. Flusso netto: 0.5700000000000003, Demand: 0.57, percentage: 100.00000000000007
Sink 5 SODDISFATTO. Flusso netto: 0.6600000000000001, Demand: 0.66, percentage: 100.00000000000003
Sink 11 SODDISFATTO. Flusso netto: 1.03, Demand: 1.03, percentage: 100.0
Sink 15 SODDISFATTO. Flusso netto: 0.46, Demand: 0.46, percentage: 100.0
Sink 16 SODDISFATTO. Flusso netto: 8.400000000000002, Demand: 8.4, percentage: 100.00000000000003
Sink 19 SODDISFATTO. Flusso netto: 0.5399999999999991, Demand: 0.54, percentage: 99.99999999999983
Sink 23 SODDISFATTO. Flusso netto: 0.5999999999999999, Demand: 0.6, percentage: 99.99999999999997
Sink 24 SODDISFATTO. Flusso netto: 0.8, Demand: 0.8, percentage: 100.0
Sink 25 SODDISFATTO. Flusso netto: 3.5, Demand: 3.5, percentage: 100.0
Sink 26 SODDISFATTO. Flusso netto: 6.000000000000002, Demand: 6.0, percentage: 100.00000000000003
Sink 28 SODDISFATTO. Flusso netto: 0.4, Demand: 0.4, percentage: 100.0
Sink 30 SODDISFATTO. Flusso netto: 0.9799999999999986, Demand: 0.98, percentage: 99.99999999999987
Sink 31 SODDISFATTO. Flusso netto: 0.4, Demand: 0.4, percentage: 100.0
Sink 32 SODDISFATTO. Flusso netto: 0.9999999999999996, Demand: 1.0, percentage: 99.99999999999996
Sink 34 SODDISFATTO. Flusso netto: 1.74, Demand: 1.74, percentage: 100.0
Sink 35 SODDISFATTO. Flusso netto: 1.3, Demand: 1.3, percentage: 100.0
Sink 37 SODDISFATTO. Flusso netto: 1.0, Demand: 1.0, percentage: 100.0
Sink 39 SODDISFATTO. Flusso netto: 0.4, Demand: 0.4, percentage: 100.0
Sink 40 SODDISFATTO. Flusso netto: 0.5, Demand: 0.5, percentage: 100.0
Sink 41 SODDISFATTO. Flusso netto: 1.0599999999999996, Demand: 1.06, percentage: 99.99999999999996
Sink 42 SODDISFATTO. Flusso netto: 2.8200000000000003, Demand: 2.82, percentage: 100.00000000000003
Sink 45 SODDISFATTO. Flusso netto: 0.68, Demand: 0.68, percentage: 100.0
Sink 46 SODDISFATTO. Flusso netto: 1.17, Demand: 1.17, percentage: 100.0
Sink 49 non è soddisfatto. Flusso netto: 6.497999999999999, Demand: 7.0, percentage: 92.82857142857142
Flusso totale entrante nei SINK: 95.24200000000002
Flusso totale uscente nei SINK: 49.304
Flusso totale netto nei SINK: 45.93800000000002
Total DEMAND dei SINK: 46.44
Percentual di flusso ai SINK: 0.989190353143842
Numero di Sink soddisfatti: 24.0, numero totale di sink: 25.0
Percentuale di Sink soddisfatti: 0.96

---------------------------------- DAY 171

Update Fixed Elements from Intrinsic Faults
Update Fixed Elements from Heavy Faults
Update Fixed Elements from Attack
Propagate Intrinsic Fault
Node NODO_2 has still failing due to Intrinsic Fault
Node NODO_11 has still failing due to Intrinsic Fault
pipeline ARCO_70 still has reduced capacity: 24.8 due to Intrinsic Fault
pipeline V_EDGE_53_0 still has reduced capacity: 24.8 due to Intrinsic Fault
pipeline ARCO_0 still has reduced capacity: 24.8 due to Intrinsic Fault
pipeline ARCO_3 still has reduced capacity: 9.688 due to Intrinsic Fault
pipeline ARCO_90 still has reduced capacity: 1.6 due to Intrinsic Fault
pipeline ARCO_91 still has reduced capacity: 9.688 due to Intrinsic Fault
pipeline ARCO_92 still has reduced capacity: 39.328 due to Intrinsic Fault
pipeline V_EDGE_53_9 still has reduced capacity: 5.68 due to Intrinsic Fault
pipeline ARCO_20 still has reduced capacity: 1.6 due to Intrinsic Fault
pipeline ARCO_21 still has reduced capacity: 9.688 due to Intrinsic Fault
pipeline ARCO_22 still has reduced capacity: 39.328 due to Intrinsic Fault
pipeline ARCO_73 still has reduced capacity: 9.688 due to Intrinsic Fault
Propagate Heavy Faults
Propagate Attacks
Inject Intrinsic Failure To Source
Inject Heavy Fault To Sources
Inject Attack Multiple To Source
Inject Intrinsic Fault To Pipeline
Inject Heavy Fault To Pipeline
Inject Attack To Pipeline
----------- Statistics ------------
	Sources Under Attack: 0
	Sources with Heavy Fault: 0
	Sources with Intrinsic Fault: 2
	Arcs with reduce capacity due to Attack: 0
	Arcs with reduce capacity due to Heavy Fault: 0
	Arcs with reduce capacity due to Intrinsic Fault: 12
	Arcs with Attacks: 0
	Arcs with Heavy Fault: 0
	Arcs with Intrinsic Fault: 0
--------- SOURCES STATISTICS ---------------
Demand del real Source[0]: -31.0, flusso erogato: 11.397999999999998, flusso entrante: 0.0, efficienza: 36.76774193548387 %
Demand del real Source[8]: -10.5, flusso erogato: 3.8600000000000003, flusso entrante: 0.0, efficienza: 36.76190476190476 %
Demand del real Source[9]: -7.1, flusso erogato: 16.077999999999996, flusso entrante: 10.397999999999998, efficienza: 226.45070422535207 %
Demand del real Source[17]: -25.0, flusso erogato: 25.000000000000007, flusso entrante: 0.0, efficienza: 100.00000000000003 %
Flusso totale entrante nei Real Source: 10.397999999999998
Flusso totale uscente dai Real Source: 56.336000000000006
Flusso netto sui real Source: -45.93800000000001
--- SINKS STATISTICS ---
Sink 3 SODDISFATTO. Flusso netto: 3.43, Demand: 3.43, percentage: 100.0
Sink 4 SODDISFATTO. Flusso netto: 0.5700000000000003, Demand: 0.57, percentage: 100.00000000000007
Sink 5 SODDISFATTO. Flusso netto: 0.6600000000000001, Demand: 0.66, percentage: 100.00000000000003
Sink 11 SODDISFATTO. Flusso netto: 1.03, Demand: 1.03, percentage: 100.0
Sink 15 SODDISFATTO. Flusso netto: 0.46, Demand: 0.46, percentage: 100.0
Sink 16 SODDISFATTO. Flusso netto: 8.400000000000002, Demand: 8.4, percentage: 100.00000000000003
Sink 19 SODDISFATTO. Flusso netto: 0.5399999999999991, Demand: 0.54, percentage: 99.99999999999983
Sink 23 SODDISFATTO. Flusso netto: 0.5999999999999999, Demand: 0.6, percentage: 99.99999999999997
Sink 24 SODDISFATTO. Flusso netto: 0.8, Demand: 0.8, percentage: 100.0
Sink 25 SODDISFATTO. Flusso netto: 3.5, Demand: 3.5, percentage: 100.0
Sink 26 SODDISFATTO. Flusso netto: 6.000000000000002, Demand: 6.0, percentage: 100.00000000000003
Sink 28 SODDISFATTO. Flusso netto: 0.4, Demand: 0.4, percentage: 100.0
Sink 30 SODDISFATTO. Flusso netto: 0.9799999999999986, Demand: 0.98, percentage: 99.99999999999987
Sink 31 SODDISFATTO. Flusso netto: 0.4, Demand: 0.4, percentage: 100.0
Sink 32 SODDISFATTO. Flusso netto: 0.9999999999999996, Demand: 1.0, percentage: 99.99999999999996
Sink 34 SODDISFATTO. Flusso netto: 1.74, Demand: 1.74, percentage: 100.0
Sink 35 SODDISFATTO. Flusso netto: 1.3, Demand: 1.3, percentage: 100.0
Sink 37 SODDISFATTO. Flusso netto: 1.0, Demand: 1.0, percentage: 100.0
Sink 39 SODDISFATTO. Flusso netto: 0.4, Demand: 0.4, percentage: 100.0
Sink 40 SODDISFATTO. Flusso netto: 0.5, Demand: 0.5, percentage: 100.0
Sink 41 SODDISFATTO. Flusso netto: 1.0599999999999996, Demand: 1.06, percentage: 99.99999999999996
Sink 42 SODDISFATTO. Flusso netto: 2.8200000000000003, Demand: 2.82, percentage: 100.00000000000003
Sink 45 SODDISFATTO. Flusso netto: 0.68, Demand: 0.68, percentage: 100.0
Sink 46 SODDISFATTO. Flusso netto: 1.17, Demand: 1.17, percentage: 100.0
Sink 49 non è soddisfatto. Flusso netto: 6.497999999999999, Demand: 7.0, percentage: 92.82857142857142
Flusso totale entrante nei SINK: 95.24200000000002
Flusso totale uscente nei SINK: 49.304
Flusso totale netto nei SINK: 45.93800000000002
Total DEMAND dei SINK: 46.44
Percentual di flusso ai SINK: 0.989190353143842
Numero di Sink soddisfatti: 24.0, numero totale di sink: 25.0
Percentuale di Sink soddisfatti: 0.96

---------------------------------- DAY 172

Update Fixed Elements from Intrinsic Faults
Update Fixed Elements from Heavy Faults
Update Fixed Elements from Attack
Propagate Intrinsic Fault
Node NODO_2 has still failing due to Intrinsic Fault
Node NODO_11 has still failing due to Intrinsic Fault
pipeline ARCO_70 still has reduced capacity: 24.8 due to Intrinsic Fault
pipeline V_EDGE_53_0 still has reduced capacity: 24.8 due to Intrinsic Fault
pipeline ARCO_0 still has reduced capacity: 24.8 due to Intrinsic Fault
pipeline ARCO_3 still has reduced capacity: 9.688 due to Intrinsic Fault
pipeline ARCO_90 still has reduced capacity: 1.6 due to Intrinsic Fault
pipeline ARCO_91 still has reduced capacity: 9.688 due to Intrinsic Fault
pipeline ARCO_92 still has reduced capacity: 39.328 due to Intrinsic Fault
pipeline V_EDGE_53_9 still has reduced capacity: 5.68 due to Intrinsic Fault
pipeline ARCO_20 still has reduced capacity: 1.6 due to Intrinsic Fault
pipeline ARCO_21 still has reduced capacity: 9.688 due to Intrinsic Fault
pipeline ARCO_22 still has reduced capacity: 39.328 due to Intrinsic Fault
pipeline ARCO_73 still has reduced capacity: 9.688 due to Intrinsic Fault
Propagate Heavy Faults
Propagate Attacks
Inject Intrinsic Failure To Source
Inject Heavy Fault To Sources
Inject Attack Multiple To Source
Inject Intrinsic Fault To Pipeline
Inject Heavy Fault To Pipeline
Inject Attack To Pipeline
----------- Statistics ------------
	Sources Under Attack: 0
	Sources with Heavy Fault: 0
	Sources with Intrinsic Fault: 2
	Arcs with reduce capacity due to Attack: 0
	Arcs with reduce capacity due to Heavy Fault: 0
	Arcs with reduce capacity due to Intrinsic Fault: 12
	Arcs with Attacks: 0
	Arcs with Heavy Fault: 0
	Arcs with Intrinsic Fault: 0
--------- SOURCES STATISTICS ---------------
Demand del real Source[0]: -31.0, flusso erogato: 11.397999999999998, flusso entrante: 0.0, efficienza: 36.76774193548387 %
Demand del real Source[8]: -10.5, flusso erogato: 3.8600000000000003, flusso entrante: 0.0, efficienza: 36.76190476190476 %
Demand del real Source[9]: -7.1, flusso erogato: 16.077999999999996, flusso entrante: 10.397999999999998, efficienza: 226.45070422535207 %
Demand del real Source[17]: -25.0, flusso erogato: 25.000000000000007, flusso entrante: 0.0, efficienza: 100.00000000000003 %
Flusso totale entrante nei Real Source: 10.397999999999998
Flusso totale uscente dai Real Source: 56.336000000000006
Flusso netto sui real Source: -45.93800000000001
--- SINKS STATISTICS ---
Sink 3 SODDISFATTO. Flusso netto: 3.43, Demand: 3.43, percentage: 100.0
Sink 4 SODDISFATTO. Flusso netto: 0.5700000000000003, Demand: 0.57, percentage: 100.00000000000007
Sink 5 SODDISFATTO. Flusso netto: 0.6600000000000001, Demand: 0.66, percentage: 100.00000000000003
Sink 11 SODDISFATTO. Flusso netto: 1.03, Demand: 1.03, percentage: 100.0
Sink 15 SODDISFATTO. Flusso netto: 0.46, Demand: 0.46, percentage: 100.0
Sink 16 SODDISFATTO. Flusso netto: 8.400000000000002, Demand: 8.4, percentage: 100.00000000000003
Sink 19 SODDISFATTO. Flusso netto: 0.5399999999999991, Demand: 0.54, percentage: 99.99999999999983
Sink 23 SODDISFATTO. Flusso netto: 0.5999999999999999, Demand: 0.6, percentage: 99.99999999999997
Sink 24 SODDISFATTO. Flusso netto: 0.8, Demand: 0.8, percentage: 100.0
Sink 25 SODDISFATTO. Flusso netto: 3.5, Demand: 3.5, percentage: 100.0
Sink 26 SODDISFATTO. Flusso netto: 6.000000000000002, Demand: 6.0, percentage: 100.00000000000003
Sink 28 SODDISFATTO. Flusso netto: 0.4, Demand: 0.4, percentage: 100.0
Sink 30 SODDISFATTO. Flusso netto: 0.9799999999999986, Demand: 0.98, percentage: 99.99999999999987
Sink 31 SODDISFATTO. Flusso netto: 0.4, Demand: 0.4, percentage: 100.0
Sink 32 SODDISFATTO. Flusso netto: 0.9999999999999996, Demand: 1.0, percentage: 99.99999999999996
Sink 34 SODDISFATTO. Flusso netto: 1.74, Demand: 1.74, percentage: 100.0
Sink 35 SODDISFATTO. Flusso netto: 1.3, Demand: 1.3, percentage: 100.0
Sink 37 SODDISFATTO. Flusso netto: 1.0, Demand: 1.0, percentage: 100.0
Sink 39 SODDISFATTO. Flusso netto: 0.4, Demand: 0.4, percentage: 100.0
Sink 40 SODDISFATTO. Flusso netto: 0.5, Demand: 0.5, percentage: 100.0
Sink 41 SODDISFATTO. Flusso netto: 1.0599999999999996, Demand: 1.06, percentage: 99.99999999999996
Sink 42 SODDISFATTO. Flusso netto: 2.8200000000000003, Demand: 2.82, percentage: 100.00000000000003
Sink 45 SODDISFATTO. Flusso netto: 0.68, Demand: 0.68, percentage: 100.0
Sink 46 SODDISFATTO. Flusso netto: 1.17, Demand: 1.17, percentage: 100.0
Sink 49 non è soddisfatto. Flusso netto: 6.497999999999999, Demand: 7.0, percentage: 92.82857142857142
Flusso totale entrante nei SINK: 95.24200000000002
Flusso totale uscente nei SINK: 49.304
Flusso totale netto nei SINK: 45.93800000000002
Total DEMAND dei SINK: 46.44
Percentual di flusso ai SINK: 0.989190353143842
Numero di Sink soddisfatti: 24.0, numero totale di sink: 25.0
Percentuale di Sink soddisfatti: 0.96

---------------------------------- DAY 173

Update Fixed Elements from Intrinsic Faults
Source NODO_2 fixed from Intrinsic Fault
Pipeline ARCO_70 fixed due to Source NODO_2 fixing from Intrinsic Fault
Pipeline V_EDGE_53_0 fixed due to Source NODO_2 fixing from Intrinsic Fault
Pipeline ARCO_0 fixed due to Source NODO_2 fixing from Intrinsic Fault
Source NODO_11 fixed from Intrinsic Fault
Pipeline ARCO_3 fixed due to Source NODO_11 fixing from Intrinsic Fault
Pipeline ARCO_90 fixed due to Source NODO_11 fixing from Intrinsic Fault
Pipeline ARCO_91 fixed due to Source NODO_11 fixing from Intrinsic Fault
Pipeline ARCO_92 fixed due to Source NODO_11 fixing from Intrinsic Fault
Pipeline V_EDGE_53_9 fixed due to Source NODO_11 fixing from Intrinsic Fault
Pipeline ARCO_20 fixed due to Source NODO_11 fixing from Intrinsic Fault
Pipeline ARCO_21 fixed due to Source NODO_11 fixing from Intrinsic Fault
Pipeline ARCO_22 fixed due to Source NODO_11 fixing from Intrinsic Fault
Pipeline ARCO_73 fixed due to Source NODO_11 fixing from Intrinsic Fault
Update Fixed Elements from Heavy Faults
Update Fixed Elements from Attack
Propagate Intrinsic Fault
Propagate Heavy Faults
Propagate Attacks
Inject Intrinsic Failure To Source
Inject Heavy Fault To Sources
Inject Attack Multiple To Source
Inject Intrinsic Fault To Pipeline
Inject Heavy Fault To Pipeline
Inject Attack To Pipeline
----------- Statistics ------------
	Sources Under Attack: 0
	Sources with Heavy Fault: 0
	Sources with Intrinsic Fault: 0
	Arcs with reduce capacity due to Attack: 0
	Arcs with reduce capacity due to Heavy Fault: 0
	Arcs with reduce capacity due to Intrinsic Fault: 0
	Arcs with Attacks: 0
	Arcs with Heavy Fault: 0
	Arcs with Intrinsic Fault: 0
--------- SOURCES STATISTICS ---------------
Demand del real Source[0]: -31.0, flusso erogato: 10.129999999999997, flusso entrante: 0.0, efficienza: 32.6774193548387 %
Demand del real Source[8]: -10.5, flusso erogato: 3.8600000000000003, flusso entrante: 0.0, efficienza: 36.76190476190476 %
Demand del real Source[9]: -7.1, flusso erogato: 16.229999999999997, flusso entrante: 9.129999999999997, efficienza: 228.59154929577463 %
Demand del real Source[17]: -25.0, flusso erogato: 25.000000000000007, flusso entrante: 0.0, efficienza: 100.00000000000003 %
Flusso totale entrante nei Real Source: 9.129999999999997
Flusso totale uscente dai Real Source: 55.220000000000006
Flusso netto sui real Source: -46.09000000000001
--- SINKS STATISTICS ---
Sink 3 SODDISFATTO. Flusso netto: 3.43, Demand: 3.43, percentage: 100.0
Sink 4 SODDISFATTO. Flusso netto: 0.5700000000000003, Demand: 0.57, percentage: 100.00000000000007
Sink 5 SODDISFATTO. Flusso netto: 0.6600000000000001, Demand: 0.66, percentage: 100.00000000000003
Sink 11 SODDISFATTO. Flusso netto: 1.03, Demand: 1.03, percentage: 100.0
Sink 15 SODDISFATTO. Flusso netto: 0.46, Demand: 0.46, percentage: 100.0
Sink 16 SODDISFATTO. Flusso netto: 8.400000000000002, Demand: 8.4, percentage: 100.00000000000003
Sink 19 SODDISFATTO. Flusso netto: 0.5399999999999991, Demand: 0.54, percentage: 99.99999999999983
Sink 23 SODDISFATTO. Flusso netto: 0.5999999999999999, Demand: 0.6, percentage: 99.99999999999997
Sink 24 SODDISFATTO. Flusso netto: 0.8, Demand: 0.8, percentage: 100.0
Sink 25 SODDISFATTO. Flusso netto: 3.5, Demand: 3.5, percentage: 100.0
Sink 26 SODDISFATTO. Flusso netto: 6.000000000000002, Demand: 6.0, percentage: 100.00000000000003
Sink 28 SODDISFATTO. Flusso netto: 0.4, Demand: 0.4, percentage: 100.0
Sink 30 SODDISFATTO. Flusso netto: 0.9799999999999986, Demand: 0.98, percentage: 99.99999999999987
Sink 31 SODDISFATTO. Flusso netto: 0.4, Demand: 0.4, percentage: 100.0
Sink 32 SODDISFATTO. Flusso netto: 0.9999999999999996, Demand: 1.0, percentage: 99.99999999999996
Sink 34 SODDISFATTO. Flusso netto: 1.74, Demand: 1.74, percentage: 100.0
Sink 35 SODDISFATTO. Flusso netto: 1.3, Demand: 1.3, percentage: 100.0
Sink 37 SODDISFATTO. Flusso netto: 1.0, Demand: 1.0, percentage: 100.0
Sink 39 SODDISFATTO. Flusso netto: 0.4, Demand: 0.4, percentage: 100.0
Sink 40 SODDISFATTO. Flusso netto: 0.5, Demand: 0.5, percentage: 100.0
Sink 41 SODDISFATTO. Flusso netto: 1.06, Demand: 1.06, percentage: 100.0
Sink 42 SODDISFATTO. Flusso netto: 2.8199999999999994, Demand: 2.82, percentage: 99.99999999999999
Sink 45 SODDISFATTO. Flusso netto: 0.68, Demand: 0.68, percentage: 100.0
Sink 46 SODDISFATTO. Flusso netto: 1.17, Demand: 1.17, percentage: 100.0
Sink 49 non è soddisfatto. Flusso netto: 6.6499999999999995, Demand: 7.0, percentage: 95.0
Flusso totale entrante nei SINK: 92.61000000000001
Flusso totale uscente nei SINK: 46.52
Flusso totale netto nei SINK: 46.09000000000001
Total DEMAND dei SINK: 46.44
Percentual di flusso ai SINK: 0.9924633936261846
Numero di Sink soddisfatti: 24.0, numero totale di sink: 25.0
Percentuale di Sink soddisfatti: 0.96

---------------------------------- DAY 174

Update Fixed Elements from Intrinsic Faults
Update Fixed Elements from Heavy Faults
Update Fixed Elements from Attack
Propagate Intrinsic Fault
Propagate Heavy Faults
Propagate Attacks
Inject Intrinsic Failure To Source
Source NODO_2 is failing for an Intrinsic Fault in day: 174
pipeline ARCO_70 has reduced capacity due to NODO_2 Intrinsic fault
pipeline V_EDGE_53_0 has reduced capacity due to NODO_2 Intrinsic fault
pipeline ARCO_0 has reduced capacity due to NODO_2 Intrinsic fault
Inject Heavy Fault To Sources
Inject Attack Multiple To Source
Inject Intrinsic Fault To Pipeline
Inject Heavy Fault To Pipeline
Inject Attack To Pipeline
----------- Statistics ------------
	Sources Under Attack: 0
	Sources with Heavy Fault: 0
	Sources with Intrinsic Fault: 1
	Arcs with reduce capacity due to Attack: 0
	Arcs with reduce capacity due to Heavy Fault: 0
	Arcs with reduce capacity due to Intrinsic Fault: 3
	Arcs with Attacks: 0
	Arcs with Heavy Fault: 0
	Arcs with Intrinsic Fault: 0
--------- SOURCES STATISTICS ---------------
Demand del real Source[0]: -31.0, flusso erogato: 10.129999999999997, flusso entrante: 0.0, efficienza: 32.6774193548387 %
Demand del real Source[8]: -10.5, flusso erogato: 3.8600000000000003, flusso entrante: 0.0, efficienza: 36.76190476190476 %
Demand del real Source[9]: -7.1, flusso erogato: 16.229999999999997, flusso entrante: 9.129999999999997, efficienza: 228.59154929577463 %
Demand del real Source[17]: -25.0, flusso erogato: 25.000000000000007, flusso entrante: 0.0, efficienza: 100.00000000000003 %
Flusso totale entrante nei Real Source: 9.129999999999997
Flusso totale uscente dai Real Source: 55.220000000000006
Flusso netto sui real Source: -46.09000000000001
--- SINKS STATISTICS ---
Sink 3 SODDISFATTO. Flusso netto: 3.43, Demand: 3.43, percentage: 100.0
Sink 4 SODDISFATTO. Flusso netto: 0.5700000000000003, Demand: 0.57, percentage: 100.00000000000007
Sink 5 SODDISFATTO. Flusso netto: 0.6600000000000001, Demand: 0.66, percentage: 100.00000000000003
Sink 11 SODDISFATTO. Flusso netto: 1.03, Demand: 1.03, percentage: 100.0
Sink 15 SODDISFATTO. Flusso netto: 0.46, Demand: 0.46, percentage: 100.0
Sink 16 SODDISFATTO. Flusso netto: 8.400000000000002, Demand: 8.4, percentage: 100.00000000000003
Sink 19 SODDISFATTO. Flusso netto: 0.5399999999999991, Demand: 0.54, percentage: 99.99999999999983
Sink 23 SODDISFATTO. Flusso netto: 0.5999999999999999, Demand: 0.6, percentage: 99.99999999999997
Sink 24 SODDISFATTO. Flusso netto: 0.8, Demand: 0.8, percentage: 100.0
Sink 25 SODDISFATTO. Flusso netto: 3.5, Demand: 3.5, percentage: 100.0
Sink 26 SODDISFATTO. Flusso netto: 6.000000000000002, Demand: 6.0, percentage: 100.00000000000003
Sink 28 SODDISFATTO. Flusso netto: 0.4, Demand: 0.4, percentage: 100.0
Sink 30 SODDISFATTO. Flusso netto: 0.9799999999999986, Demand: 0.98, percentage: 99.99999999999987
Sink 31 SODDISFATTO. Flusso netto: 0.4, Demand: 0.4, percentage: 100.0
Sink 32 SODDISFATTO. Flusso netto: 0.9999999999999996, Demand: 1.0, percentage: 99.99999999999996
Sink 34 SODDISFATTO. Flusso netto: 1.74, Demand: 1.74, percentage: 100.0
Sink 35 SODDISFATTO. Flusso netto: 1.3, Demand: 1.3, percentage: 100.0
Sink 37 SODDISFATTO. Flusso netto: 1.0, Demand: 1.0, percentage: 100.0
Sink 39 SODDISFATTO. Flusso netto: 0.4, Demand: 0.4, percentage: 100.0
Sink 40 SODDISFATTO. Flusso netto: 0.5, Demand: 0.5, percentage: 100.0
Sink 41 SODDISFATTO. Flusso netto: 1.06, Demand: 1.06, percentage: 100.0
Sink 42 SODDISFATTO. Flusso netto: 2.8199999999999994, Demand: 2.82, percentage: 99.99999999999999
Sink 45 SODDISFATTO. Flusso netto: 0.68, Demand: 0.68, percentage: 100.0
Sink 46 SODDISFATTO. Flusso netto: 1.17, Demand: 1.17, percentage: 100.0
Sink 49 non è soddisfatto. Flusso netto: 6.6499999999999995, Demand: 7.0, percentage: 95.0
Flusso totale entrante nei SINK: 92.61000000000001
Flusso totale uscente nei SINK: 46.52
Flusso totale netto nei SINK: 46.09000000000001
Total DEMAND dei SINK: 46.44
Percentual di flusso ai SINK: 0.9924633936261846
Numero di Sink soddisfatti: 24.0, numero totale di sink: 25.0
Percentuale di Sink soddisfatti: 0.96

---------------------------------- DAY 175

Update Fixed Elements from Intrinsic Faults
Update Fixed Elements from Heavy Faults
Update Fixed Elements from Attack
Propagate Intrinsic Fault
Node NODO_2 has still failing due to Intrinsic Fault
pipeline ARCO_70 still has reduced capacity: 24.8 due to Intrinsic Fault
pipeline V_EDGE_53_0 still has reduced capacity: 24.8 due to Intrinsic Fault
pipeline ARCO_0 still has reduced capacity: 24.8 due to Intrinsic Fault
Propagate Heavy Faults
Propagate Attacks
Inject Intrinsic Failure To Source
Inject Heavy Fault To Sources
Inject Attack Multiple To Source
Inject Intrinsic Fault To Pipeline
Inject Heavy Fault To Pipeline
Inject Attack To Pipeline
----------- Statistics ------------
	Sources Under Attack: 0
	Sources with Heavy Fault: 0
	Sources with Intrinsic Fault: 1
	Arcs with reduce capacity due to Attack: 0
	Arcs with reduce capacity due to Heavy Fault: 0
	Arcs with reduce capacity due to Intrinsic Fault: 3
	Arcs with Attacks: 0
	Arcs with Heavy Fault: 0
	Arcs with Intrinsic Fault: 0
--------- SOURCES STATISTICS ---------------
Demand del real Source[0]: -31.0, flusso erogato: 10.129999999999997, flusso entrante: 0.0, efficienza: 32.6774193548387 %
Demand del real Source[8]: -10.5, flusso erogato: 3.8600000000000003, flusso entrante: 0.0, efficienza: 36.76190476190476 %
Demand del real Source[9]: -7.1, flusso erogato: 16.229999999999997, flusso entrante: 9.129999999999997, efficienza: 228.59154929577463 %
Demand del real Source[17]: -25.0, flusso erogato: 25.000000000000007, flusso entrante: 0.0, efficienza: 100.00000000000003 %
Flusso totale entrante nei Real Source: 9.129999999999997
Flusso totale uscente dai Real Source: 55.220000000000006
Flusso netto sui real Source: -46.09000000000001
--- SINKS STATISTICS ---
Sink 3 SODDISFATTO. Flusso netto: 3.43, Demand: 3.43, percentage: 100.0
Sink 4 SODDISFATTO. Flusso netto: 0.5700000000000003, Demand: 0.57, percentage: 100.00000000000007
Sink 5 SODDISFATTO. Flusso netto: 0.6600000000000001, Demand: 0.66, percentage: 100.00000000000003
Sink 11 SODDISFATTO. Flusso netto: 1.03, Demand: 1.03, percentage: 100.0
Sink 15 SODDISFATTO. Flusso netto: 0.46, Demand: 0.46, percentage: 100.0
Sink 16 SODDISFATTO. Flusso netto: 8.400000000000002, Demand: 8.4, percentage: 100.00000000000003
Sink 19 SODDISFATTO. Flusso netto: 0.5399999999999991, Demand: 0.54, percentage: 99.99999999999983
Sink 23 SODDISFATTO. Flusso netto: 0.5999999999999999, Demand: 0.6, percentage: 99.99999999999997
Sink 24 SODDISFATTO. Flusso netto: 0.8, Demand: 0.8, percentage: 100.0
Sink 25 SODDISFATTO. Flusso netto: 3.5, Demand: 3.5, percentage: 100.0
Sink 26 SODDISFATTO. Flusso netto: 6.000000000000002, Demand: 6.0, percentage: 100.00000000000003
Sink 28 SODDISFATTO. Flusso netto: 0.4, Demand: 0.4, percentage: 100.0
Sink 30 SODDISFATTO. Flusso netto: 0.9799999999999986, Demand: 0.98, percentage: 99.99999999999987
Sink 31 SODDISFATTO. Flusso netto: 0.4, Demand: 0.4, percentage: 100.0
Sink 32 SODDISFATTO. Flusso netto: 0.9999999999999996, Demand: 1.0, percentage: 99.99999999999996
Sink 34 SODDISFATTO. Flusso netto: 1.74, Demand: 1.74, percentage: 100.0
Sink 35 SODDISFATTO. Flusso netto: 1.3, Demand: 1.3, percentage: 100.0
Sink 37 SODDISFATTO. Flusso netto: 1.0, Demand: 1.0, percentage: 100.0
Sink 39 SODDISFATTO. Flusso netto: 0.4, Demand: 0.4, percentage: 100.0
Sink 40 SODDISFATTO. Flusso netto: 0.5, Demand: 0.5, percentage: 100.0
Sink 41 SODDISFATTO. Flusso netto: 1.06, Demand: 1.06, percentage: 100.0
Sink 42 SODDISFATTO. Flusso netto: 2.8199999999999994, Demand: 2.82, percentage: 99.99999999999999
Sink 45 SODDISFATTO. Flusso netto: 0.68, Demand: 0.68, percentage: 100.0
Sink 46 SODDISFATTO. Flusso netto: 1.17, Demand: 1.17, percentage: 100.0
Sink 49 non è soddisfatto. Flusso netto: 6.6499999999999995, Demand: 7.0, percentage: 95.0
Flusso totale entrante nei SINK: 92.61000000000001
Flusso totale uscente nei SINK: 46.52
Flusso totale netto nei SINK: 46.09000000000001
Total DEMAND dei SINK: 46.44
Percentual di flusso ai SINK: 0.9924633936261846
Numero di Sink soddisfatti: 24.0, numero totale di sink: 25.0
Percentuale di Sink soddisfatti: 0.96

---------------------------------- DAY 176

Update Fixed Elements from Intrinsic Faults
Update Fixed Elements from Heavy Faults
Update Fixed Elements from Attack
Propagate Intrinsic Fault
Node NODO_2 has still failing due to Intrinsic Fault
pipeline ARCO_70 still has reduced capacity: 24.8 due to Intrinsic Fault
pipeline V_EDGE_53_0 still has reduced capacity: 24.8 due to Intrinsic Fault
pipeline ARCO_0 still has reduced capacity: 24.8 due to Intrinsic Fault
Propagate Heavy Faults
Propagate Attacks
Inject Intrinsic Failure To Source
Inject Heavy Fault To Sources
Inject Attack Multiple To Source
Inject Intrinsic Fault To Pipeline
Inject Heavy Fault To Pipeline
Inject Attack To Pipeline
----------- Statistics ------------
	Sources Under Attack: 0
	Sources with Heavy Fault: 0
	Sources with Intrinsic Fault: 1
	Arcs with reduce capacity due to Attack: 0
	Arcs with reduce capacity due to Heavy Fault: 0
	Arcs with reduce capacity due to Intrinsic Fault: 3
	Arcs with Attacks: 0
	Arcs with Heavy Fault: 0
	Arcs with Intrinsic Fault: 0
--------- SOURCES STATISTICS ---------------
Demand del real Source[0]: -31.0, flusso erogato: 10.129999999999997, flusso entrante: 0.0, efficienza: 32.6774193548387 %
Demand del real Source[8]: -10.5, flusso erogato: 3.8600000000000003, flusso entrante: 0.0, efficienza: 36.76190476190476 %
Demand del real Source[9]: -7.1, flusso erogato: 16.229999999999997, flusso entrante: 9.129999999999997, efficienza: 228.59154929577463 %
Demand del real Source[17]: -25.0, flusso erogato: 25.000000000000007, flusso entrante: 0.0, efficienza: 100.00000000000003 %
Flusso totale entrante nei Real Source: 9.129999999999997
Flusso totale uscente dai Real Source: 55.220000000000006
Flusso netto sui real Source: -46.09000000000001
--- SINKS STATISTICS ---
Sink 3 SODDISFATTO. Flusso netto: 3.43, Demand: 3.43, percentage: 100.0
Sink 4 SODDISFATTO. Flusso netto: 0.5700000000000003, Demand: 0.57, percentage: 100.00000000000007
Sink 5 SODDISFATTO. Flusso netto: 0.6600000000000001, Demand: 0.66, percentage: 100.00000000000003
Sink 11 SODDISFATTO. Flusso netto: 1.03, Demand: 1.03, percentage: 100.0
Sink 15 SODDISFATTO. Flusso netto: 0.46, Demand: 0.46, percentage: 100.0
Sink 16 SODDISFATTO. Flusso netto: 8.400000000000002, Demand: 8.4, percentage: 100.00000000000003
Sink 19 SODDISFATTO. Flusso netto: 0.5399999999999991, Demand: 0.54, percentage: 99.99999999999983
Sink 23 SODDISFATTO. Flusso netto: 0.5999999999999999, Demand: 0.6, percentage: 99.99999999999997
Sink 24 SODDISFATTO. Flusso netto: 0.8, Demand: 0.8, percentage: 100.0
Sink 25 SODDISFATTO. Flusso netto: 3.5, Demand: 3.5, percentage: 100.0
Sink 26 SODDISFATTO. Flusso netto: 6.000000000000002, Demand: 6.0, percentage: 100.00000000000003
Sink 28 SODDISFATTO. Flusso netto: 0.4, Demand: 0.4, percentage: 100.0
Sink 30 SODDISFATTO. Flusso netto: 0.9799999999999986, Demand: 0.98, percentage: 99.99999999999987
Sink 31 SODDISFATTO. Flusso netto: 0.4, Demand: 0.4, percentage: 100.0
Sink 32 SODDISFATTO. Flusso netto: 0.9999999999999996, Demand: 1.0, percentage: 99.99999999999996
Sink 34 SODDISFATTO. Flusso netto: 1.74, Demand: 1.74, percentage: 100.0
Sink 35 SODDISFATTO. Flusso netto: 1.3, Demand: 1.3, percentage: 100.0
Sink 37 SODDISFATTO. Flusso netto: 1.0, Demand: 1.0, percentage: 100.0
Sink 39 SODDISFATTO. Flusso netto: 0.4, Demand: 0.4, percentage: 100.0
Sink 40 SODDISFATTO. Flusso netto: 0.5, Demand: 0.5, percentage: 100.0
Sink 41 SODDISFATTO. Flusso netto: 1.06, Demand: 1.06, percentage: 100.0
Sink 42 SODDISFATTO. Flusso netto: 2.8199999999999994, Demand: 2.82, percentage: 99.99999999999999
Sink 45 SODDISFATTO. Flusso netto: 0.68, Demand: 0.68, percentage: 100.0
Sink 46 SODDISFATTO. Flusso netto: 1.17, Demand: 1.17, percentage: 100.0
Sink 49 non è soddisfatto. Flusso netto: 6.6499999999999995, Demand: 7.0, percentage: 95.0
Flusso totale entrante nei SINK: 92.61000000000001
Flusso totale uscente nei SINK: 46.52
Flusso totale netto nei SINK: 46.09000000000001
Total DEMAND dei SINK: 46.44
Percentual di flusso ai SINK: 0.9924633936261846
Numero di Sink soddisfatti: 24.0, numero totale di sink: 25.0
Percentuale di Sink soddisfatti: 0.96

---------------------------------- DAY 177

Update Fixed Elements from Intrinsic Faults
Source NODO_2 fixed from Intrinsic Fault
Pipeline ARCO_70 fixed due to Source NODO_2 fixing from Intrinsic Fault
Pipeline V_EDGE_53_0 fixed due to Source NODO_2 fixing from Intrinsic Fault
Pipeline ARCO_0 fixed due to Source NODO_2 fixing from Intrinsic Fault
Update Fixed Elements from Heavy Faults
Update Fixed Elements from Attack
Propagate Intrinsic Fault
Propagate Heavy Faults
Propagate Attacks
Inject Intrinsic Failure To Source
Source NODO_2 is failing for an Intrinsic Fault in day: 177
pipeline ARCO_70 has reduced capacity due to NODO_2 Intrinsic fault
pipeline V_EDGE_53_0 has reduced capacity due to NODO_2 Intrinsic fault
pipeline ARCO_0 has reduced capacity due to NODO_2 Intrinsic fault
Inject Heavy Fault To Sources
Inject Attack Multiple To Source
Inject Intrinsic Fault To Pipeline
Inject Heavy Fault To Pipeline
Inject Attack To Pipeline
----------- Statistics ------------
	Sources Under Attack: 0
	Sources with Heavy Fault: 0
	Sources with Intrinsic Fault: 1
	Arcs with reduce capacity due to Attack: 0
	Arcs with reduce capacity due to Heavy Fault: 0
	Arcs with reduce capacity due to Intrinsic Fault: 3
	Arcs with Attacks: 0
	Arcs with Heavy Fault: 0
	Arcs with Intrinsic Fault: 0
--------- SOURCES STATISTICS ---------------
Demand del real Source[0]: -31.0, flusso erogato: 10.129999999999997, flusso entrante: 0.0, efficienza: 32.6774193548387 %
Demand del real Source[8]: -10.5, flusso erogato: 3.8600000000000003, flusso entrante: 0.0, efficienza: 36.76190476190476 %
Demand del real Source[9]: -7.1, flusso erogato: 16.229999999999997, flusso entrante: 9.129999999999997, efficienza: 228.59154929577463 %
Demand del real Source[17]: -25.0, flusso erogato: 25.000000000000007, flusso entrante: 0.0, efficienza: 100.00000000000003 %
Flusso totale entrante nei Real Source: 9.129999999999997
Flusso totale uscente dai Real Source: 55.220000000000006
Flusso netto sui real Source: -46.09000000000001
--- SINKS STATISTICS ---
Sink 3 SODDISFATTO. Flusso netto: 3.43, Demand: 3.43, percentage: 100.0
Sink 4 SODDISFATTO. Flusso netto: 0.5700000000000003, Demand: 0.57, percentage: 100.00000000000007
Sink 5 SODDISFATTO. Flusso netto: 0.6600000000000001, Demand: 0.66, percentage: 100.00000000000003
Sink 11 SODDISFATTO. Flusso netto: 1.03, Demand: 1.03, percentage: 100.0
Sink 15 SODDISFATTO. Flusso netto: 0.46, Demand: 0.46, percentage: 100.0
Sink 16 SODDISFATTO. Flusso netto: 8.400000000000002, Demand: 8.4, percentage: 100.00000000000003
Sink 19 SODDISFATTO. Flusso netto: 0.5399999999999991, Demand: 0.54, percentage: 99.99999999999983
Sink 23 SODDISFATTO. Flusso netto: 0.5999999999999999, Demand: 0.6, percentage: 99.99999999999997
Sink 24 SODDISFATTO. Flusso netto: 0.8, Demand: 0.8, percentage: 100.0
Sink 25 SODDISFATTO. Flusso netto: 3.5, Demand: 3.5, percentage: 100.0
Sink 26 SODDISFATTO. Flusso netto: 6.000000000000002, Demand: 6.0, percentage: 100.00000000000003
Sink 28 SODDISFATTO. Flusso netto: 0.4, Demand: 0.4, percentage: 100.0
Sink 30 SODDISFATTO. Flusso netto: 0.9799999999999986, Demand: 0.98, percentage: 99.99999999999987
Sink 31 SODDISFATTO. Flusso netto: 0.4, Demand: 0.4, percentage: 100.0
Sink 32 SODDISFATTO. Flusso netto: 0.9999999999999996, Demand: 1.0, percentage: 99.99999999999996
Sink 34 SODDISFATTO. Flusso netto: 1.74, Demand: 1.74, percentage: 100.0
Sink 35 SODDISFATTO. Flusso netto: 1.3, Demand: 1.3, percentage: 100.0
Sink 37 SODDISFATTO. Flusso netto: 1.0, Demand: 1.0, percentage: 100.0
Sink 39 SODDISFATTO. Flusso netto: 0.4, Demand: 0.4, percentage: 100.0
Sink 40 SODDISFATTO. Flusso netto: 0.5, Demand: 0.5, percentage: 100.0
Sink 41 SODDISFATTO. Flusso netto: 1.06, Demand: 1.06, percentage: 100.0
Sink 42 SODDISFATTO. Flusso netto: 2.8199999999999994, Demand: 2.82, percentage: 99.99999999999999
Sink 45 SODDISFATTO. Flusso netto: 0.68, Demand: 0.68, percentage: 100.0
Sink 46 SODDISFATTO. Flusso netto: 1.17, Demand: 1.17, percentage: 100.0
Sink 49 non è soddisfatto. Flusso netto: 6.6499999999999995, Demand: 7.0, percentage: 95.0
Flusso totale entrante nei SINK: 92.61000000000001
Flusso totale uscente nei SINK: 46.52
Flusso totale netto nei SINK: 46.09000000000001
Total DEMAND dei SINK: 46.44
Percentual di flusso ai SINK: 0.9924633936261846
Numero di Sink soddisfatti: 24.0, numero totale di sink: 25.0
Percentuale di Sink soddisfatti: 0.96

---------------------------------- DAY 178

Update Fixed Elements from Intrinsic Faults
Update Fixed Elements from Heavy Faults
Update Fixed Elements from Attack
Propagate Intrinsic Fault
Node NODO_2 has still failing due to Intrinsic Fault
pipeline ARCO_70 still has reduced capacity: 24.8 due to Intrinsic Fault
pipeline V_EDGE_53_0 still has reduced capacity: 24.8 due to Intrinsic Fault
pipeline ARCO_0 still has reduced capacity: 24.8 due to Intrinsic Fault
Propagate Heavy Faults
Propagate Attacks
Inject Intrinsic Failure To Source
Inject Heavy Fault To Sources
Inject Attack Multiple To Source
Inject Intrinsic Fault To Pipeline
Inject Heavy Fault To Pipeline
Inject Attack To Pipeline
----------- Statistics ------------
	Sources Under Attack: 0
	Sources with Heavy Fault: 0
	Sources with Intrinsic Fault: 1
	Arcs with reduce capacity due to Attack: 0
	Arcs with reduce capacity due to Heavy Fault: 0
	Arcs with reduce capacity due to Intrinsic Fault: 3
	Arcs with Attacks: 0
	Arcs with Heavy Fault: 0
	Arcs with Intrinsic Fault: 0
--------- SOURCES STATISTICS ---------------
Demand del real Source[0]: -31.0, flusso erogato: 10.129999999999997, flusso entrante: 0.0, efficienza: 32.6774193548387 %
Demand del real Source[8]: -10.5, flusso erogato: 3.8600000000000003, flusso entrante: 0.0, efficienza: 36.76190476190476 %
Demand del real Source[9]: -7.1, flusso erogato: 16.229999999999997, flusso entrante: 9.129999999999997, efficienza: 228.59154929577463 %
Demand del real Source[17]: -25.0, flusso erogato: 25.000000000000007, flusso entrante: 0.0, efficienza: 100.00000000000003 %
Flusso totale entrante nei Real Source: 9.129999999999997
Flusso totale uscente dai Real Source: 55.220000000000006
Flusso netto sui real Source: -46.09000000000001
--- SINKS STATISTICS ---
Sink 3 SODDISFATTO. Flusso netto: 3.43, Demand: 3.43, percentage: 100.0
Sink 4 SODDISFATTO. Flusso netto: 0.5700000000000003, Demand: 0.57, percentage: 100.00000000000007
Sink 5 SODDISFATTO. Flusso netto: 0.6600000000000001, Demand: 0.66, percentage: 100.00000000000003
Sink 11 SODDISFATTO. Flusso netto: 1.03, Demand: 1.03, percentage: 100.0
Sink 15 SODDISFATTO. Flusso netto: 0.46, Demand: 0.46, percentage: 100.0
Sink 16 SODDISFATTO. Flusso netto: 8.400000000000002, Demand: 8.4, percentage: 100.00000000000003
Sink 19 SODDISFATTO. Flusso netto: 0.5399999999999991, Demand: 0.54, percentage: 99.99999999999983
Sink 23 SODDISFATTO. Flusso netto: 0.5999999999999999, Demand: 0.6, percentage: 99.99999999999997
Sink 24 SODDISFATTO. Flusso netto: 0.8, Demand: 0.8, percentage: 100.0
Sink 25 SODDISFATTO. Flusso netto: 3.5, Demand: 3.5, percentage: 100.0
Sink 26 SODDISFATTO. Flusso netto: 6.000000000000002, Demand: 6.0, percentage: 100.00000000000003
Sink 28 SODDISFATTO. Flusso netto: 0.4, Demand: 0.4, percentage: 100.0
Sink 30 SODDISFATTO. Flusso netto: 0.9799999999999986, Demand: 0.98, percentage: 99.99999999999987
Sink 31 SODDISFATTO. Flusso netto: 0.4, Demand: 0.4, percentage: 100.0
Sink 32 SODDISFATTO. Flusso netto: 0.9999999999999996, Demand: 1.0, percentage: 99.99999999999996
Sink 34 SODDISFATTO. Flusso netto: 1.74, Demand: 1.74, percentage: 100.0
Sink 35 SODDISFATTO. Flusso netto: 1.3, Demand: 1.3, percentage: 100.0
Sink 37 SODDISFATTO. Flusso netto: 1.0, Demand: 1.0, percentage: 100.0
Sink 39 SODDISFATTO. Flusso netto: 0.4, Demand: 0.4, percentage: 100.0
Sink 40 SODDISFATTO. Flusso netto: 0.5, Demand: 0.5, percentage: 100.0
Sink 41 SODDISFATTO. Flusso netto: 1.06, Demand: 1.06, percentage: 100.0
Sink 42 SODDISFATTO. Flusso netto: 2.8199999999999994, Demand: 2.82, percentage: 99.99999999999999
Sink 45 SODDISFATTO. Flusso netto: 0.68, Demand: 0.68, percentage: 100.0
Sink 46 SODDISFATTO. Flusso netto: 1.17, Demand: 1.17, percentage: 100.0
Sink 49 non è soddisfatto. Flusso netto: 6.6499999999999995, Demand: 7.0, percentage: 95.0
Flusso totale entrante nei SINK: 92.61000000000001
Flusso totale uscente nei SINK: 46.52
Flusso totale netto nei SINK: 46.09000000000001
Total DEMAND dei SINK: 46.44
Percentual di flusso ai SINK: 0.9924633936261846
Numero di Sink soddisfatti: 24.0, numero totale di sink: 25.0
Percentuale di Sink soddisfatti: 0.96

---------------------------------- DAY 179

Update Fixed Elements from Intrinsic Faults
Update Fixed Elements from Heavy Faults
Update Fixed Elements from Attack
Propagate Intrinsic Fault
Node NODO_2 has still failing due to Intrinsic Fault
pipeline ARCO_70 still has reduced capacity: 24.8 due to Intrinsic Fault
pipeline V_EDGE_53_0 still has reduced capacity: 24.8 due to Intrinsic Fault
pipeline ARCO_0 still has reduced capacity: 24.8 due to Intrinsic Fault
Propagate Heavy Faults
Propagate Attacks
Inject Intrinsic Failure To Source
Inject Heavy Fault To Sources
Inject Attack Multiple To Source
Inject Intrinsic Fault To Pipeline
Inject Heavy Fault To Pipeline
Inject Attack To Pipeline
----------- Statistics ------------
	Sources Under Attack: 0
	Sources with Heavy Fault: 0
	Sources with Intrinsic Fault: 1
	Arcs with reduce capacity due to Attack: 0
	Arcs with reduce capacity due to Heavy Fault: 0
	Arcs with reduce capacity due to Intrinsic Fault: 3
	Arcs with Attacks: 0
	Arcs with Heavy Fault: 0
	Arcs with Intrinsic Fault: 0
--------- SOURCES STATISTICS ---------------
Demand del real Source[0]: -31.0, flusso erogato: 10.129999999999997, flusso entrante: 0.0, efficienza: 32.6774193548387 %
Demand del real Source[8]: -10.5, flusso erogato: 3.8600000000000003, flusso entrante: 0.0, efficienza: 36.76190476190476 %
Demand del real Source[9]: -7.1, flusso erogato: 16.229999999999997, flusso entrante: 9.129999999999997, efficienza: 228.59154929577463 %
Demand del real Source[17]: -25.0, flusso erogato: 25.000000000000007, flusso entrante: 0.0, efficienza: 100.00000000000003 %
Flusso totale entrante nei Real Source: 9.129999999999997
Flusso totale uscente dai Real Source: 55.220000000000006
Flusso netto sui real Source: -46.09000000000001
--- SINKS STATISTICS ---
Sink 3 SODDISFATTO. Flusso netto: 3.43, Demand: 3.43, percentage: 100.0
Sink 4 SODDISFATTO. Flusso netto: 0.5700000000000003, Demand: 0.57, percentage: 100.00000000000007
Sink 5 SODDISFATTO. Flusso netto: 0.6600000000000001, Demand: 0.66, percentage: 100.00000000000003
Sink 11 SODDISFATTO. Flusso netto: 1.03, Demand: 1.03, percentage: 100.0
Sink 15 SODDISFATTO. Flusso netto: 0.46, Demand: 0.46, percentage: 100.0
Sink 16 SODDISFATTO. Flusso netto: 8.400000000000002, Demand: 8.4, percentage: 100.00000000000003
Sink 19 SODDISFATTO. Flusso netto: 0.5399999999999991, Demand: 0.54, percentage: 99.99999999999983
Sink 23 SODDISFATTO. Flusso netto: 0.5999999999999999, Demand: 0.6, percentage: 99.99999999999997
Sink 24 SODDISFATTO. Flusso netto: 0.8, Demand: 0.8, percentage: 100.0
Sink 25 SODDISFATTO. Flusso netto: 3.5, Demand: 3.5, percentage: 100.0
Sink 26 SODDISFATTO. Flusso netto: 6.000000000000002, Demand: 6.0, percentage: 100.00000000000003
Sink 28 SODDISFATTO. Flusso netto: 0.4, Demand: 0.4, percentage: 100.0
Sink 30 SODDISFATTO. Flusso netto: 0.9799999999999986, Demand: 0.98, percentage: 99.99999999999987
Sink 31 SODDISFATTO. Flusso netto: 0.4, Demand: 0.4, percentage: 100.0
Sink 32 SODDISFATTO. Flusso netto: 0.9999999999999996, Demand: 1.0, percentage: 99.99999999999996
Sink 34 SODDISFATTO. Flusso netto: 1.74, Demand: 1.74, percentage: 100.0
Sink 35 SODDISFATTO. Flusso netto: 1.3, Demand: 1.3, percentage: 100.0
Sink 37 SODDISFATTO. Flusso netto: 1.0, Demand: 1.0, percentage: 100.0
Sink 39 SODDISFATTO. Flusso netto: 0.4, Demand: 0.4, percentage: 100.0
Sink 40 SODDISFATTO. Flusso netto: 0.5, Demand: 0.5, percentage: 100.0
Sink 41 SODDISFATTO. Flusso netto: 1.06, Demand: 1.06, percentage: 100.0
Sink 42 SODDISFATTO. Flusso netto: 2.8199999999999994, Demand: 2.82, percentage: 99.99999999999999
Sink 45 SODDISFATTO. Flusso netto: 0.68, Demand: 0.68, percentage: 100.0
Sink 46 SODDISFATTO. Flusso netto: 1.17, Demand: 1.17, percentage: 100.0
Sink 49 non è soddisfatto. Flusso netto: 6.6499999999999995, Demand: 7.0, percentage: 95.0
Flusso totale entrante nei SINK: 92.61000000000001
Flusso totale uscente nei SINK: 46.52
Flusso totale netto nei SINK: 46.09000000000001
Total DEMAND dei SINK: 46.44
Percentual di flusso ai SINK: 0.9924633936261846
Numero di Sink soddisfatti: 24.0, numero totale di sink: 25.0
Percentuale di Sink soddisfatti: 0.96

---------------------------------- DAY 180

Update Fixed Elements from Intrinsic Faults
Source NODO_2 fixed from Intrinsic Fault
Pipeline ARCO_70 fixed due to Source NODO_2 fixing from Intrinsic Fault
Pipeline V_EDGE_53_0 fixed due to Source NODO_2 fixing from Intrinsic Fault
Pipeline ARCO_0 fixed due to Source NODO_2 fixing from Intrinsic Fault
Update Fixed Elements from Heavy Faults
Update Fixed Elements from Attack
Propagate Intrinsic Fault
Propagate Heavy Faults
Propagate Attacks
Inject Intrinsic Failure To Source
Source NODO_11 is failing for an Intrinsic Fault in day: 180
pipeline ARCO_3 has reduced capacity due to NODO_11 Intrinsic fault
pipeline ARCO_90 has reduced capacity due to NODO_11 Intrinsic fault
pipeline ARCO_91 has reduced capacity due to NODO_11 Intrinsic fault
pipeline ARCO_92 has reduced capacity due to NODO_11 Intrinsic fault
pipeline V_EDGE_53_9 has reduced capacity due to NODO_11 Intrinsic fault
pipeline ARCO_20 has reduced capacity due to NODO_11 Intrinsic fault
pipeline ARCO_21 has reduced capacity due to NODO_11 Intrinsic fault
pipeline ARCO_22 has reduced capacity due to NODO_11 Intrinsic fault
pipeline ARCO_73 has reduced capacity due to NODO_11 Intrinsic fault
Inject Heavy Fault To Sources
Inject Attack Multiple To Source
Inject Intrinsic Fault To Pipeline
Inject Heavy Fault To Pipeline
Inject Attack To Pipeline
----------- Statistics ------------
	Sources Under Attack: 0
	Sources with Heavy Fault: 0
	Sources with Intrinsic Fault: 1
	Arcs with reduce capacity due to Attack: 0
	Arcs with reduce capacity due to Heavy Fault: 0
	Arcs with reduce capacity due to Intrinsic Fault: 9
	Arcs with Attacks: 0
	Arcs with Heavy Fault: 0
	Arcs with Intrinsic Fault: 0
--------- SOURCES STATISTICS ---------------
Demand del real Source[0]: -31.0, flusso erogato: 11.397999999999998, flusso entrante: 0.0, efficienza: 36.76774193548387 %
Demand del real Source[8]: -10.5, flusso erogato: 3.8600000000000003, flusso entrante: 0.0, efficienza: 36.76190476190476 %
Demand del real Source[9]: -7.1, flusso erogato: 16.077999999999996, flusso entrante: 10.397999999999998, efficienza: 226.45070422535207 %
Demand del real Source[17]: -25.0, flusso erogato: 25.000000000000007, flusso entrante: 0.0, efficienza: 100.00000000000003 %
Flusso totale entrante nei Real Source: 10.397999999999998
Flusso totale uscente dai Real Source: 56.336000000000006
Flusso netto sui real Source: -45.93800000000001
--- SINKS STATISTICS ---
Sink 3 SODDISFATTO. Flusso netto: 3.43, Demand: 3.43, percentage: 100.0
Sink 4 SODDISFATTO. Flusso netto: 0.5700000000000003, Demand: 0.57, percentage: 100.00000000000007
Sink 5 SODDISFATTO. Flusso netto: 0.6600000000000001, Demand: 0.66, percentage: 100.00000000000003
Sink 11 SODDISFATTO. Flusso netto: 1.03, Demand: 1.03, percentage: 100.0
Sink 15 SODDISFATTO. Flusso netto: 0.46, Demand: 0.46, percentage: 100.0
Sink 16 SODDISFATTO. Flusso netto: 8.400000000000002, Demand: 8.4, percentage: 100.00000000000003
Sink 19 SODDISFATTO. Flusso netto: 0.5399999999999991, Demand: 0.54, percentage: 99.99999999999983
Sink 23 SODDISFATTO. Flusso netto: 0.5999999999999999, Demand: 0.6, percentage: 99.99999999999997
Sink 24 SODDISFATTO. Flusso netto: 0.8, Demand: 0.8, percentage: 100.0
Sink 25 SODDISFATTO. Flusso netto: 3.5, Demand: 3.5, percentage: 100.0
Sink 26 SODDISFATTO. Flusso netto: 6.000000000000002, Demand: 6.0, percentage: 100.00000000000003
Sink 28 SODDISFATTO. Flusso netto: 0.4, Demand: 0.4, percentage: 100.0
Sink 30 SODDISFATTO. Flusso netto: 0.9799999999999986, Demand: 0.98, percentage: 99.99999999999987
Sink 31 SODDISFATTO. Flusso netto: 0.4, Demand: 0.4, percentage: 100.0
Sink 32 SODDISFATTO. Flusso netto: 0.9999999999999996, Demand: 1.0, percentage: 99.99999999999996
Sink 34 SODDISFATTO. Flusso netto: 1.74, Demand: 1.74, percentage: 100.0
Sink 35 SODDISFATTO. Flusso netto: 1.3, Demand: 1.3, percentage: 100.0
Sink 37 SODDISFATTO. Flusso netto: 1.0, Demand: 1.0, percentage: 100.0
Sink 39 SODDISFATTO. Flusso netto: 0.4, Demand: 0.4, percentage: 100.0
Sink 40 SODDISFATTO. Flusso netto: 0.5, Demand: 0.5, percentage: 100.0
Sink 41 SODDISFATTO. Flusso netto: 1.0599999999999996, Demand: 1.06, percentage: 99.99999999999996
Sink 42 SODDISFATTO. Flusso netto: 2.8200000000000003, Demand: 2.82, percentage: 100.00000000000003
Sink 45 SODDISFATTO. Flusso netto: 0.68, Demand: 0.68, percentage: 100.0
Sink 46 SODDISFATTO. Flusso netto: 1.17, Demand: 1.17, percentage: 100.0
Sink 49 non è soddisfatto. Flusso netto: 6.497999999999999, Demand: 7.0, percentage: 92.82857142857142
Flusso totale entrante nei SINK: 95.24200000000002
Flusso totale uscente nei SINK: 49.304
Flusso totale netto nei SINK: 45.93800000000002
Total DEMAND dei SINK: 46.44
Percentual di flusso ai SINK: 0.989190353143842
Numero di Sink soddisfatti: 24.0, numero totale di sink: 25.0
Percentuale di Sink soddisfatti: 0.96

---------------------------------- DAY 181

Update Fixed Elements from Intrinsic Faults
Update Fixed Elements from Heavy Faults
Update Fixed Elements from Attack
Propagate Intrinsic Fault
Node NODO_11 has still failing due to Intrinsic Fault
pipeline ARCO_3 still has reduced capacity: 9.688 due to Intrinsic Fault
pipeline ARCO_90 still has reduced capacity: 1.6 due to Intrinsic Fault
pipeline ARCO_91 still has reduced capacity: 9.688 due to Intrinsic Fault
pipeline ARCO_92 still has reduced capacity: 39.328 due to Intrinsic Fault
pipeline V_EDGE_53_9 still has reduced capacity: 5.68 due to Intrinsic Fault
pipeline ARCO_20 still has reduced capacity: 1.6 due to Intrinsic Fault
pipeline ARCO_21 still has reduced capacity: 9.688 due to Intrinsic Fault
pipeline ARCO_22 still has reduced capacity: 39.328 due to Intrinsic Fault
pipeline ARCO_73 still has reduced capacity: 9.688 due to Intrinsic Fault
Propagate Heavy Faults
Propagate Attacks
Inject Intrinsic Failure To Source
Source NODO_11 is failing for an Intrinsic Fault in day: 181
pipeline ARCO_3 has reduced capacity due to NODO_11 Intrinsic fault
pipeline ARCO_90 has reduced capacity due to NODO_11 Intrinsic fault
pipeline ARCO_91 has reduced capacity due to NODO_11 Intrinsic fault
pipeline ARCO_92 has reduced capacity due to NODO_11 Intrinsic fault
pipeline V_EDGE_53_9 has reduced capacity due to NODO_11 Intrinsic fault
pipeline ARCO_20 has reduced capacity due to NODO_11 Intrinsic fault
pipeline ARCO_21 has reduced capacity due to NODO_11 Intrinsic fault
pipeline ARCO_22 has reduced capacity due to NODO_11 Intrinsic fault
pipeline ARCO_73 has reduced capacity due to NODO_11 Intrinsic fault
Inject Heavy Fault To Sources
Inject Attack Multiple To Source
Inject Intrinsic Fault To Pipeline
Inject Heavy Fault To Pipeline
Inject Attack To Pipeline
----------- Statistics ------------
	Sources Under Attack: 0
	Sources with Heavy Fault: 0
	Sources with Intrinsic Fault: 1
	Arcs with reduce capacity due to Attack: 0
	Arcs with reduce capacity due to Heavy Fault: 0
	Arcs with reduce capacity due to Intrinsic Fault: 9
	Arcs with Attacks: 0
	Arcs with Heavy Fault: 0
	Arcs with Intrinsic Fault: 0
--------- SOURCES STATISTICS ---------------
Demand del real Source[0]: -31.0, flusso erogato: 10.596399999999997, flusso entrante: 0.0, efficienza: 34.18193548387096 %
Demand del real Source[8]: -10.5, flusso erogato: 3.8600000000000003, flusso entrante: 0.0, efficienza: 36.76190476190476 %
Demand del real Source[9]: -7.1, flusso erogato: 14.140399999999998, flusso entrante: 9.5964, efficienza: 199.16056338028167 %
Demand del real Source[17]: -25.0, flusso erogato: 25.000000000000007, flusso entrante: 0.0, efficienza: 100.00000000000003 %
Flusso totale entrante nei Real Source: 9.5964
Flusso totale uscente dai Real Source: 53.5968
Flusso netto sui real Source: -44.0004
--- SINKS STATISTICS ---
Sink 3 SODDISFATTO. Flusso netto: 3.43, Demand: 3.43, percentage: 100.0
Sink 4 SODDISFATTO. Flusso netto: 0.5699999999999998, Demand: 0.57, percentage: 99.99999999999997
Sink 5 SODDISFATTO. Flusso netto: 0.6600000000000001, Demand: 0.66, percentage: 100.00000000000003
Sink 11 SODDISFATTO. Flusso netto: 1.03, Demand: 1.03, percentage: 100.0
Sink 15 SODDISFATTO. Flusso netto: 0.46, Demand: 0.46, percentage: 100.0
Sink 16 SODDISFATTO. Flusso netto: 8.400000000000002, Demand: 8.4, percentage: 100.00000000000003
Sink 19 SODDISFATTO. Flusso netto: 0.5399999999999991, Demand: 0.54, percentage: 99.99999999999983
Sink 23 SODDISFATTO. Flusso netto: 0.5999999999999999, Demand: 0.6, percentage: 99.99999999999997
Sink 24 SODDISFATTO. Flusso netto: 0.8, Demand: 0.8, percentage: 100.0
Sink 25 SODDISFATTO. Flusso netto: 3.5, Demand: 3.5, percentage: 100.0
Sink 26 SODDISFATTO. Flusso netto: 6.000000000000002, Demand: 6.0, percentage: 100.00000000000003
Sink 28 SODDISFATTO. Flusso netto: 0.4, Demand: 0.4, percentage: 100.0
Sink 30 SODDISFATTO. Flusso netto: 0.9799999999999986, Demand: 0.98, percentage: 99.99999999999987
Sink 31 SODDISFATTO. Flusso netto: 0.4, Demand: 0.4, percentage: 100.0
Sink 32 SODDISFATTO. Flusso netto: 0.9999999999999996, Demand: 1.0, percentage: 99.99999999999996
Sink 34 SODDISFATTO. Flusso netto: 1.74, Demand: 1.74, percentage: 100.0
Sink 35 SODDISFATTO. Flusso netto: 1.3, Demand: 1.3, percentage: 100.0
Sink 37 SODDISFATTO. Flusso netto: 1.0, Demand: 1.0, percentage: 100.0
Sink 39 SODDISFATTO. Flusso netto: 0.4, Demand: 0.4, percentage: 100.0
Sink 40 SODDISFATTO. Flusso netto: 0.5, Demand: 0.5, percentage: 100.0
Sink 41 SODDISFATTO. Flusso netto: 1.0599999999999996, Demand: 1.06, percentage: 99.99999999999996
Sink 42 SODDISFATTO. Flusso netto: 2.8200000000000003, Demand: 2.82, percentage: 100.00000000000003
Sink 45 SODDISFATTO. Flusso netto: 0.68, Demand: 0.68, percentage: 100.0
Sink 46 SODDISFATTO. Flusso netto: 1.17, Demand: 1.17, percentage: 100.0
Sink 49 non è soddisfatto. Flusso netto: 4.5604, Demand: 7.0, percentage: 65.14857142857142
Flusso totale entrante nei SINK: 87.4916
Flusso totale uscente nei SINK: 43.4912
Flusso totale netto nei SINK: 44.000400000000006
Total DEMAND dei SINK: 46.44
Percentual di flusso ai SINK: 0.9474677002583981
Numero di Sink soddisfatti: 24.0, numero totale di sink: 25.0
Percentuale di Sink soddisfatti: 0.96

---------------------------------- DAY 182

Update Fixed Elements from Intrinsic Faults
Update Fixed Elements from Heavy Faults
Update Fixed Elements from Attack
Propagate Intrinsic Fault
Node NODO_11 has still failing due to Intrinsic Fault
pipeline ARCO_3 still has reduced capacity: 9.688 due to Intrinsic Fault
pipeline ARCO_90 still has reduced capacity: 1.6 due to Intrinsic Fault
pipeline ARCO_91 still has reduced capacity: 9.688 due to Intrinsic Fault
pipeline ARCO_92 still has reduced capacity: 39.328 due to Intrinsic Fault
pipeline V_EDGE_53_9 still has reduced capacity: 5.68 due to Intrinsic Fault
pipeline ARCO_20 still has reduced capacity: 1.6 due to Intrinsic Fault
pipeline ARCO_21 still has reduced capacity: 9.688 due to Intrinsic Fault
pipeline ARCO_22 still has reduced capacity: 39.328 due to Intrinsic Fault
pipeline ARCO_73 still has reduced capacity: 9.688 due to Intrinsic Fault
Propagate Heavy Faults
Propagate Attacks
Inject Intrinsic Failure To Source
Inject Heavy Fault To Sources
Inject Attack Multiple To Source
Inject Intrinsic Fault To Pipeline
Inject Heavy Fault To Pipeline
Inject Attack To Pipeline
----------- Statistics ------------
	Sources Under Attack: 0
	Sources with Heavy Fault: 0
	Sources with Intrinsic Fault: 1
	Arcs with reduce capacity due to Attack: 0
	Arcs with reduce capacity due to Heavy Fault: 0
	Arcs with reduce capacity due to Intrinsic Fault: 9
	Arcs with Attacks: 0
	Arcs with Heavy Fault: 0
	Arcs with Intrinsic Fault: 0
--------- SOURCES STATISTICS ---------------
Demand del real Source[0]: -31.0, flusso erogato: 11.397999999999998, flusso entrante: 0.0, efficienza: 36.76774193548387 %
Demand del real Source[8]: -10.5, flusso erogato: 3.8600000000000003, flusso entrante: 0.0, efficienza: 36.76190476190476 %
Demand del real Source[9]: -7.1, flusso erogato: 16.077999999999996, flusso entrante: 10.397999999999998, efficienza: 226.45070422535207 %
Demand del real Source[17]: -25.0, flusso erogato: 25.000000000000007, flusso entrante: 0.0, efficienza: 100.00000000000003 %
Flusso totale entrante nei Real Source: 10.397999999999998
Flusso totale uscente dai Real Source: 56.336000000000006
Flusso netto sui real Source: -45.93800000000001
--- SINKS STATISTICS ---
Sink 3 SODDISFATTO. Flusso netto: 3.43, Demand: 3.43, percentage: 100.0
Sink 4 SODDISFATTO. Flusso netto: 0.5700000000000003, Demand: 0.57, percentage: 100.00000000000007
Sink 5 SODDISFATTO. Flusso netto: 0.6600000000000001, Demand: 0.66, percentage: 100.00000000000003
Sink 11 SODDISFATTO. Flusso netto: 1.03, Demand: 1.03, percentage: 100.0
Sink 15 SODDISFATTO. Flusso netto: 0.46, Demand: 0.46, percentage: 100.0
Sink 16 SODDISFATTO. Flusso netto: 8.400000000000002, Demand: 8.4, percentage: 100.00000000000003
Sink 19 SODDISFATTO. Flusso netto: 0.5399999999999991, Demand: 0.54, percentage: 99.99999999999983
Sink 23 SODDISFATTO. Flusso netto: 0.5999999999999999, Demand: 0.6, percentage: 99.99999999999997
Sink 24 SODDISFATTO. Flusso netto: 0.8, Demand: 0.8, percentage: 100.0
Sink 25 SODDISFATTO. Flusso netto: 3.5, Demand: 3.5, percentage: 100.0
Sink 26 SODDISFATTO. Flusso netto: 6.000000000000002, Demand: 6.0, percentage: 100.00000000000003
Sink 28 SODDISFATTO. Flusso netto: 0.4, Demand: 0.4, percentage: 100.0
Sink 30 SODDISFATTO. Flusso netto: 0.9799999999999986, Demand: 0.98, percentage: 99.99999999999987
Sink 31 SODDISFATTO. Flusso netto: 0.4, Demand: 0.4, percentage: 100.0
Sink 32 SODDISFATTO. Flusso netto: 0.9999999999999996, Demand: 1.0, percentage: 99.99999999999996
Sink 34 SODDISFATTO. Flusso netto: 1.74, Demand: 1.74, percentage: 100.0
Sink 35 SODDISFATTO. Flusso netto: 1.3, Demand: 1.3, percentage: 100.0
Sink 37 SODDISFATTO. Flusso netto: 1.0, Demand: 1.0, percentage: 100.0
Sink 39 SODDISFATTO. Flusso netto: 0.4, Demand: 0.4, percentage: 100.0
Sink 40 SODDISFATTO. Flusso netto: 0.5, Demand: 0.5, percentage: 100.0
Sink 41 SODDISFATTO. Flusso netto: 1.0599999999999996, Demand: 1.06, percentage: 99.99999999999996
Sink 42 SODDISFATTO. Flusso netto: 2.8200000000000003, Demand: 2.82, percentage: 100.00000000000003
Sink 45 SODDISFATTO. Flusso netto: 0.68, Demand: 0.68, percentage: 100.0
Sink 46 SODDISFATTO. Flusso netto: 1.17, Demand: 1.17, percentage: 100.0
Sink 49 non è soddisfatto. Flusso netto: 6.497999999999999, Demand: 7.0, percentage: 92.82857142857142
Flusso totale entrante nei SINK: 95.24200000000002
Flusso totale uscente nei SINK: 49.304
Flusso totale netto nei SINK: 45.93800000000002
Total DEMAND dei SINK: 46.44
Percentual di flusso ai SINK: 0.989190353143842
Numero di Sink soddisfatti: 24.0, numero totale di sink: 25.0
Percentuale di Sink soddisfatti: 0.96

---------------------------------- DAY 183

Update Fixed Elements from Intrinsic Faults
Source NODO_11 fixed from Intrinsic Fault
Pipeline ARCO_3 fixed due to Source NODO_11 fixing from Intrinsic Fault
Pipeline ARCO_90 fixed due to Source NODO_11 fixing from Intrinsic Fault
Pipeline ARCO_91 fixed due to Source NODO_11 fixing from Intrinsic Fault
Pipeline ARCO_92 fixed due to Source NODO_11 fixing from Intrinsic Fault
Pipeline V_EDGE_53_9 fixed due to Source NODO_11 fixing from Intrinsic Fault
Pipeline ARCO_20 fixed due to Source NODO_11 fixing from Intrinsic Fault
Pipeline ARCO_21 fixed due to Source NODO_11 fixing from Intrinsic Fault
Pipeline ARCO_22 fixed due to Source NODO_11 fixing from Intrinsic Fault
Pipeline ARCO_73 fixed due to Source NODO_11 fixing from Intrinsic Fault
Update Fixed Elements from Heavy Faults
Update Fixed Elements from Attack
Propagate Intrinsic Fault
Propagate Heavy Faults
Propagate Attacks
Inject Intrinsic Failure To Source
Inject Heavy Fault To Sources
Inject Attack Multiple To Source
Inject Intrinsic Fault To Pipeline
Inject Heavy Fault To Pipeline
Inject Attack To Pipeline
----------- Statistics ------------
	Sources Under Attack: 0
	Sources with Heavy Fault: 0
	Sources with Intrinsic Fault: 0
	Arcs with reduce capacity due to Attack: 0
	Arcs with reduce capacity due to Heavy Fault: 0
	Arcs with reduce capacity due to Intrinsic Fault: 0
	Arcs with Attacks: 0
	Arcs with Heavy Fault: 0
	Arcs with Intrinsic Fault: 0
--------- SOURCES STATISTICS ---------------
Demand del real Source[0]: -31.0, flusso erogato: 10.129999999999997, flusso entrante: 0.0, efficienza: 32.6774193548387 %
Demand del real Source[8]: -10.5, flusso erogato: 3.8600000000000003, flusso entrante: 0.0, efficienza: 36.76190476190476 %
Demand del real Source[9]: -7.1, flusso erogato: 16.229999999999997, flusso entrante: 9.129999999999997, efficienza: 228.59154929577463 %
Demand del real Source[17]: -25.0, flusso erogato: 25.000000000000007, flusso entrante: 0.0, efficienza: 100.00000000000003 %
Flusso totale entrante nei Real Source: 9.129999999999997
Flusso totale uscente dai Real Source: 55.220000000000006
Flusso netto sui real Source: -46.09000000000001
--- SINKS STATISTICS ---
Sink 3 SODDISFATTO. Flusso netto: 3.43, Demand: 3.43, percentage: 100.0
Sink 4 SODDISFATTO. Flusso netto: 0.5700000000000003, Demand: 0.57, percentage: 100.00000000000007
Sink 5 SODDISFATTO. Flusso netto: 0.6600000000000001, Demand: 0.66, percentage: 100.00000000000003
Sink 11 SODDISFATTO. Flusso netto: 1.03, Demand: 1.03, percentage: 100.0
Sink 15 SODDISFATTO. Flusso netto: 0.46, Demand: 0.46, percentage: 100.0
Sink 16 SODDISFATTO. Flusso netto: 8.400000000000002, Demand: 8.4, percentage: 100.00000000000003
Sink 19 SODDISFATTO. Flusso netto: 0.5399999999999991, Demand: 0.54, percentage: 99.99999999999983
Sink 23 SODDISFATTO. Flusso netto: 0.5999999999999999, Demand: 0.6, percentage: 99.99999999999997
Sink 24 SODDISFATTO. Flusso netto: 0.8, Demand: 0.8, percentage: 100.0
Sink 25 SODDISFATTO. Flusso netto: 3.5, Demand: 3.5, percentage: 100.0
Sink 26 SODDISFATTO. Flusso netto: 6.000000000000002, Demand: 6.0, percentage: 100.00000000000003
Sink 28 SODDISFATTO. Flusso netto: 0.4, Demand: 0.4, percentage: 100.0
Sink 30 SODDISFATTO. Flusso netto: 0.9799999999999986, Demand: 0.98, percentage: 99.99999999999987
Sink 31 SODDISFATTO. Flusso netto: 0.4, Demand: 0.4, percentage: 100.0
Sink 32 SODDISFATTO. Flusso netto: 0.9999999999999996, Demand: 1.0, percentage: 99.99999999999996
Sink 34 SODDISFATTO. Flusso netto: 1.74, Demand: 1.74, percentage: 100.0
Sink 35 SODDISFATTO. Flusso netto: 1.3, Demand: 1.3, percentage: 100.0
Sink 37 SODDISFATTO. Flusso netto: 1.0, Demand: 1.0, percentage: 100.0
Sink 39 SODDISFATTO. Flusso netto: 0.4, Demand: 0.4, percentage: 100.0
Sink 40 SODDISFATTO. Flusso netto: 0.5, Demand: 0.5, percentage: 100.0
Sink 41 SODDISFATTO. Flusso netto: 1.06, Demand: 1.06, percentage: 100.0
Sink 42 SODDISFATTO. Flusso netto: 2.8199999999999994, Demand: 2.82, percentage: 99.99999999999999
Sink 45 SODDISFATTO. Flusso netto: 0.68, Demand: 0.68, percentage: 100.0
Sink 46 SODDISFATTO. Flusso netto: 1.17, Demand: 1.17, percentage: 100.0
Sink 49 non è soddisfatto. Flusso netto: 6.6499999999999995, Demand: 7.0, percentage: 95.0
Flusso totale entrante nei SINK: 92.61000000000001
Flusso totale uscente nei SINK: 46.52
Flusso totale netto nei SINK: 46.09000000000001
Total DEMAND dei SINK: 46.44
Percentual di flusso ai SINK: 0.9924633936261846
Numero di Sink soddisfatti: 24.0, numero totale di sink: 25.0
Percentuale di Sink soddisfatti: 0.96

---------------------------------- DAY 184

Update Fixed Elements from Intrinsic Faults
Update Fixed Elements from Heavy Faults
Update Fixed Elements from Attack
Propagate Intrinsic Fault
Propagate Heavy Faults
Propagate Attacks
Inject Intrinsic Failure To Source
Inject Heavy Fault To Sources
Inject Attack Multiple To Source
Inject Intrinsic Fault To Pipeline
Inject Heavy Fault To Pipeline
Inject Attack To Pipeline
----------- Statistics ------------
	Sources Under Attack: 0
	Sources with Heavy Fault: 0
	Sources with Intrinsic Fault: 0
	Arcs with reduce capacity due to Attack: 0
	Arcs with reduce capacity due to Heavy Fault: 0
	Arcs with reduce capacity due to Intrinsic Fault: 0
	Arcs with Attacks: 0
	Arcs with Heavy Fault: 0
	Arcs with Intrinsic Fault: 0
--------- SOURCES STATISTICS ---------------
Demand del real Source[0]: -31.0, flusso erogato: 10.129999999999997, flusso entrante: 0.0, efficienza: 32.6774193548387 %
Demand del real Source[8]: -10.5, flusso erogato: 3.8600000000000003, flusso entrante: 0.0, efficienza: 36.76190476190476 %
Demand del real Source[9]: -7.1, flusso erogato: 16.229999999999997, flusso entrante: 9.129999999999997, efficienza: 228.59154929577463 %
Demand del real Source[17]: -25.0, flusso erogato: 25.000000000000007, flusso entrante: 0.0, efficienza: 100.00000000000003 %
Flusso totale entrante nei Real Source: 9.129999999999997
Flusso totale uscente dai Real Source: 55.220000000000006
Flusso netto sui real Source: -46.09000000000001
--- SINKS STATISTICS ---
Sink 3 SODDISFATTO. Flusso netto: 3.43, Demand: 3.43, percentage: 100.0
Sink 4 SODDISFATTO. Flusso netto: 0.5700000000000003, Demand: 0.57, percentage: 100.00000000000007
Sink 5 SODDISFATTO. Flusso netto: 0.6600000000000001, Demand: 0.66, percentage: 100.00000000000003
Sink 11 SODDISFATTO. Flusso netto: 1.03, Demand: 1.03, percentage: 100.0
Sink 15 SODDISFATTO. Flusso netto: 0.46, Demand: 0.46, percentage: 100.0
Sink 16 SODDISFATTO. Flusso netto: 8.400000000000002, Demand: 8.4, percentage: 100.00000000000003
Sink 19 SODDISFATTO. Flusso netto: 0.5399999999999991, Demand: 0.54, percentage: 99.99999999999983
Sink 23 SODDISFATTO. Flusso netto: 0.5999999999999999, Demand: 0.6, percentage: 99.99999999999997
Sink 24 SODDISFATTO. Flusso netto: 0.8, Demand: 0.8, percentage: 100.0
Sink 25 SODDISFATTO. Flusso netto: 3.5, Demand: 3.5, percentage: 100.0
Sink 26 SODDISFATTO. Flusso netto: 6.000000000000002, Demand: 6.0, percentage: 100.00000000000003
Sink 28 SODDISFATTO. Flusso netto: 0.4, Demand: 0.4, percentage: 100.0
Sink 30 SODDISFATTO. Flusso netto: 0.9799999999999986, Demand: 0.98, percentage: 99.99999999999987
Sink 31 SODDISFATTO. Flusso netto: 0.4, Demand: 0.4, percentage: 100.0
Sink 32 SODDISFATTO. Flusso netto: 0.9999999999999996, Demand: 1.0, percentage: 99.99999999999996
Sink 34 SODDISFATTO. Flusso netto: 1.74, Demand: 1.74, percentage: 100.0
Sink 35 SODDISFATTO. Flusso netto: 1.3, Demand: 1.3, percentage: 100.0
Sink 37 SODDISFATTO. Flusso netto: 1.0, Demand: 1.0, percentage: 100.0
Sink 39 SODDISFATTO. Flusso netto: 0.4, Demand: 0.4, percentage: 100.0
Sink 40 SODDISFATTO. Flusso netto: 0.5, Demand: 0.5, percentage: 100.0
Sink 41 SODDISFATTO. Flusso netto: 1.06, Demand: 1.06, percentage: 100.0
Sink 42 SODDISFATTO. Flusso netto: 2.8199999999999994, Demand: 2.82, percentage: 99.99999999999999
Sink 45 SODDISFATTO. Flusso netto: 0.68, Demand: 0.68, percentage: 100.0
Sink 46 SODDISFATTO. Flusso netto: 1.17, Demand: 1.17, percentage: 100.0
Sink 49 non è soddisfatto. Flusso netto: 6.6499999999999995, Demand: 7.0, percentage: 95.0
Flusso totale entrante nei SINK: 92.61000000000001
Flusso totale uscente nei SINK: 46.52
Flusso totale netto nei SINK: 46.09000000000001
Total DEMAND dei SINK: 46.44
Percentual di flusso ai SINK: 0.9924633936261846
Numero di Sink soddisfatti: 24.0, numero totale di sink: 25.0
Percentuale di Sink soddisfatti: 0.96

---------------------------------- DAY 185

Update Fixed Elements from Intrinsic Faults
Update Fixed Elements from Heavy Faults
Update Fixed Elements from Attack
Propagate Intrinsic Fault
Propagate Heavy Faults
Propagate Attacks
Inject Intrinsic Failure To Source
Inject Heavy Fault To Sources
Inject Attack Multiple To Source
Inject Intrinsic Fault To Pipeline
Inject Heavy Fault To Pipeline
Inject Attack To Pipeline
----------- Statistics ------------
	Sources Under Attack: 0
	Sources with Heavy Fault: 0
	Sources with Intrinsic Fault: 0
	Arcs with reduce capacity due to Attack: 0
	Arcs with reduce capacity due to Heavy Fault: 0
	Arcs with reduce capacity due to Intrinsic Fault: 0
	Arcs with Attacks: 0
	Arcs with Heavy Fault: 0
	Arcs with Intrinsic Fault: 0
--------- SOURCES STATISTICS ---------------
Demand del real Source[0]: -31.0, flusso erogato: 10.129999999999997, flusso entrante: 0.0, efficienza: 32.6774193548387 %
Demand del real Source[8]: -10.5, flusso erogato: 3.8600000000000003, flusso entrante: 0.0, efficienza: 36.76190476190476 %
Demand del real Source[9]: -7.1, flusso erogato: 16.229999999999997, flusso entrante: 9.129999999999997, efficienza: 228.59154929577463 %
Demand del real Source[17]: -25.0, flusso erogato: 25.000000000000007, flusso entrante: 0.0, efficienza: 100.00000000000003 %
Flusso totale entrante nei Real Source: 9.129999999999997
Flusso totale uscente dai Real Source: 55.220000000000006
Flusso netto sui real Source: -46.09000000000001
--- SINKS STATISTICS ---
Sink 3 SODDISFATTO. Flusso netto: 3.43, Demand: 3.43, percentage: 100.0
Sink 4 SODDISFATTO. Flusso netto: 0.5700000000000003, Demand: 0.57, percentage: 100.00000000000007
Sink 5 SODDISFATTO. Flusso netto: 0.6600000000000001, Demand: 0.66, percentage: 100.00000000000003
Sink 11 SODDISFATTO. Flusso netto: 1.03, Demand: 1.03, percentage: 100.0
Sink 15 SODDISFATTO. Flusso netto: 0.46, Demand: 0.46, percentage: 100.0
Sink 16 SODDISFATTO. Flusso netto: 8.400000000000002, Demand: 8.4, percentage: 100.00000000000003
Sink 19 SODDISFATTO. Flusso netto: 0.5399999999999991, Demand: 0.54, percentage: 99.99999999999983
Sink 23 SODDISFATTO. Flusso netto: 0.5999999999999999, Demand: 0.6, percentage: 99.99999999999997
Sink 24 SODDISFATTO. Flusso netto: 0.8, Demand: 0.8, percentage: 100.0
Sink 25 SODDISFATTO. Flusso netto: 3.5, Demand: 3.5, percentage: 100.0
Sink 26 SODDISFATTO. Flusso netto: 6.000000000000002, Demand: 6.0, percentage: 100.00000000000003
Sink 28 SODDISFATTO. Flusso netto: 0.4, Demand: 0.4, percentage: 100.0
Sink 30 SODDISFATTO. Flusso netto: 0.9799999999999986, Demand: 0.98, percentage: 99.99999999999987
Sink 31 SODDISFATTO. Flusso netto: 0.4, Demand: 0.4, percentage: 100.0
Sink 32 SODDISFATTO. Flusso netto: 0.9999999999999996, Demand: 1.0, percentage: 99.99999999999996
Sink 34 SODDISFATTO. Flusso netto: 1.74, Demand: 1.74, percentage: 100.0
Sink 35 SODDISFATTO. Flusso netto: 1.3, Demand: 1.3, percentage: 100.0
Sink 37 SODDISFATTO. Flusso netto: 1.0, Demand: 1.0, percentage: 100.0
Sink 39 SODDISFATTO. Flusso netto: 0.4, Demand: 0.4, percentage: 100.0
Sink 40 SODDISFATTO. Flusso netto: 0.5, Demand: 0.5, percentage: 100.0
Sink 41 SODDISFATTO. Flusso netto: 1.06, Demand: 1.06, percentage: 100.0
Sink 42 SODDISFATTO. Flusso netto: 2.8199999999999994, Demand: 2.82, percentage: 99.99999999999999
Sink 45 SODDISFATTO. Flusso netto: 0.68, Demand: 0.68, percentage: 100.0
Sink 46 SODDISFATTO. Flusso netto: 1.17, Demand: 1.17, percentage: 100.0
Sink 49 non è soddisfatto. Flusso netto: 6.6499999999999995, Demand: 7.0, percentage: 95.0
Flusso totale entrante nei SINK: 92.61000000000001
Flusso totale uscente nei SINK: 46.52
Flusso totale netto nei SINK: 46.09000000000001
Total DEMAND dei SINK: 46.44
Percentual di flusso ai SINK: 0.9924633936261846
Numero di Sink soddisfatti: 24.0, numero totale di sink: 25.0
Percentuale di Sink soddisfatti: 0.96

---------------------------------- DAY 186

Update Fixed Elements from Intrinsic Faults
Update Fixed Elements from Heavy Faults
Update Fixed Elements from Attack
Propagate Intrinsic Fault
Propagate Heavy Faults
Propagate Attacks
Inject Intrinsic Failure To Source
Inject Heavy Fault To Sources
Inject Attack Multiple To Source
Inject Intrinsic Fault To Pipeline
Inject Heavy Fault To Pipeline
Inject Attack To Pipeline
----------- Statistics ------------
	Sources Under Attack: 0
	Sources with Heavy Fault: 0
	Sources with Intrinsic Fault: 0
	Arcs with reduce capacity due to Attack: 0
	Arcs with reduce capacity due to Heavy Fault: 0
	Arcs with reduce capacity due to Intrinsic Fault: 0
	Arcs with Attacks: 0
	Arcs with Heavy Fault: 0
	Arcs with Intrinsic Fault: 0
--------- SOURCES STATISTICS ---------------
Demand del real Source[0]: -31.0, flusso erogato: 10.129999999999997, flusso entrante: 0.0, efficienza: 32.6774193548387 %
Demand del real Source[8]: -10.5, flusso erogato: 3.8600000000000003, flusso entrante: 0.0, efficienza: 36.76190476190476 %
Demand del real Source[9]: -7.1, flusso erogato: 16.229999999999997, flusso entrante: 9.129999999999997, efficienza: 228.59154929577463 %
Demand del real Source[17]: -25.0, flusso erogato: 25.000000000000007, flusso entrante: 0.0, efficienza: 100.00000000000003 %
Flusso totale entrante nei Real Source: 9.129999999999997
Flusso totale uscente dai Real Source: 55.220000000000006
Flusso netto sui real Source: -46.09000000000001
--- SINKS STATISTICS ---
Sink 3 SODDISFATTO. Flusso netto: 3.43, Demand: 3.43, percentage: 100.0
Sink 4 SODDISFATTO. Flusso netto: 0.5700000000000003, Demand: 0.57, percentage: 100.00000000000007
Sink 5 SODDISFATTO. Flusso netto: 0.6600000000000001, Demand: 0.66, percentage: 100.00000000000003
Sink 11 SODDISFATTO. Flusso netto: 1.03, Demand: 1.03, percentage: 100.0
Sink 15 SODDISFATTO. Flusso netto: 0.46, Demand: 0.46, percentage: 100.0
Sink 16 SODDISFATTO. Flusso netto: 8.400000000000002, Demand: 8.4, percentage: 100.00000000000003
Sink 19 SODDISFATTO. Flusso netto: 0.5399999999999991, Demand: 0.54, percentage: 99.99999999999983
Sink 23 SODDISFATTO. Flusso netto: 0.5999999999999999, Demand: 0.6, percentage: 99.99999999999997
Sink 24 SODDISFATTO. Flusso netto: 0.8, Demand: 0.8, percentage: 100.0
Sink 25 SODDISFATTO. Flusso netto: 3.5, Demand: 3.5, percentage: 100.0
Sink 26 SODDISFATTO. Flusso netto: 6.000000000000002, Demand: 6.0, percentage: 100.00000000000003
Sink 28 SODDISFATTO. Flusso netto: 0.4, Demand: 0.4, percentage: 100.0
Sink 30 SODDISFATTO. Flusso netto: 0.9799999999999986, Demand: 0.98, percentage: 99.99999999999987
Sink 31 SODDISFATTO. Flusso netto: 0.4, Demand: 0.4, percentage: 100.0
Sink 32 SODDISFATTO. Flusso netto: 0.9999999999999996, Demand: 1.0, percentage: 99.99999999999996
Sink 34 SODDISFATTO. Flusso netto: 1.74, Demand: 1.74, percentage: 100.0
Sink 35 SODDISFATTO. Flusso netto: 1.3, Demand: 1.3, percentage: 100.0
Sink 37 SODDISFATTO. Flusso netto: 1.0, Demand: 1.0, percentage: 100.0
Sink 39 SODDISFATTO. Flusso netto: 0.4, Demand: 0.4, percentage: 100.0
Sink 40 SODDISFATTO. Flusso netto: 0.5, Demand: 0.5, percentage: 100.0
Sink 41 SODDISFATTO. Flusso netto: 1.06, Demand: 1.06, percentage: 100.0
Sink 42 SODDISFATTO. Flusso netto: 2.8199999999999994, Demand: 2.82, percentage: 99.99999999999999
Sink 45 SODDISFATTO. Flusso netto: 0.68, Demand: 0.68, percentage: 100.0
Sink 46 SODDISFATTO. Flusso netto: 1.17, Demand: 1.17, percentage: 100.0
Sink 49 non è soddisfatto. Flusso netto: 6.6499999999999995, Demand: 7.0, percentage: 95.0
Flusso totale entrante nei SINK: 92.61000000000001
Flusso totale uscente nei SINK: 46.52
Flusso totale netto nei SINK: 46.09000000000001
Total DEMAND dei SINK: 46.44
Percentual di flusso ai SINK: 0.9924633936261846
Numero di Sink soddisfatti: 24.0, numero totale di sink: 25.0
Percentuale di Sink soddisfatti: 0.96

---------------------------------- DAY 187

Update Fixed Elements from Intrinsic Faults
Update Fixed Elements from Heavy Faults
Update Fixed Elements from Attack
Propagate Intrinsic Fault
Propagate Heavy Faults
Propagate Attacks
Inject Intrinsic Failure To Source
Source NODO_19 is failing for an Intrinsic Fault in day: 187
pipeline ARCO_35 has reduced capacity due to NODO_19 Intrinsic fault
pipeline ARCO_109 has reduced capacity due to NODO_19 Intrinsic fault
pipeline ARCO_110 has reduced capacity due to NODO_19 Intrinsic fault
pipeline V_EDGE_53_17 has reduced capacity due to NODO_19 Intrinsic fault
pipeline ARCO_39 has reduced capacity due to NODO_19 Intrinsic fault
pipeline ARCO_40 has reduced capacity due to NODO_19 Intrinsic fault
pipeline ARCO_105 has reduced capacity due to NODO_19 Intrinsic fault
Source NODO_11 is failing for an Intrinsic Fault in day: 187
pipeline ARCO_3 has reduced capacity due to NODO_11 Intrinsic fault
pipeline ARCO_90 has reduced capacity due to NODO_11 Intrinsic fault
pipeline ARCO_91 has reduced capacity due to NODO_11 Intrinsic fault
pipeline ARCO_92 has reduced capacity due to NODO_11 Intrinsic fault
pipeline V_EDGE_53_9 has reduced capacity due to NODO_11 Intrinsic fault
pipeline ARCO_20 has reduced capacity due to NODO_11 Intrinsic fault
pipeline ARCO_21 has reduced capacity due to NODO_11 Intrinsic fault
pipeline ARCO_22 has reduced capacity due to NODO_11 Intrinsic fault
pipeline ARCO_73 has reduced capacity due to NODO_11 Intrinsic fault
Inject Heavy Fault To Sources
Inject Attack Multiple To Source
Inject Intrinsic Fault To Pipeline
Inject Heavy Fault To Pipeline
Inject Attack To Pipeline
----------- Statistics ------------
	Sources Under Attack: 0
	Sources with Heavy Fault: 0
	Sources with Intrinsic Fault: 2
	Arcs with reduce capacity due to Attack: 0
	Arcs with reduce capacity due to Heavy Fault: 0
	Arcs with reduce capacity due to Intrinsic Fault: 16
	Arcs with Attacks: 0
	Arcs with Heavy Fault: 0
	Arcs with Intrinsic Fault: 0
--------- SOURCES STATISTICS ---------------
Demand del real Source[0]: -31.0, flusso erogato: 16.296, flusso entrante: 0.0, efficienza: 52.567741935483866 %
Demand del real Source[8]: -10.5, flusso erogato: 4.2719999999999985, flusso entrante: 0.0, efficienza: 40.68571428571427 %
Demand del real Source[9]: -7.1, flusso erogato: 20.976, flusso entrante: 15.296000000000001, efficienza: 295.4366197183099 %
Demand del real Source[17]: -25.0, flusso erogato: 0.0, flusso entrante: 0.0, efficienza: 0.0 %
Flusso totale entrante nei Real Source: 15.296000000000001
Flusso totale uscente dai Real Source: 41.544000000000004
Flusso netto sui real Source: -26.248000000000005
--- SINKS STATISTICS ---
Sink 3 SODDISFATTO. Flusso netto: 3.43, Demand: 3.43, percentage: 100.0
Sink 4 SODDISFATTO. Flusso netto: 0.5700000000000003, Demand: 0.57, percentage: 100.00000000000007
Sink 5 SODDISFATTO. Flusso netto: 0.6600000000000001, Demand: 0.66, percentage: 100.00000000000003
Sink 11 SODDISFATTO. Flusso netto: 1.03, Demand: 1.03, percentage: 100.0
Sink 15 SODDISFATTO. Flusso netto: 0.45999999999999996, Demand: 0.46, percentage: 99.99999999999999
Sink 16 non è soddisfatto. Flusso netto: 2.83, Demand: 8.4, percentage: 33.69047619047619
Sink 19 non è soddisfatto. Flusso netto: 0.0, Demand: 0.54, percentage: 0.0
Sink 23 non è soddisfatto. Flusso netto: 0.0, Demand: 0.6, percentage: 0.0
Sink 24 non è soddisfatto. Flusso netto: 0.0, Demand: 0.8, percentage: 0.0
Sink 25 non è soddisfatto. Flusso netto: 0.0, Demand: 3.5, percentage: 0.0
Sink 26 non è soddisfatto. Flusso netto: 0.0, Demand: 6.0, percentage: 0.0
Sink 28 non è soddisfatto. Flusso netto: 0.0, Demand: 0.4, percentage: 0.0
Sink 30 non è soddisfatto. Flusso netto: 0.0, Demand: 0.98, percentage: 0.0
Sink 31 non è soddisfatto. Flusso netto: 0.0, Demand: 0.4, percentage: 0.0
Sink 32 SODDISFATTO. Flusso netto: 1.0000000000000009, Demand: 1.0, percentage: 100.00000000000009
Sink 34 SODDISFATTO. Flusso netto: 1.74, Demand: 1.74, percentage: 100.0
Sink 35 SODDISFATTO. Flusso netto: 1.3, Demand: 1.3, percentage: 100.0
Sink 37 SODDISFATTO. Flusso netto: 1.0, Demand: 1.0, percentage: 100.0
Sink 39 non è soddisfatto. Flusso netto: 0.0, Demand: 0.4, percentage: 0.0
Sink 40 non è soddisfatto. Flusso netto: 0.0, Demand: 0.5, percentage: 0.0
Sink 41 SODDISFATTO. Flusso netto: 1.0599999999999987, Demand: 1.06, percentage: 99.99999999999987
Sink 42 SODDISFATTO. Flusso netto: 2.8200000000000003, Demand: 2.82, percentage: 100.00000000000003
Sink 45 SODDISFATTO. Flusso netto: 0.68, Demand: 0.68, percentage: 100.0
Sink 46 SODDISFATTO. Flusso netto: 1.17, Demand: 1.17, percentage: 100.0
Sink 49 non è soddisfatto. Flusso netto: 6.497999999999999, Demand: 7.0, percentage: 92.82857142857142
Flusso totale entrante nei SINK: 55.32000000000001
Flusso totale uscente nei SINK: 29.072
Flusso totale netto nei SINK: 26.248000000000008
Total DEMAND dei SINK: 46.44
Percentual di flusso ai SINK: 0.5652024117140398
Numero di Sink soddisfatti: 13.0, numero totale di sink: 25.0
Percentuale di Sink soddisfatti: 0.52

---------------------------------- DAY 188

Update Fixed Elements from Intrinsic Faults
Update Fixed Elements from Heavy Faults
Update Fixed Elements from Attack
Propagate Intrinsic Fault
Node NODO_19 has still failing due to Intrinsic Fault
Node NODO_11 has still failing due to Intrinsic Fault
pipeline ARCO_35 still has reduced capacity: 0.0 due to Intrinsic Fault
pipeline ARCO_109 still has reduced capacity: 0.0 due to Intrinsic Fault
pipeline ARCO_110 still has reduced capacity: 0.0 due to Intrinsic Fault
pipeline V_EDGE_53_17 still has reduced capacity: 0.0 due to Intrinsic Fault
pipeline ARCO_39 still has reduced capacity: 0.0 due to Intrinsic Fault
pipeline ARCO_40 still has reduced capacity: 0.0 due to Intrinsic Fault
pipeline ARCO_105 still has reduced capacity: 0.0 due to Intrinsic Fault
pipeline ARCO_3 still has reduced capacity: 9.688 due to Intrinsic Fault
pipeline ARCO_90 still has reduced capacity: 1.6 due to Intrinsic Fault
pipeline ARCO_91 still has reduced capacity: 9.688 due to Intrinsic Fault
pipeline ARCO_92 still has reduced capacity: 39.328 due to Intrinsic Fault
pipeline V_EDGE_53_9 still has reduced capacity: 5.68 due to Intrinsic Fault
pipeline ARCO_20 still has reduced capacity: 1.6 due to Intrinsic Fault
pipeline ARCO_21 still has reduced capacity: 9.688 due to Intrinsic Fault
pipeline ARCO_22 still has reduced capacity: 39.328 due to Intrinsic Fault
pipeline ARCO_73 still has reduced capacity: 9.688 due to Intrinsic Fault
Propagate Heavy Faults
Propagate Attacks
Inject Intrinsic Failure To Source
Source NODO_2 is failing for an Intrinsic Fault in day: 188
pipeline ARCO_70 has reduced capacity due to NODO_2 Intrinsic fault
pipeline V_EDGE_53_0 has reduced capacity due to NODO_2 Intrinsic fault
pipeline ARCO_0 has reduced capacity due to NODO_2 Intrinsic fault
Source NODO_19 is failing for an Intrinsic Fault in day: 188
pipeline ARCO_35 has reduced capacity due to NODO_19 Intrinsic fault
pipeline ARCO_109 has reduced capacity due to NODO_19 Intrinsic fault
pipeline ARCO_110 has reduced capacity due to NODO_19 Intrinsic fault
pipeline V_EDGE_53_17 has reduced capacity due to NODO_19 Intrinsic fault
pipeline ARCO_39 has reduced capacity due to NODO_19 Intrinsic fault
pipeline ARCO_40 has reduced capacity due to NODO_19 Intrinsic fault
pipeline ARCO_105 has reduced capacity due to NODO_19 Intrinsic fault
Inject Heavy Fault To Sources
Inject Attack Multiple To Source
Inject Intrinsic Fault To Pipeline
Inject Heavy Fault To Pipeline
Inject Attack To Pipeline
----------- Statistics ------------
	Sources Under Attack: 0
	Sources with Heavy Fault: 0
	Sources with Intrinsic Fault: 3
	Arcs with reduce capacity due to Attack: 0
	Arcs with reduce capacity due to Heavy Fault: 0
	Arcs with reduce capacity due to Intrinsic Fault: 19
	Arcs with Attacks: 0
	Arcs with Heavy Fault: 0
	Arcs with Intrinsic Fault: 0
--------- SOURCES STATISTICS ---------------
Demand del real Source[0]: -31.0, flusso erogato: 16.296, flusso entrante: 0.0, efficienza: 52.567741935483866 %
Demand del real Source[8]: -10.5, flusso erogato: 4.2719999999999985, flusso entrante: 0.0, efficienza: 40.68571428571427 %
Demand del real Source[9]: -7.1, flusso erogato: 20.976, flusso entrante: 15.296000000000001, efficienza: 295.4366197183099 %
Demand del real Source[17]: -25.0, flusso erogato: 0.0, flusso entrante: 0.0, efficienza: 0.0 %
Flusso totale entrante nei Real Source: 15.296000000000001
Flusso totale uscente dai Real Source: 41.544000000000004
Flusso netto sui real Source: -26.248000000000005
--- SINKS STATISTICS ---
Sink 3 SODDISFATTO. Flusso netto: 3.43, Demand: 3.43, percentage: 100.0
Sink 4 SODDISFATTO. Flusso netto: 0.5700000000000003, Demand: 0.57, percentage: 100.00000000000007
Sink 5 SODDISFATTO. Flusso netto: 0.6600000000000001, Demand: 0.66, percentage: 100.00000000000003
Sink 11 SODDISFATTO. Flusso netto: 1.03, Demand: 1.03, percentage: 100.0
Sink 15 SODDISFATTO. Flusso netto: 0.45999999999999996, Demand: 0.46, percentage: 99.99999999999999
Sink 16 non è soddisfatto. Flusso netto: 2.83, Demand: 8.4, percentage: 33.69047619047619
Sink 19 non è soddisfatto. Flusso netto: 0.0, Demand: 0.54, percentage: 0.0
Sink 23 non è soddisfatto. Flusso netto: 0.0, Demand: 0.6, percentage: 0.0
Sink 24 non è soddisfatto. Flusso netto: 0.0, Demand: 0.8, percentage: 0.0
Sink 25 non è soddisfatto. Flusso netto: 0.0, Demand: 3.5, percentage: 0.0
Sink 26 non è soddisfatto. Flusso netto: 0.0, Demand: 6.0, percentage: 0.0
Sink 28 non è soddisfatto. Flusso netto: 0.0, Demand: 0.4, percentage: 0.0
Sink 30 non è soddisfatto. Flusso netto: 0.0, Demand: 0.98, percentage: 0.0
Sink 31 non è soddisfatto. Flusso netto: 0.0, Demand: 0.4, percentage: 0.0
Sink 32 SODDISFATTO. Flusso netto: 1.0000000000000009, Demand: 1.0, percentage: 100.00000000000009
Sink 34 SODDISFATTO. Flusso netto: 1.74, Demand: 1.74, percentage: 100.0
Sink 35 SODDISFATTO. Flusso netto: 1.3, Demand: 1.3, percentage: 100.0
Sink 37 SODDISFATTO. Flusso netto: 1.0, Demand: 1.0, percentage: 100.0
Sink 39 non è soddisfatto. Flusso netto: 0.0, Demand: 0.4, percentage: 0.0
Sink 40 non è soddisfatto. Flusso netto: 0.0, Demand: 0.5, percentage: 0.0
Sink 41 SODDISFATTO. Flusso netto: 1.0599999999999987, Demand: 1.06, percentage: 99.99999999999987
Sink 42 SODDISFATTO. Flusso netto: 2.8200000000000003, Demand: 2.82, percentage: 100.00000000000003
Sink 45 SODDISFATTO. Flusso netto: 0.68, Demand: 0.68, percentage: 100.0
Sink 46 SODDISFATTO. Flusso netto: 1.17, Demand: 1.17, percentage: 100.0
Sink 49 non è soddisfatto. Flusso netto: 6.497999999999999, Demand: 7.0, percentage: 92.82857142857142
Flusso totale entrante nei SINK: 55.32000000000001
Flusso totale uscente nei SINK: 29.072
Flusso totale netto nei SINK: 26.248000000000008
Total DEMAND dei SINK: 46.44
Percentual di flusso ai SINK: 0.5652024117140398
Numero di Sink soddisfatti: 13.0, numero totale di sink: 25.0
Percentuale di Sink soddisfatti: 0.52

---------------------------------- DAY 189

Update Fixed Elements from Intrinsic Faults
Update Fixed Elements from Heavy Faults
Update Fixed Elements from Attack
Propagate Intrinsic Fault
Node NODO_19 has still failing due to Intrinsic Fault
Node NODO_11 has still failing due to Intrinsic Fault
Node NODO_2 has still failing due to Intrinsic Fault
pipeline ARCO_35 still has reduced capacity: 0.0 due to Intrinsic Fault
pipeline ARCO_109 still has reduced capacity: 0.0 due to Intrinsic Fault
pipeline ARCO_110 still has reduced capacity: 0.0 due to Intrinsic Fault
pipeline V_EDGE_53_17 still has reduced capacity: 0.0 due to Intrinsic Fault
pipeline ARCO_39 still has reduced capacity: 0.0 due to Intrinsic Fault
pipeline ARCO_40 still has reduced capacity: 0.0 due to Intrinsic Fault
pipeline ARCO_105 still has reduced capacity: 0.0 due to Intrinsic Fault
pipeline ARCO_3 still has reduced capacity: 9.688 due to Intrinsic Fault
pipeline ARCO_90 still has reduced capacity: 1.6 due to Intrinsic Fault
pipeline ARCO_91 still has reduced capacity: 9.688 due to Intrinsic Fault
pipeline ARCO_92 still has reduced capacity: 39.328 due to Intrinsic Fault
pipeline V_EDGE_53_9 still has reduced capacity: 5.68 due to Intrinsic Fault
pipeline ARCO_20 still has reduced capacity: 1.6 due to Intrinsic Fault
pipeline ARCO_21 still has reduced capacity: 9.688 due to Intrinsic Fault
pipeline ARCO_22 still has reduced capacity: 39.328 due to Intrinsic Fault
pipeline ARCO_73 still has reduced capacity: 9.688 due to Intrinsic Fault
pipeline ARCO_70 still has reduced capacity: 24.8 due to Intrinsic Fault
pipeline V_EDGE_53_0 still has reduced capacity: 24.8 due to Intrinsic Fault
pipeline ARCO_0 still has reduced capacity: 24.8 due to Intrinsic Fault
Propagate Heavy Faults
Propagate Attacks
Inject Intrinsic Failure To Source
Source NODO_2 is failing for an Intrinsic Fault in day: 189
pipeline ARCO_70 has reduced capacity due to NODO_2 Intrinsic fault
pipeline V_EDGE_53_0 has reduced capacity due to NODO_2 Intrinsic fault
pipeline ARCO_0 has reduced capacity due to NODO_2 Intrinsic fault
Inject Heavy Fault To Sources
Inject Attack Multiple To Source
Inject Intrinsic Fault To Pipeline
Inject Heavy Fault To Pipeline
Inject Attack To Pipeline
----------- Statistics ------------
	Sources Under Attack: 0
	Sources with Heavy Fault: 0
	Sources with Intrinsic Fault: 3
	Arcs with reduce capacity due to Attack: 0
	Arcs with reduce capacity due to Heavy Fault: 0
	Arcs with reduce capacity due to Intrinsic Fault: 19
	Arcs with Attacks: 0
	Arcs with Heavy Fault: 0
	Arcs with Intrinsic Fault: 0
--------- SOURCES STATISTICS ---------------
Demand del real Source[0]: -31.0, flusso erogato: 16.296, flusso entrante: 0.0, efficienza: 52.567741935483866 %
Demand del real Source[8]: -10.5, flusso erogato: 4.2719999999999985, flusso entrante: 0.0, efficienza: 40.68571428571427 %
Demand del real Source[9]: -7.1, flusso erogato: 20.976, flusso entrante: 15.296000000000001, efficienza: 295.4366197183099 %
Demand del real Source[17]: -25.0, flusso erogato: 0.0, flusso entrante: 0.0, efficienza: 0.0 %
Flusso totale entrante nei Real Source: 15.296000000000001
Flusso totale uscente dai Real Source: 41.544000000000004
Flusso netto sui real Source: -26.248000000000005
--- SINKS STATISTICS ---
Sink 3 SODDISFATTO. Flusso netto: 3.43, Demand: 3.43, percentage: 100.0
Sink 4 SODDISFATTO. Flusso netto: 0.5700000000000003, Demand: 0.57, percentage: 100.00000000000007
Sink 5 SODDISFATTO. Flusso netto: 0.6600000000000001, Demand: 0.66, percentage: 100.00000000000003
Sink 11 SODDISFATTO. Flusso netto: 1.03, Demand: 1.03, percentage: 100.0
Sink 15 SODDISFATTO. Flusso netto: 0.45999999999999996, Demand: 0.46, percentage: 99.99999999999999
Sink 16 non è soddisfatto. Flusso netto: 2.83, Demand: 8.4, percentage: 33.69047619047619
Sink 19 non è soddisfatto. Flusso netto: 0.0, Demand: 0.54, percentage: 0.0
Sink 23 non è soddisfatto. Flusso netto: 0.0, Demand: 0.6, percentage: 0.0
Sink 24 non è soddisfatto. Flusso netto: 0.0, Demand: 0.8, percentage: 0.0
Sink 25 non è soddisfatto. Flusso netto: 0.0, Demand: 3.5, percentage: 0.0
Sink 26 non è soddisfatto. Flusso netto: 0.0, Demand: 6.0, percentage: 0.0
Sink 28 non è soddisfatto. Flusso netto: 0.0, Demand: 0.4, percentage: 0.0
Sink 30 non è soddisfatto. Flusso netto: 0.0, Demand: 0.98, percentage: 0.0
Sink 31 non è soddisfatto. Flusso netto: 0.0, Demand: 0.4, percentage: 0.0
Sink 32 SODDISFATTO. Flusso netto: 1.0000000000000009, Demand: 1.0, percentage: 100.00000000000009
Sink 34 SODDISFATTO. Flusso netto: 1.74, Demand: 1.74, percentage: 100.0
Sink 35 SODDISFATTO. Flusso netto: 1.3, Demand: 1.3, percentage: 100.0
Sink 37 SODDISFATTO. Flusso netto: 1.0, Demand: 1.0, percentage: 100.0
Sink 39 non è soddisfatto. Flusso netto: 0.0, Demand: 0.4, percentage: 0.0
Sink 40 non è soddisfatto. Flusso netto: 0.0, Demand: 0.5, percentage: 0.0
Sink 41 SODDISFATTO. Flusso netto: 1.0599999999999987, Demand: 1.06, percentage: 99.99999999999987
Sink 42 SODDISFATTO. Flusso netto: 2.8200000000000003, Demand: 2.82, percentage: 100.00000000000003
Sink 45 SODDISFATTO. Flusso netto: 0.68, Demand: 0.68, percentage: 100.0
Sink 46 SODDISFATTO. Flusso netto: 1.17, Demand: 1.17, percentage: 100.0
Sink 49 non è soddisfatto. Flusso netto: 6.497999999999999, Demand: 7.0, percentage: 92.82857142857142
Flusso totale entrante nei SINK: 55.32000000000001
Flusso totale uscente nei SINK: 29.072
Flusso totale netto nei SINK: 26.248000000000008
Total DEMAND dei SINK: 46.44
Percentual di flusso ai SINK: 0.5652024117140398
Numero di Sink soddisfatti: 13.0, numero totale di sink: 25.0
Percentuale di Sink soddisfatti: 0.52

---------------------------------- DAY 190

Update Fixed Elements from Intrinsic Faults
Source NODO_11 fixed from Intrinsic Fault
Pipeline ARCO_3 fixed due to Source NODO_11 fixing from Intrinsic Fault
Pipeline ARCO_90 fixed due to Source NODO_11 fixing from Intrinsic Fault
Pipeline ARCO_91 fixed due to Source NODO_11 fixing from Intrinsic Fault
Pipeline ARCO_92 fixed due to Source NODO_11 fixing from Intrinsic Fault
Pipeline V_EDGE_53_9 fixed due to Source NODO_11 fixing from Intrinsic Fault
Pipeline ARCO_20 fixed due to Source NODO_11 fixing from Intrinsic Fault
Pipeline ARCO_21 fixed due to Source NODO_11 fixing from Intrinsic Fault
Pipeline ARCO_22 fixed due to Source NODO_11 fixing from Intrinsic Fault
Pipeline ARCO_73 fixed due to Source NODO_11 fixing from Intrinsic Fault
Update Fixed Elements from Heavy Faults
Update Fixed Elements from Attack
Propagate Intrinsic Fault
Node NODO_19 has still failing due to Intrinsic Fault
Node NODO_2 has still failing due to Intrinsic Fault
pipeline ARCO_35 still has reduced capacity: 0.0 due to Intrinsic Fault
pipeline ARCO_109 still has reduced capacity: 0.0 due to Intrinsic Fault
pipeline ARCO_110 still has reduced capacity: 0.0 due to Intrinsic Fault
pipeline V_EDGE_53_17 still has reduced capacity: 0.0 due to Intrinsic Fault
pipeline ARCO_39 still has reduced capacity: 0.0 due to Intrinsic Fault
pipeline ARCO_40 still has reduced capacity: 0.0 due to Intrinsic Fault
pipeline ARCO_105 still has reduced capacity: 0.0 due to Intrinsic Fault
pipeline ARCO_70 still has reduced capacity: 24.8 due to Intrinsic Fault
pipeline V_EDGE_53_0 still has reduced capacity: 24.8 due to Intrinsic Fault
pipeline ARCO_0 still has reduced capacity: 24.8 due to Intrinsic Fault
Propagate Heavy Faults
Propagate Attacks
Inject Intrinsic Failure To Source
Inject Heavy Fault To Sources
Inject Attack Multiple To Source
Inject Intrinsic Fault To Pipeline
Inject Heavy Fault To Pipeline
Inject Attack To Pipeline
----------- Statistics ------------
	Sources Under Attack: 0
	Sources with Heavy Fault: 0
	Sources with Intrinsic Fault: 2
	Arcs with reduce capacity due to Attack: 0
	Arcs with reduce capacity due to Heavy Fault: 0
	Arcs with reduce capacity due to Intrinsic Fault: 10
	Arcs with Attacks: 0
	Arcs with Heavy Fault: 0
	Arcs with Intrinsic Fault: 0
--------- SOURCES STATISTICS ---------------
Demand del real Source[0]: -31.0, flusso erogato: 15.440000000000001, flusso entrante: 0.0, efficienza: 49.80645161290323 %
Demand del real Source[8]: -10.5, flusso erogato: 3.8600000000000003, flusso entrante: 0.0, efficienza: 36.76190476190476 %
Demand del real Source[9]: -7.1, flusso erogato: 21.54, flusso entrante: 14.440000000000001, efficienza: 303.38028169014086 %
Demand del real Source[17]: -25.0, flusso erogato: 0.0, flusso entrante: 0.0, efficienza: 0.0 %
Flusso totale entrante nei Real Source: 14.440000000000001
Flusso totale uscente dai Real Source: 40.84
Flusso netto sui real Source: -26.400000000000002
--- SINKS STATISTICS ---
Sink 3 SODDISFATTO. Flusso netto: 3.43, Demand: 3.43, percentage: 100.0
Sink 4 SODDISFATTO. Flusso netto: 0.5700000000000003, Demand: 0.57, percentage: 100.00000000000007
Sink 5 SODDISFATTO. Flusso netto: 0.6600000000000001, Demand: 0.66, percentage: 100.00000000000003
Sink 11 SODDISFATTO. Flusso netto: 1.03, Demand: 1.03, percentage: 100.0
Sink 15 SODDISFATTO. Flusso netto: 0.45999999999999996, Demand: 0.46, percentage: 99.99999999999999
Sink 16 non è soddisfatto. Flusso netto: 2.83, Demand: 8.4, percentage: 33.69047619047619
Sink 19 non è soddisfatto. Flusso netto: 0.0, Demand: 0.54, percentage: 0.0
Sink 23 non è soddisfatto. Flusso netto: 0.0, Demand: 0.6, percentage: 0.0
Sink 24 non è soddisfatto. Flusso netto: 0.0, Demand: 0.8, percentage: 0.0
Sink 25 non è soddisfatto. Flusso netto: 0.0, Demand: 3.5, percentage: 0.0
Sink 26 non è soddisfatto. Flusso netto: 0.0, Demand: 6.0, percentage: 0.0
Sink 28 non è soddisfatto. Flusso netto: 0.0, Demand: 0.4, percentage: 0.0
Sink 30 non è soddisfatto. Flusso netto: 0.0, Demand: 0.98, percentage: 0.0
Sink 31 non è soddisfatto. Flusso netto: 0.0, Demand: 0.4, percentage: 0.0
Sink 32 SODDISFATTO. Flusso netto: 1.0, Demand: 1.0, percentage: 100.0
Sink 34 SODDISFATTO. Flusso netto: 1.74, Demand: 1.74, percentage: 100.0
Sink 35 SODDISFATTO. Flusso netto: 1.3, Demand: 1.3, percentage: 100.0
Sink 37 SODDISFATTO. Flusso netto: 1.0, Demand: 1.0, percentage: 100.0
Sink 39 non è soddisfatto. Flusso netto: 0.0, Demand: 0.4, percentage: 0.0
Sink 40 non è soddisfatto. Flusso netto: 0.0, Demand: 0.5, percentage: 0.0
Sink 41 SODDISFATTO. Flusso netto: 1.0600000000000005, Demand: 1.06, percentage: 100.00000000000004
Sink 42 SODDISFATTO. Flusso netto: 2.8199999999999994, Demand: 2.82, percentage: 99.99999999999999
Sink 45 SODDISFATTO. Flusso netto: 0.68, Demand: 0.68, percentage: 100.0
Sink 46 SODDISFATTO. Flusso netto: 1.17, Demand: 1.17, percentage: 100.0
Sink 49 non è soddisfatto. Flusso netto: 6.6499999999999995, Demand: 7.0, percentage: 95.0
Flusso totale entrante nei SINK: 53.099999999999994
Flusso totale uscente nei SINK: 26.7
Flusso totale netto nei SINK: 26.399999999999995
Total DEMAND dei SINK: 46.44
Percentual di flusso ai SINK: 0.5684754521963824
Numero di Sink soddisfatti: 13.0, numero totale di sink: 25.0
Percentuale di Sink soddisfatti: 0.52

---------------------------------- DAY 191

Update Fixed Elements from Intrinsic Faults
Source NODO_19 fixed from Intrinsic Fault
Pipeline ARCO_35 fixed due to Source NODO_19 fixing from Intrinsic Fault
Pipeline ARCO_109 fixed due to Source NODO_19 fixing from Intrinsic Fault
Pipeline ARCO_110 fixed due to Source NODO_19 fixing from Intrinsic Fault
Pipeline V_EDGE_53_17 fixed due to Source NODO_19 fixing from Intrinsic Fault
Pipeline ARCO_39 fixed due to Source NODO_19 fixing from Intrinsic Fault
Pipeline ARCO_40 fixed due to Source NODO_19 fixing from Intrinsic Fault
Pipeline ARCO_105 fixed due to Source NODO_19 fixing from Intrinsic Fault
Source NODO_2 fixed from Intrinsic Fault
Pipeline ARCO_70 fixed due to Source NODO_2 fixing from Intrinsic Fault
Pipeline V_EDGE_53_0 fixed due to Source NODO_2 fixing from Intrinsic Fault
Pipeline ARCO_0 fixed due to Source NODO_2 fixing from Intrinsic Fault
Update Fixed Elements from Heavy Faults
Update Fixed Elements from Attack
Propagate Intrinsic Fault
Propagate Heavy Faults
Propagate Attacks
Inject Intrinsic Failure To Source
Source NODO_19 is failing for an Intrinsic Fault in day: 191
pipeline ARCO_35 has reduced capacity due to NODO_19 Intrinsic fault
pipeline ARCO_109 has reduced capacity due to NODO_19 Intrinsic fault
pipeline ARCO_110 has reduced capacity due to NODO_19 Intrinsic fault
pipeline V_EDGE_53_17 has reduced capacity due to NODO_19 Intrinsic fault
pipeline ARCO_39 has reduced capacity due to NODO_19 Intrinsic fault
pipeline ARCO_40 has reduced capacity due to NODO_19 Intrinsic fault
pipeline ARCO_105 has reduced capacity due to NODO_19 Intrinsic fault
Inject Heavy Fault To Sources
Inject Attack Multiple To Source
Inject Intrinsic Fault To Pipeline
Inject Heavy Fault To Pipeline
Inject Attack To Pipeline
----------- Statistics ------------
	Sources Under Attack: 0
	Sources with Heavy Fault: 0
	Sources with Intrinsic Fault: 1
	Arcs with reduce capacity due to Attack: 0
	Arcs with reduce capacity due to Heavy Fault: 0
	Arcs with reduce capacity due to Intrinsic Fault: 7
	Arcs with Attacks: 0
	Arcs with Heavy Fault: 0
	Arcs with Intrinsic Fault: 0
--------- SOURCES STATISTICS ---------------
Demand del real Source[0]: -31.0, flusso erogato: 15.440000000000001, flusso entrante: 0.0, efficienza: 49.80645161290323 %
Demand del real Source[8]: -10.5, flusso erogato: 3.8600000000000003, flusso entrante: 0.0, efficienza: 36.76190476190476 %
Demand del real Source[9]: -7.1, flusso erogato: 21.54, flusso entrante: 14.440000000000001, efficienza: 303.38028169014086 %
Demand del real Source[17]: -25.0, flusso erogato: 0.0, flusso entrante: 0.0, efficienza: 0.0 %
Flusso totale entrante nei Real Source: 14.440000000000001
Flusso totale uscente dai Real Source: 40.84
Flusso netto sui real Source: -26.400000000000002
--- SINKS STATISTICS ---
Sink 3 SODDISFATTO. Flusso netto: 3.43, Demand: 3.43, percentage: 100.0
Sink 4 SODDISFATTO. Flusso netto: 0.5700000000000003, Demand: 0.57, percentage: 100.00000000000007
Sink 5 SODDISFATTO. Flusso netto: 0.6600000000000001, Demand: 0.66, percentage: 100.00000000000003
Sink 11 SODDISFATTO. Flusso netto: 1.03, Demand: 1.03, percentage: 100.0
Sink 15 SODDISFATTO. Flusso netto: 0.45999999999999996, Demand: 0.46, percentage: 99.99999999999999
Sink 16 non è soddisfatto. Flusso netto: 2.83, Demand: 8.4, percentage: 33.69047619047619
Sink 19 non è soddisfatto. Flusso netto: 0.0, Demand: 0.54, percentage: 0.0
Sink 23 non è soddisfatto. Flusso netto: 0.0, Demand: 0.6, percentage: 0.0
Sink 24 non è soddisfatto. Flusso netto: 0.0, Demand: 0.8, percentage: 0.0
Sink 25 non è soddisfatto. Flusso netto: 0.0, Demand: 3.5, percentage: 0.0
Sink 26 non è soddisfatto. Flusso netto: 0.0, Demand: 6.0, percentage: 0.0
Sink 28 non è soddisfatto. Flusso netto: 0.0, Demand: 0.4, percentage: 0.0
Sink 30 non è soddisfatto. Flusso netto: 0.0, Demand: 0.98, percentage: 0.0
Sink 31 non è soddisfatto. Flusso netto: 0.0, Demand: 0.4, percentage: 0.0
Sink 32 SODDISFATTO. Flusso netto: 1.0, Demand: 1.0, percentage: 100.0
Sink 34 SODDISFATTO. Flusso netto: 1.74, Demand: 1.74, percentage: 100.0
Sink 35 SODDISFATTO. Flusso netto: 1.3, Demand: 1.3, percentage: 100.0
Sink 37 SODDISFATTO. Flusso netto: 1.0, Demand: 1.0, percentage: 100.0
Sink 39 non è soddisfatto. Flusso netto: 0.0, Demand: 0.4, percentage: 0.0
Sink 40 non è soddisfatto. Flusso netto: 0.0, Demand: 0.5, percentage: 0.0
Sink 41 SODDISFATTO. Flusso netto: 1.0600000000000005, Demand: 1.06, percentage: 100.00000000000004
Sink 42 SODDISFATTO. Flusso netto: 2.8199999999999994, Demand: 2.82, percentage: 99.99999999999999
Sink 45 SODDISFATTO. Flusso netto: 0.68, Demand: 0.68, percentage: 100.0
Sink 46 SODDISFATTO. Flusso netto: 1.17, Demand: 1.17, percentage: 100.0
Sink 49 non è soddisfatto. Flusso netto: 6.6499999999999995, Demand: 7.0, percentage: 95.0
Flusso totale entrante nei SINK: 53.099999999999994
Flusso totale uscente nei SINK: 26.7
Flusso totale netto nei SINK: 26.399999999999995
Total DEMAND dei SINK: 46.44
Percentual di flusso ai SINK: 0.5684754521963824
Numero di Sink soddisfatti: 13.0, numero totale di sink: 25.0
Percentuale di Sink soddisfatti: 0.52

---------------------------------- DAY 192

Update Fixed Elements from Intrinsic Faults
Update Fixed Elements from Heavy Faults
Update Fixed Elements from Attack
Propagate Intrinsic Fault
Node NODO_19 has still failing due to Intrinsic Fault
pipeline ARCO_35 still has reduced capacity: 0.0 due to Intrinsic Fault
pipeline ARCO_109 still has reduced capacity: 0.0 due to Intrinsic Fault
pipeline ARCO_110 still has reduced capacity: 0.0 due to Intrinsic Fault
pipeline V_EDGE_53_17 still has reduced capacity: 0.0 due to Intrinsic Fault
pipeline ARCO_39 still has reduced capacity: 0.0 due to Intrinsic Fault
pipeline ARCO_40 still has reduced capacity: 0.0 due to Intrinsic Fault
pipeline ARCO_105 still has reduced capacity: 0.0 due to Intrinsic Fault
Propagate Heavy Faults
Propagate Attacks
Inject Intrinsic Failure To Source
Inject Heavy Fault To Sources
Inject Attack Multiple To Source
Inject Intrinsic Fault To Pipeline
Inject Heavy Fault To Pipeline
Inject Attack To Pipeline
----------- Statistics ------------
	Sources Under Attack: 0
	Sources with Heavy Fault: 0
	Sources with Intrinsic Fault: 1
	Arcs with reduce capacity due to Attack: 0
	Arcs with reduce capacity due to Heavy Fault: 0
	Arcs with reduce capacity due to Intrinsic Fault: 7
	Arcs with Attacks: 0
	Arcs with Heavy Fault: 0
	Arcs with Intrinsic Fault: 0
--------- SOURCES STATISTICS ---------------
Demand del real Source[0]: -31.0, flusso erogato: 15.440000000000001, flusso entrante: 0.0, efficienza: 49.80645161290323 %
Demand del real Source[8]: -10.5, flusso erogato: 3.8600000000000003, flusso entrante: 0.0, efficienza: 36.76190476190476 %
Demand del real Source[9]: -7.1, flusso erogato: 21.54, flusso entrante: 14.440000000000001, efficienza: 303.38028169014086 %
Demand del real Source[17]: -25.0, flusso erogato: 0.0, flusso entrante: 0.0, efficienza: 0.0 %
Flusso totale entrante nei Real Source: 14.440000000000001
Flusso totale uscente dai Real Source: 40.84
Flusso netto sui real Source: -26.400000000000002
--- SINKS STATISTICS ---
Sink 3 SODDISFATTO. Flusso netto: 3.43, Demand: 3.43, percentage: 100.0
Sink 4 SODDISFATTO. Flusso netto: 0.5700000000000003, Demand: 0.57, percentage: 100.00000000000007
Sink 5 SODDISFATTO. Flusso netto: 0.6600000000000001, Demand: 0.66, percentage: 100.00000000000003
Sink 11 SODDISFATTO. Flusso netto: 1.03, Demand: 1.03, percentage: 100.0
Sink 15 SODDISFATTO. Flusso netto: 0.45999999999999996, Demand: 0.46, percentage: 99.99999999999999
Sink 16 non è soddisfatto. Flusso netto: 2.83, Demand: 8.4, percentage: 33.69047619047619
Sink 19 non è soddisfatto. Flusso netto: 0.0, Demand: 0.54, percentage: 0.0
Sink 23 non è soddisfatto. Flusso netto: 0.0, Demand: 0.6, percentage: 0.0
Sink 24 non è soddisfatto. Flusso netto: 0.0, Demand: 0.8, percentage: 0.0
Sink 25 non è soddisfatto. Flusso netto: 0.0, Demand: 3.5, percentage: 0.0
Sink 26 non è soddisfatto. Flusso netto: 0.0, Demand: 6.0, percentage: 0.0
Sink 28 non è soddisfatto. Flusso netto: 0.0, Demand: 0.4, percentage: 0.0
Sink 30 non è soddisfatto. Flusso netto: 0.0, Demand: 0.98, percentage: 0.0
Sink 31 non è soddisfatto. Flusso netto: 0.0, Demand: 0.4, percentage: 0.0
Sink 32 SODDISFATTO. Flusso netto: 1.0, Demand: 1.0, percentage: 100.0
Sink 34 SODDISFATTO. Flusso netto: 1.74, Demand: 1.74, percentage: 100.0
Sink 35 SODDISFATTO. Flusso netto: 1.3, Demand: 1.3, percentage: 100.0
Sink 37 SODDISFATTO. Flusso netto: 1.0, Demand: 1.0, percentage: 100.0
Sink 39 non è soddisfatto. Flusso netto: 0.0, Demand: 0.4, percentage: 0.0
Sink 40 non è soddisfatto. Flusso netto: 0.0, Demand: 0.5, percentage: 0.0
Sink 41 SODDISFATTO. Flusso netto: 1.0600000000000005, Demand: 1.06, percentage: 100.00000000000004
Sink 42 SODDISFATTO. Flusso netto: 2.8199999999999994, Demand: 2.82, percentage: 99.99999999999999
Sink 45 SODDISFATTO. Flusso netto: 0.68, Demand: 0.68, percentage: 100.0
Sink 46 SODDISFATTO. Flusso netto: 1.17, Demand: 1.17, percentage: 100.0
Sink 49 non è soddisfatto. Flusso netto: 6.6499999999999995, Demand: 7.0, percentage: 95.0
Flusso totale entrante nei SINK: 53.099999999999994
Flusso totale uscente nei SINK: 26.7
Flusso totale netto nei SINK: 26.399999999999995
Total DEMAND dei SINK: 46.44
Percentual di flusso ai SINK: 0.5684754521963824
Numero di Sink soddisfatti: 13.0, numero totale di sink: 25.0
Percentuale di Sink soddisfatti: 0.52

---------------------------------- DAY 193

Update Fixed Elements from Intrinsic Faults
Update Fixed Elements from Heavy Faults
Update Fixed Elements from Attack
Propagate Intrinsic Fault
Node NODO_19 has still failing due to Intrinsic Fault
pipeline ARCO_35 still has reduced capacity: 0.0 due to Intrinsic Fault
pipeline ARCO_109 still has reduced capacity: 0.0 due to Intrinsic Fault
pipeline ARCO_110 still has reduced capacity: 0.0 due to Intrinsic Fault
pipeline V_EDGE_53_17 still has reduced capacity: 0.0 due to Intrinsic Fault
pipeline ARCO_39 still has reduced capacity: 0.0 due to Intrinsic Fault
pipeline ARCO_40 still has reduced capacity: 0.0 due to Intrinsic Fault
pipeline ARCO_105 still has reduced capacity: 0.0 due to Intrinsic Fault
Propagate Heavy Faults
Propagate Attacks
Inject Intrinsic Failure To Source
Source NODO_11 is failing for an Intrinsic Fault in day: 193
pipeline ARCO_3 has reduced capacity due to NODO_11 Intrinsic fault
pipeline ARCO_90 has reduced capacity due to NODO_11 Intrinsic fault
pipeline ARCO_91 has reduced capacity due to NODO_11 Intrinsic fault
pipeline ARCO_92 has reduced capacity due to NODO_11 Intrinsic fault
pipeline V_EDGE_53_9 has reduced capacity due to NODO_11 Intrinsic fault
pipeline ARCO_20 has reduced capacity due to NODO_11 Intrinsic fault
pipeline ARCO_21 has reduced capacity due to NODO_11 Intrinsic fault
pipeline ARCO_22 has reduced capacity due to NODO_11 Intrinsic fault
pipeline ARCO_73 has reduced capacity due to NODO_11 Intrinsic fault
Inject Heavy Fault To Sources
Inject Attack Multiple To Source
Inject Intrinsic Fault To Pipeline
Inject Heavy Fault To Pipeline
Inject Attack To Pipeline
----------- Statistics ------------
	Sources Under Attack: 0
	Sources with Heavy Fault: 0
	Sources with Intrinsic Fault: 2
	Arcs with reduce capacity due to Attack: 0
	Arcs with reduce capacity due to Heavy Fault: 0
	Arcs with reduce capacity due to Intrinsic Fault: 16
	Arcs with Attacks: 0
	Arcs with Heavy Fault: 0
	Arcs with Intrinsic Fault: 0
--------- SOURCES STATISTICS ---------------
Demand del real Source[0]: -31.0, flusso erogato: 16.296, flusso entrante: 0.0, efficienza: 52.567741935483866 %
Demand del real Source[8]: -10.5, flusso erogato: 4.2719999999999985, flusso entrante: 0.0, efficienza: 40.68571428571427 %
Demand del real Source[9]: -7.1, flusso erogato: 20.976, flusso entrante: 15.296000000000001, efficienza: 295.4366197183099 %
Demand del real Source[17]: -25.0, flusso erogato: 0.0, flusso entrante: 0.0, efficienza: 0.0 %
Flusso totale entrante nei Real Source: 15.296000000000001
Flusso totale uscente dai Real Source: 41.544000000000004
Flusso netto sui real Source: -26.248000000000005
--- SINKS STATISTICS ---
Sink 3 SODDISFATTO. Flusso netto: 3.43, Demand: 3.43, percentage: 100.0
Sink 4 SODDISFATTO. Flusso netto: 0.5700000000000003, Demand: 0.57, percentage: 100.00000000000007
Sink 5 SODDISFATTO. Flusso netto: 0.6600000000000001, Demand: 0.66, percentage: 100.00000000000003
Sink 11 SODDISFATTO. Flusso netto: 1.03, Demand: 1.03, percentage: 100.0
Sink 15 SODDISFATTO. Flusso netto: 0.45999999999999996, Demand: 0.46, percentage: 99.99999999999999
Sink 16 non è soddisfatto. Flusso netto: 2.83, Demand: 8.4, percentage: 33.69047619047619
Sink 19 non è soddisfatto. Flusso netto: 0.0, Demand: 0.54, percentage: 0.0
Sink 23 non è soddisfatto. Flusso netto: 0.0, Demand: 0.6, percentage: 0.0
Sink 24 non è soddisfatto. Flusso netto: 0.0, Demand: 0.8, percentage: 0.0
Sink 25 non è soddisfatto. Flusso netto: 0.0, Demand: 3.5, percentage: 0.0
Sink 26 non è soddisfatto. Flusso netto: 0.0, Demand: 6.0, percentage: 0.0
Sink 28 non è soddisfatto. Flusso netto: 0.0, Demand: 0.4, percentage: 0.0
Sink 30 non è soddisfatto. Flusso netto: 0.0, Demand: 0.98, percentage: 0.0
Sink 31 non è soddisfatto. Flusso netto: 0.0, Demand: 0.4, percentage: 0.0
Sink 32 SODDISFATTO. Flusso netto: 1.0000000000000009, Demand: 1.0, percentage: 100.00000000000009
Sink 34 SODDISFATTO. Flusso netto: 1.74, Demand: 1.74, percentage: 100.0
Sink 35 SODDISFATTO. Flusso netto: 1.3, Demand: 1.3, percentage: 100.0
Sink 37 SODDISFATTO. Flusso netto: 1.0, Demand: 1.0, percentage: 100.0
Sink 39 non è soddisfatto. Flusso netto: 0.0, Demand: 0.4, percentage: 0.0
Sink 40 non è soddisfatto. Flusso netto: 0.0, Demand: 0.5, percentage: 0.0
Sink 41 SODDISFATTO. Flusso netto: 1.0599999999999987, Demand: 1.06, percentage: 99.99999999999987
Sink 42 SODDISFATTO. Flusso netto: 2.8200000000000003, Demand: 2.82, percentage: 100.00000000000003
Sink 45 SODDISFATTO. Flusso netto: 0.68, Demand: 0.68, percentage: 100.0
Sink 46 SODDISFATTO. Flusso netto: 1.17, Demand: 1.17, percentage: 100.0
Sink 49 non è soddisfatto. Flusso netto: 6.497999999999999, Demand: 7.0, percentage: 92.82857142857142
Flusso totale entrante nei SINK: 55.32000000000001
Flusso totale uscente nei SINK: 29.072
Flusso totale netto nei SINK: 26.248000000000008
Total DEMAND dei SINK: 46.44
Percentual di flusso ai SINK: 0.5652024117140398
Numero di Sink soddisfatti: 13.0, numero totale di sink: 25.0
Percentuale di Sink soddisfatti: 0.52

---------------------------------- DAY 194

Update Fixed Elements from Intrinsic Faults
Update Fixed Elements from Heavy Faults
Update Fixed Elements from Attack
Propagate Intrinsic Fault
Node NODO_19 has still failing due to Intrinsic Fault
Node NODO_11 has still failing due to Intrinsic Fault
pipeline ARCO_35 still has reduced capacity: 0.0 due to Intrinsic Fault
pipeline ARCO_109 still has reduced capacity: 0.0 due to Intrinsic Fault
pipeline ARCO_110 still has reduced capacity: 0.0 due to Intrinsic Fault
pipeline V_EDGE_53_17 still has reduced capacity: 0.0 due to Intrinsic Fault
pipeline ARCO_39 still has reduced capacity: 0.0 due to Intrinsic Fault
pipeline ARCO_40 still has reduced capacity: 0.0 due to Intrinsic Fault
pipeline ARCO_105 still has reduced capacity: 0.0 due to Intrinsic Fault
pipeline ARCO_3 still has reduced capacity: 9.688 due to Intrinsic Fault
pipeline ARCO_90 still has reduced capacity: 1.6 due to Intrinsic Fault
pipeline ARCO_91 still has reduced capacity: 9.688 due to Intrinsic Fault
pipeline ARCO_92 still has reduced capacity: 39.328 due to Intrinsic Fault
pipeline V_EDGE_53_9 still has reduced capacity: 5.68 due to Intrinsic Fault
pipeline ARCO_20 still has reduced capacity: 1.6 due to Intrinsic Fault
pipeline ARCO_21 still has reduced capacity: 9.688 due to Intrinsic Fault
pipeline ARCO_22 still has reduced capacity: 39.328 due to Intrinsic Fault
pipeline ARCO_73 still has reduced capacity: 9.688 due to Intrinsic Fault
Propagate Heavy Faults
Propagate Attacks
Inject Intrinsic Failure To Source
Inject Heavy Fault To Sources
Inject Attack Multiple To Source
Inject Intrinsic Fault To Pipeline
Inject Heavy Fault To Pipeline
Inject Attack To Pipeline
----------- Statistics ------------
	Sources Under Attack: 0
	Sources with Heavy Fault: 0
	Sources with Intrinsic Fault: 2
	Arcs with reduce capacity due to Attack: 0
	Arcs with reduce capacity due to Heavy Fault: 0
	Arcs with reduce capacity due to Intrinsic Fault: 16
	Arcs with Attacks: 0
	Arcs with Heavy Fault: 0
	Arcs with Intrinsic Fault: 0
--------- SOURCES STATISTICS ---------------
Demand del real Source[0]: -31.0, flusso erogato: 16.296, flusso entrante: 0.0, efficienza: 52.567741935483866 %
Demand del real Source[8]: -10.5, flusso erogato: 4.2719999999999985, flusso entrante: 0.0, efficienza: 40.68571428571427 %
Demand del real Source[9]: -7.1, flusso erogato: 20.976, flusso entrante: 15.296000000000001, efficienza: 295.4366197183099 %
Demand del real Source[17]: -25.0, flusso erogato: 0.0, flusso entrante: 0.0, efficienza: 0.0 %
Flusso totale entrante nei Real Source: 15.296000000000001
Flusso totale uscente dai Real Source: 41.544000000000004
Flusso netto sui real Source: -26.248000000000005
--- SINKS STATISTICS ---
Sink 3 SODDISFATTO. Flusso netto: 3.43, Demand: 3.43, percentage: 100.0
Sink 4 SODDISFATTO. Flusso netto: 0.5700000000000003, Demand: 0.57, percentage: 100.00000000000007
Sink 5 SODDISFATTO. Flusso netto: 0.6600000000000001, Demand: 0.66, percentage: 100.00000000000003
Sink 11 SODDISFATTO. Flusso netto: 1.03, Demand: 1.03, percentage: 100.0
Sink 15 SODDISFATTO. Flusso netto: 0.45999999999999996, Demand: 0.46, percentage: 99.99999999999999
Sink 16 non è soddisfatto. Flusso netto: 2.83, Demand: 8.4, percentage: 33.69047619047619
Sink 19 non è soddisfatto. Flusso netto: 0.0, Demand: 0.54, percentage: 0.0
Sink 23 non è soddisfatto. Flusso netto: 0.0, Demand: 0.6, percentage: 0.0
Sink 24 non è soddisfatto. Flusso netto: 0.0, Demand: 0.8, percentage: 0.0
Sink 25 non è soddisfatto. Flusso netto: 0.0, Demand: 3.5, percentage: 0.0
Sink 26 non è soddisfatto. Flusso netto: 0.0, Demand: 6.0, percentage: 0.0
Sink 28 non è soddisfatto. Flusso netto: 0.0, Demand: 0.4, percentage: 0.0
Sink 30 non è soddisfatto. Flusso netto: 0.0, Demand: 0.98, percentage: 0.0
Sink 31 non è soddisfatto. Flusso netto: 0.0, Demand: 0.4, percentage: 0.0
Sink 32 SODDISFATTO. Flusso netto: 1.0000000000000009, Demand: 1.0, percentage: 100.00000000000009
Sink 34 SODDISFATTO. Flusso netto: 1.74, Demand: 1.74, percentage: 100.0
Sink 35 SODDISFATTO. Flusso netto: 1.3, Demand: 1.3, percentage: 100.0
Sink 37 SODDISFATTO. Flusso netto: 1.0, Demand: 1.0, percentage: 100.0
Sink 39 non è soddisfatto. Flusso netto: 0.0, Demand: 0.4, percentage: 0.0
Sink 40 non è soddisfatto. Flusso netto: 0.0, Demand: 0.5, percentage: 0.0
Sink 41 SODDISFATTO. Flusso netto: 1.0599999999999987, Demand: 1.06, percentage: 99.99999999999987
Sink 42 SODDISFATTO. Flusso netto: 2.8200000000000003, Demand: 2.82, percentage: 100.00000000000003
Sink 45 SODDISFATTO. Flusso netto: 0.68, Demand: 0.68, percentage: 100.0
Sink 46 SODDISFATTO. Flusso netto: 1.17, Demand: 1.17, percentage: 100.0
Sink 49 non è soddisfatto. Flusso netto: 6.497999999999999, Demand: 7.0, percentage: 92.82857142857142
Flusso totale entrante nei SINK: 55.32000000000001
Flusso totale uscente nei SINK: 29.072
Flusso totale netto nei SINK: 26.248000000000008
Total DEMAND dei SINK: 46.44
Percentual di flusso ai SINK: 0.5652024117140398
Numero di Sink soddisfatti: 13.0, numero totale di sink: 25.0
Percentuale di Sink soddisfatti: 0.52

---------------------------------- DAY 195

Update Fixed Elements from Intrinsic Faults
Source NODO_19 fixed from Intrinsic Fault
Pipeline ARCO_35 fixed due to Source NODO_19 fixing from Intrinsic Fault
Pipeline ARCO_109 fixed due to Source NODO_19 fixing from Intrinsic Fault
Pipeline ARCO_110 fixed due to Source NODO_19 fixing from Intrinsic Fault
Pipeline V_EDGE_53_17 fixed due to Source NODO_19 fixing from Intrinsic Fault
Pipeline ARCO_39 fixed due to Source NODO_19 fixing from Intrinsic Fault
Pipeline ARCO_40 fixed due to Source NODO_19 fixing from Intrinsic Fault
Pipeline ARCO_105 fixed due to Source NODO_19 fixing from Intrinsic Fault
Update Fixed Elements from Heavy Faults
Update Fixed Elements from Attack
Propagate Intrinsic Fault
Node NODO_11 has still failing due to Intrinsic Fault
pipeline ARCO_3 still has reduced capacity: 9.688 due to Intrinsic Fault
pipeline ARCO_90 still has reduced capacity: 1.6 due to Intrinsic Fault
pipeline ARCO_91 still has reduced capacity: 9.688 due to Intrinsic Fault
pipeline ARCO_92 still has reduced capacity: 39.328 due to Intrinsic Fault
pipeline V_EDGE_53_9 still has reduced capacity: 5.68 due to Intrinsic Fault
pipeline ARCO_20 still has reduced capacity: 1.6 due to Intrinsic Fault
pipeline ARCO_21 still has reduced capacity: 9.688 due to Intrinsic Fault
pipeline ARCO_22 still has reduced capacity: 39.328 due to Intrinsic Fault
pipeline ARCO_73 still has reduced capacity: 9.688 due to Intrinsic Fault
Propagate Heavy Faults
Propagate Attacks
Inject Intrinsic Failure To Source
Inject Heavy Fault To Sources
Inject Attack Multiple To Source
Inject Intrinsic Fault To Pipeline
Inject Heavy Fault To Pipeline
Inject Attack To Pipeline
----------- Statistics ------------
	Sources Under Attack: 0
	Sources with Heavy Fault: 0
	Sources with Intrinsic Fault: 1
	Arcs with reduce capacity due to Attack: 0
	Arcs with reduce capacity due to Heavy Fault: 0
	Arcs with reduce capacity due to Intrinsic Fault: 9
	Arcs with Attacks: 0
	Arcs with Heavy Fault: 0
	Arcs with Intrinsic Fault: 0
--------- SOURCES STATISTICS ---------------
Demand del real Source[0]: -31.0, flusso erogato: 11.397999999999998, flusso entrante: 0.0, efficienza: 36.76774193548387 %
Demand del real Source[8]: -10.5, flusso erogato: 3.8600000000000003, flusso entrante: 0.0, efficienza: 36.76190476190476 %
Demand del real Source[9]: -7.1, flusso erogato: 16.077999999999996, flusso entrante: 10.397999999999998, efficienza: 226.45070422535207 %
Demand del real Source[17]: -25.0, flusso erogato: 25.000000000000007, flusso entrante: 0.0, efficienza: 100.00000000000003 %
Flusso totale entrante nei Real Source: 10.397999999999998
Flusso totale uscente dai Real Source: 56.336000000000006
Flusso netto sui real Source: -45.93800000000001
--- SINKS STATISTICS ---
Sink 3 SODDISFATTO. Flusso netto: 3.43, Demand: 3.43, percentage: 100.0
Sink 4 SODDISFATTO. Flusso netto: 0.5700000000000003, Demand: 0.57, percentage: 100.00000000000007
Sink 5 SODDISFATTO. Flusso netto: 0.6600000000000001, Demand: 0.66, percentage: 100.00000000000003
Sink 11 SODDISFATTO. Flusso netto: 1.03, Demand: 1.03, percentage: 100.0
Sink 15 SODDISFATTO. Flusso netto: 0.46, Demand: 0.46, percentage: 100.0
Sink 16 SODDISFATTO. Flusso netto: 8.400000000000002, Demand: 8.4, percentage: 100.00000000000003
Sink 19 SODDISFATTO. Flusso netto: 0.5399999999999991, Demand: 0.54, percentage: 99.99999999999983
Sink 23 SODDISFATTO. Flusso netto: 0.5999999999999999, Demand: 0.6, percentage: 99.99999999999997
Sink 24 SODDISFATTO. Flusso netto: 0.8, Demand: 0.8, percentage: 100.0
Sink 25 SODDISFATTO. Flusso netto: 3.5, Demand: 3.5, percentage: 100.0
Sink 26 SODDISFATTO. Flusso netto: 6.000000000000002, Demand: 6.0, percentage: 100.00000000000003
Sink 28 SODDISFATTO. Flusso netto: 0.4, Demand: 0.4, percentage: 100.0
Sink 30 SODDISFATTO. Flusso netto: 0.9799999999999986, Demand: 0.98, percentage: 99.99999999999987
Sink 31 SODDISFATTO. Flusso netto: 0.4, Demand: 0.4, percentage: 100.0
Sink 32 SODDISFATTO. Flusso netto: 0.9999999999999996, Demand: 1.0, percentage: 99.99999999999996
Sink 34 SODDISFATTO. Flusso netto: 1.74, Demand: 1.74, percentage: 100.0
Sink 35 SODDISFATTO. Flusso netto: 1.3, Demand: 1.3, percentage: 100.0
Sink 37 SODDISFATTO. Flusso netto: 1.0, Demand: 1.0, percentage: 100.0
Sink 39 SODDISFATTO. Flusso netto: 0.4, Demand: 0.4, percentage: 100.0
Sink 40 SODDISFATTO. Flusso netto: 0.5, Demand: 0.5, percentage: 100.0
Sink 41 SODDISFATTO. Flusso netto: 1.0599999999999996, Demand: 1.06, percentage: 99.99999999999996
Sink 42 SODDISFATTO. Flusso netto: 2.8200000000000003, Demand: 2.82, percentage: 100.00000000000003
Sink 45 SODDISFATTO. Flusso netto: 0.68, Demand: 0.68, percentage: 100.0
Sink 46 SODDISFATTO. Flusso netto: 1.17, Demand: 1.17, percentage: 100.0
Sink 49 non è soddisfatto. Flusso netto: 6.497999999999999, Demand: 7.0, percentage: 92.82857142857142
Flusso totale entrante nei SINK: 95.24200000000002
Flusso totale uscente nei SINK: 49.304
Flusso totale netto nei SINK: 45.93800000000002
Total DEMAND dei SINK: 46.44
Percentual di flusso ai SINK: 0.989190353143842
Numero di Sink soddisfatti: 24.0, numero totale di sink: 25.0
Percentuale di Sink soddisfatti: 0.96

---------------------------------- DAY 196

Update Fixed Elements from Intrinsic Faults
Source NODO_11 fixed from Intrinsic Fault
Pipeline ARCO_3 fixed due to Source NODO_11 fixing from Intrinsic Fault
Pipeline ARCO_90 fixed due to Source NODO_11 fixing from Intrinsic Fault
Pipeline ARCO_91 fixed due to Source NODO_11 fixing from Intrinsic Fault
Pipeline ARCO_92 fixed due to Source NODO_11 fixing from Intrinsic Fault
Pipeline V_EDGE_53_9 fixed due to Source NODO_11 fixing from Intrinsic Fault
Pipeline ARCO_20 fixed due to Source NODO_11 fixing from Intrinsic Fault
Pipeline ARCO_21 fixed due to Source NODO_11 fixing from Intrinsic Fault
Pipeline ARCO_22 fixed due to Source NODO_11 fixing from Intrinsic Fault
Pipeline ARCO_73 fixed due to Source NODO_11 fixing from Intrinsic Fault
Update Fixed Elements from Heavy Faults
Update Fixed Elements from Attack
Propagate Intrinsic Fault
Propagate Heavy Faults
Propagate Attacks
Inject Intrinsic Failure To Source
Inject Heavy Fault To Sources
Inject Attack Multiple To Source
Inject Intrinsic Fault To Pipeline
Inject Heavy Fault To Pipeline
Inject Attack To Pipeline
----------- Statistics ------------
	Sources Under Attack: 0
	Sources with Heavy Fault: 0
	Sources with Intrinsic Fault: 0
	Arcs with reduce capacity due to Attack: 0
	Arcs with reduce capacity due to Heavy Fault: 0
	Arcs with reduce capacity due to Intrinsic Fault: 0
	Arcs with Attacks: 0
	Arcs with Heavy Fault: 0
	Arcs with Intrinsic Fault: 0
--------- SOURCES STATISTICS ---------------
Demand del real Source[0]: -31.0, flusso erogato: 10.129999999999997, flusso entrante: 0.0, efficienza: 32.6774193548387 %
Demand del real Source[8]: -10.5, flusso erogato: 3.8600000000000003, flusso entrante: 0.0, efficienza: 36.76190476190476 %
Demand del real Source[9]: -7.1, flusso erogato: 16.229999999999997, flusso entrante: 9.129999999999997, efficienza: 228.59154929577463 %
Demand del real Source[17]: -25.0, flusso erogato: 25.000000000000007, flusso entrante: 0.0, efficienza: 100.00000000000003 %
Flusso totale entrante nei Real Source: 9.129999999999997
Flusso totale uscente dai Real Source: 55.220000000000006
Flusso netto sui real Source: -46.09000000000001
--- SINKS STATISTICS ---
Sink 3 SODDISFATTO. Flusso netto: 3.43, Demand: 3.43, percentage: 100.0
Sink 4 SODDISFATTO. Flusso netto: 0.5700000000000003, Demand: 0.57, percentage: 100.00000000000007
Sink 5 SODDISFATTO. Flusso netto: 0.6600000000000001, Demand: 0.66, percentage: 100.00000000000003
Sink 11 SODDISFATTO. Flusso netto: 1.03, Demand: 1.03, percentage: 100.0
Sink 15 SODDISFATTO. Flusso netto: 0.46, Demand: 0.46, percentage: 100.0
Sink 16 SODDISFATTO. Flusso netto: 8.400000000000002, Demand: 8.4, percentage: 100.00000000000003
Sink 19 SODDISFATTO. Flusso netto: 0.5399999999999991, Demand: 0.54, percentage: 99.99999999999983
Sink 23 SODDISFATTO. Flusso netto: 0.5999999999999999, Demand: 0.6, percentage: 99.99999999999997
Sink 24 SODDISFATTO. Flusso netto: 0.8, Demand: 0.8, percentage: 100.0
Sink 25 SODDISFATTO. Flusso netto: 3.5, Demand: 3.5, percentage: 100.0
Sink 26 SODDISFATTO. Flusso netto: 6.000000000000002, Demand: 6.0, percentage: 100.00000000000003
Sink 28 SODDISFATTO. Flusso netto: 0.4, Demand: 0.4, percentage: 100.0
Sink 30 SODDISFATTO. Flusso netto: 0.9799999999999986, Demand: 0.98, percentage: 99.99999999999987
Sink 31 SODDISFATTO. Flusso netto: 0.4, Demand: 0.4, percentage: 100.0
Sink 32 SODDISFATTO. Flusso netto: 0.9999999999999996, Demand: 1.0, percentage: 99.99999999999996
Sink 34 SODDISFATTO. Flusso netto: 1.74, Demand: 1.74, percentage: 100.0
Sink 35 SODDISFATTO. Flusso netto: 1.3, Demand: 1.3, percentage: 100.0
Sink 37 SODDISFATTO. Flusso netto: 1.0, Demand: 1.0, percentage: 100.0
Sink 39 SODDISFATTO. Flusso netto: 0.4, Demand: 0.4, percentage: 100.0
Sink 40 SODDISFATTO. Flusso netto: 0.5, Demand: 0.5, percentage: 100.0
Sink 41 SODDISFATTO. Flusso netto: 1.06, Demand: 1.06, percentage: 100.0
Sink 42 SODDISFATTO. Flusso netto: 2.8199999999999994, Demand: 2.82, percentage: 99.99999999999999
Sink 45 SODDISFATTO. Flusso netto: 0.68, Demand: 0.68, percentage: 100.0
Sink 46 SODDISFATTO. Flusso netto: 1.17, Demand: 1.17, percentage: 100.0
Sink 49 non è soddisfatto. Flusso netto: 6.6499999999999995, Demand: 7.0, percentage: 95.0
Flusso totale entrante nei SINK: 92.61000000000001
Flusso totale uscente nei SINK: 46.52
Flusso totale netto nei SINK: 46.09000000000001
Total DEMAND dei SINK: 46.44
Percentual di flusso ai SINK: 0.9924633936261846
Numero di Sink soddisfatti: 24.0, numero totale di sink: 25.0
Percentuale di Sink soddisfatti: 0.96

---------------------------------- DAY 197

Update Fixed Elements from Intrinsic Faults
Update Fixed Elements from Heavy Faults
Update Fixed Elements from Attack
Propagate Intrinsic Fault
Propagate Heavy Faults
Propagate Attacks
Inject Intrinsic Failure To Source
Inject Heavy Fault To Sources
Inject Attack Multiple To Source
Inject Intrinsic Fault To Pipeline
Inject Heavy Fault To Pipeline
Inject Attack To Pipeline
----------- Statistics ------------
	Sources Under Attack: 0
	Sources with Heavy Fault: 0
	Sources with Intrinsic Fault: 0
	Arcs with reduce capacity due to Attack: 0
	Arcs with reduce capacity due to Heavy Fault: 0
	Arcs with reduce capacity due to Intrinsic Fault: 0
	Arcs with Attacks: 0
	Arcs with Heavy Fault: 0
	Arcs with Intrinsic Fault: 0
--------- SOURCES STATISTICS ---------------
Demand del real Source[0]: -31.0, flusso erogato: 10.129999999999997, flusso entrante: 0.0, efficienza: 32.6774193548387 %
Demand del real Source[8]: -10.5, flusso erogato: 3.8600000000000003, flusso entrante: 0.0, efficienza: 36.76190476190476 %
Demand del real Source[9]: -7.1, flusso erogato: 16.229999999999997, flusso entrante: 9.129999999999997, efficienza: 228.59154929577463 %
Demand del real Source[17]: -25.0, flusso erogato: 25.000000000000007, flusso entrante: 0.0, efficienza: 100.00000000000003 %
Flusso totale entrante nei Real Source: 9.129999999999997
Flusso totale uscente dai Real Source: 55.220000000000006
Flusso netto sui real Source: -46.09000000000001
--- SINKS STATISTICS ---
Sink 3 SODDISFATTO. Flusso netto: 3.43, Demand: 3.43, percentage: 100.0
Sink 4 SODDISFATTO. Flusso netto: 0.5700000000000003, Demand: 0.57, percentage: 100.00000000000007
Sink 5 SODDISFATTO. Flusso netto: 0.6600000000000001, Demand: 0.66, percentage: 100.00000000000003
Sink 11 SODDISFATTO. Flusso netto: 1.03, Demand: 1.03, percentage: 100.0
Sink 15 SODDISFATTO. Flusso netto: 0.46, Demand: 0.46, percentage: 100.0
Sink 16 SODDISFATTO. Flusso netto: 8.400000000000002, Demand: 8.4, percentage: 100.00000000000003
Sink 19 SODDISFATTO. Flusso netto: 0.5399999999999991, Demand: 0.54, percentage: 99.99999999999983
Sink 23 SODDISFATTO. Flusso netto: 0.5999999999999999, Demand: 0.6, percentage: 99.99999999999997
Sink 24 SODDISFATTO. Flusso netto: 0.8, Demand: 0.8, percentage: 100.0
Sink 25 SODDISFATTO. Flusso netto: 3.5, Demand: 3.5, percentage: 100.0
Sink 26 SODDISFATTO. Flusso netto: 6.000000000000002, Demand: 6.0, percentage: 100.00000000000003
Sink 28 SODDISFATTO. Flusso netto: 0.4, Demand: 0.4, percentage: 100.0
Sink 30 SODDISFATTO. Flusso netto: 0.9799999999999986, Demand: 0.98, percentage: 99.99999999999987
Sink 31 SODDISFATTO. Flusso netto: 0.4, Demand: 0.4, percentage: 100.0
Sink 32 SODDISFATTO. Flusso netto: 0.9999999999999996, Demand: 1.0, percentage: 99.99999999999996
Sink 34 SODDISFATTO. Flusso netto: 1.74, Demand: 1.74, percentage: 100.0
Sink 35 SODDISFATTO. Flusso netto: 1.3, Demand: 1.3, percentage: 100.0
Sink 37 SODDISFATTO. Flusso netto: 1.0, Demand: 1.0, percentage: 100.0
Sink 39 SODDISFATTO. Flusso netto: 0.4, Demand: 0.4, percentage: 100.0
Sink 40 SODDISFATTO. Flusso netto: 0.5, Demand: 0.5, percentage: 100.0
Sink 41 SODDISFATTO. Flusso netto: 1.06, Demand: 1.06, percentage: 100.0
Sink 42 SODDISFATTO. Flusso netto: 2.8199999999999994, Demand: 2.82, percentage: 99.99999999999999
Sink 45 SODDISFATTO. Flusso netto: 0.68, Demand: 0.68, percentage: 100.0
Sink 46 SODDISFATTO. Flusso netto: 1.17, Demand: 1.17, percentage: 100.0
Sink 49 non è soddisfatto. Flusso netto: 6.6499999999999995, Demand: 7.0, percentage: 95.0
Flusso totale entrante nei SINK: 92.61000000000001
Flusso totale uscente nei SINK: 46.52
Flusso totale netto nei SINK: 46.09000000000001
Total DEMAND dei SINK: 46.44
Percentual di flusso ai SINK: 0.9924633936261846
Numero di Sink soddisfatti: 24.0, numero totale di sink: 25.0
Percentuale di Sink soddisfatti: 0.96

---------------------------------- DAY 198

Update Fixed Elements from Intrinsic Faults
Update Fixed Elements from Heavy Faults
Update Fixed Elements from Attack
Propagate Intrinsic Fault
Propagate Heavy Faults
Propagate Attacks
Inject Intrinsic Failure To Source
Source NODO_2 is failing for an Intrinsic Fault in day: 198
pipeline ARCO_70 has reduced capacity due to NODO_2 Intrinsic fault
pipeline V_EDGE_53_0 has reduced capacity due to NODO_2 Intrinsic fault
pipeline ARCO_0 has reduced capacity due to NODO_2 Intrinsic fault
Inject Heavy Fault To Sources
Inject Attack Multiple To Source
Inject Intrinsic Fault To Pipeline
Inject Heavy Fault To Pipeline
Inject Attack To Pipeline
----------- Statistics ------------
	Sources Under Attack: 0
	Sources with Heavy Fault: 0
	Sources with Intrinsic Fault: 1
	Arcs with reduce capacity due to Attack: 0
	Arcs with reduce capacity due to Heavy Fault: 0
	Arcs with reduce capacity due to Intrinsic Fault: 3
	Arcs with Attacks: 0
	Arcs with Heavy Fault: 0
	Arcs with Intrinsic Fault: 0
--------- SOURCES STATISTICS ---------------
Demand del real Source[0]: -31.0, flusso erogato: 10.129999999999997, flusso entrante: 0.0, efficienza: 32.6774193548387 %
Demand del real Source[8]: -10.5, flusso erogato: 3.8600000000000003, flusso entrante: 0.0, efficienza: 36.76190476190476 %
Demand del real Source[9]: -7.1, flusso erogato: 16.229999999999997, flusso entrante: 9.129999999999997, efficienza: 228.59154929577463 %
Demand del real Source[17]: -25.0, flusso erogato: 25.000000000000007, flusso entrante: 0.0, efficienza: 100.00000000000003 %
Flusso totale entrante nei Real Source: 9.129999999999997
Flusso totale uscente dai Real Source: 55.220000000000006
Flusso netto sui real Source: -46.09000000000001
--- SINKS STATISTICS ---
Sink 3 SODDISFATTO. Flusso netto: 3.43, Demand: 3.43, percentage: 100.0
Sink 4 SODDISFATTO. Flusso netto: 0.5700000000000003, Demand: 0.57, percentage: 100.00000000000007
Sink 5 SODDISFATTO. Flusso netto: 0.6600000000000001, Demand: 0.66, percentage: 100.00000000000003
Sink 11 SODDISFATTO. Flusso netto: 1.03, Demand: 1.03, percentage: 100.0
Sink 15 SODDISFATTO. Flusso netto: 0.46, Demand: 0.46, percentage: 100.0
Sink 16 SODDISFATTO. Flusso netto: 8.400000000000002, Demand: 8.4, percentage: 100.00000000000003
Sink 19 SODDISFATTO. Flusso netto: 0.5399999999999991, Demand: 0.54, percentage: 99.99999999999983
Sink 23 SODDISFATTO. Flusso netto: 0.5999999999999999, Demand: 0.6, percentage: 99.99999999999997
Sink 24 SODDISFATTO. Flusso netto: 0.8, Demand: 0.8, percentage: 100.0
Sink 25 SODDISFATTO. Flusso netto: 3.5, Demand: 3.5, percentage: 100.0
Sink 26 SODDISFATTO. Flusso netto: 6.000000000000002, Demand: 6.0, percentage: 100.00000000000003
Sink 28 SODDISFATTO. Flusso netto: 0.4, Demand: 0.4, percentage: 100.0
Sink 30 SODDISFATTO. Flusso netto: 0.9799999999999986, Demand: 0.98, percentage: 99.99999999999987
Sink 31 SODDISFATTO. Flusso netto: 0.4, Demand: 0.4, percentage: 100.0
Sink 32 SODDISFATTO. Flusso netto: 0.9999999999999996, Demand: 1.0, percentage: 99.99999999999996
Sink 34 SODDISFATTO. Flusso netto: 1.74, Demand: 1.74, percentage: 100.0
Sink 35 SODDISFATTO. Flusso netto: 1.3, Demand: 1.3, percentage: 100.0
Sink 37 SODDISFATTO. Flusso netto: 1.0, Demand: 1.0, percentage: 100.0
Sink 39 SODDISFATTO. Flusso netto: 0.4, Demand: 0.4, percentage: 100.0
Sink 40 SODDISFATTO. Flusso netto: 0.5, Demand: 0.5, percentage: 100.0
Sink 41 SODDISFATTO. Flusso netto: 1.06, Demand: 1.06, percentage: 100.0
Sink 42 SODDISFATTO. Flusso netto: 2.8199999999999994, Demand: 2.82, percentage: 99.99999999999999
Sink 45 SODDISFATTO. Flusso netto: 0.68, Demand: 0.68, percentage: 100.0
Sink 46 SODDISFATTO. Flusso netto: 1.17, Demand: 1.17, percentage: 100.0
Sink 49 non è soddisfatto. Flusso netto: 6.6499999999999995, Demand: 7.0, percentage: 95.0
Flusso totale entrante nei SINK: 92.61000000000001
Flusso totale uscente nei SINK: 46.52
Flusso totale netto nei SINK: 46.09000000000001
Total DEMAND dei SINK: 46.44
Percentual di flusso ai SINK: 0.9924633936261846
Numero di Sink soddisfatti: 24.0, numero totale di sink: 25.0
Percentuale di Sink soddisfatti: 0.96

---------------------------------- DAY 199

Update Fixed Elements from Intrinsic Faults
Update Fixed Elements from Heavy Faults
Update Fixed Elements from Attack
Propagate Intrinsic Fault
Node NODO_2 has still failing due to Intrinsic Fault
pipeline ARCO_70 still has reduced capacity: 24.8 due to Intrinsic Fault
pipeline V_EDGE_53_0 still has reduced capacity: 24.8 due to Intrinsic Fault
pipeline ARCO_0 still has reduced capacity: 24.8 due to Intrinsic Fault
Propagate Heavy Faults
Propagate Attacks
Inject Intrinsic Failure To Source
Source NODO_11 is failing for an Intrinsic Fault in day: 199
pipeline ARCO_3 has reduced capacity due to NODO_11 Intrinsic fault
pipeline ARCO_90 has reduced capacity due to NODO_11 Intrinsic fault
pipeline ARCO_91 has reduced capacity due to NODO_11 Intrinsic fault
pipeline ARCO_92 has reduced capacity due to NODO_11 Intrinsic fault
pipeline V_EDGE_53_9 has reduced capacity due to NODO_11 Intrinsic fault
pipeline ARCO_20 has reduced capacity due to NODO_11 Intrinsic fault
pipeline ARCO_21 has reduced capacity due to NODO_11 Intrinsic fault
pipeline ARCO_22 has reduced capacity due to NODO_11 Intrinsic fault
pipeline ARCO_73 has reduced capacity due to NODO_11 Intrinsic fault
Inject Heavy Fault To Sources
Inject Attack Multiple To Source
Inject Intrinsic Fault To Pipeline
Inject Heavy Fault To Pipeline
Inject Attack To Pipeline
----------- Statistics ------------
	Sources Under Attack: 0
	Sources with Heavy Fault: 0
	Sources with Intrinsic Fault: 2
	Arcs with reduce capacity due to Attack: 0
	Arcs with reduce capacity due to Heavy Fault: 0
	Arcs with reduce capacity due to Intrinsic Fault: 12
	Arcs with Attacks: 0
	Arcs with Heavy Fault: 0
	Arcs with Intrinsic Fault: 0
--------- SOURCES STATISTICS ---------------
Demand del real Source[0]: -31.0, flusso erogato: 11.397999999999998, flusso entrante: 0.0, efficienza: 36.76774193548387 %
Demand del real Source[8]: -10.5, flusso erogato: 3.8600000000000003, flusso entrante: 0.0, efficienza: 36.76190476190476 %
Demand del real Source[9]: -7.1, flusso erogato: 16.077999999999996, flusso entrante: 10.397999999999998, efficienza: 226.45070422535207 %
Demand del real Source[17]: -25.0, flusso erogato: 25.000000000000007, flusso entrante: 0.0, efficienza: 100.00000000000003 %
Flusso totale entrante nei Real Source: 10.397999999999998
Flusso totale uscente dai Real Source: 56.336000000000006
Flusso netto sui real Source: -45.93800000000001
--- SINKS STATISTICS ---
Sink 3 SODDISFATTO. Flusso netto: 3.43, Demand: 3.43, percentage: 100.0
Sink 4 SODDISFATTO. Flusso netto: 0.5700000000000003, Demand: 0.57, percentage: 100.00000000000007
Sink 5 SODDISFATTO. Flusso netto: 0.6600000000000001, Demand: 0.66, percentage: 100.00000000000003
Sink 11 SODDISFATTO. Flusso netto: 1.03, Demand: 1.03, percentage: 100.0
Sink 15 SODDISFATTO. Flusso netto: 0.46, Demand: 0.46, percentage: 100.0
Sink 16 SODDISFATTO. Flusso netto: 8.400000000000002, Demand: 8.4, percentage: 100.00000000000003
Sink 19 SODDISFATTO. Flusso netto: 0.5399999999999991, Demand: 0.54, percentage: 99.99999999999983
Sink 23 SODDISFATTO. Flusso netto: 0.5999999999999999, Demand: 0.6, percentage: 99.99999999999997
Sink 24 SODDISFATTO. Flusso netto: 0.8, Demand: 0.8, percentage: 100.0
Sink 25 SODDISFATTO. Flusso netto: 3.5, Demand: 3.5, percentage: 100.0
Sink 26 SODDISFATTO. Flusso netto: 6.000000000000002, Demand: 6.0, percentage: 100.00000000000003
Sink 28 SODDISFATTO. Flusso netto: 0.4, Demand: 0.4, percentage: 100.0
Sink 30 SODDISFATTO. Flusso netto: 0.9799999999999986, Demand: 0.98, percentage: 99.99999999999987
Sink 31 SODDISFATTO. Flusso netto: 0.4, Demand: 0.4, percentage: 100.0
Sink 32 SODDISFATTO. Flusso netto: 0.9999999999999996, Demand: 1.0, percentage: 99.99999999999996
Sink 34 SODDISFATTO. Flusso netto: 1.74, Demand: 1.74, percentage: 100.0
Sink 35 SODDISFATTO. Flusso netto: 1.3, Demand: 1.3, percentage: 100.0
Sink 37 SODDISFATTO. Flusso netto: 1.0, Demand: 1.0, percentage: 100.0
Sink 39 SODDISFATTO. Flusso netto: 0.4, Demand: 0.4, percentage: 100.0
Sink 40 SODDISFATTO. Flusso netto: 0.5, Demand: 0.5, percentage: 100.0
Sink 41 SODDISFATTO. Flusso netto: 1.0599999999999996, Demand: 1.06, percentage: 99.99999999999996
Sink 42 SODDISFATTO. Flusso netto: 2.8200000000000003, Demand: 2.82, percentage: 100.00000000000003
Sink 45 SODDISFATTO. Flusso netto: 0.68, Demand: 0.68, percentage: 100.0
Sink 46 SODDISFATTO. Flusso netto: 1.17, Demand: 1.17, percentage: 100.0
Sink 49 non è soddisfatto. Flusso netto: 6.497999999999999, Demand: 7.0, percentage: 92.82857142857142
Flusso totale entrante nei SINK: 95.24200000000002
Flusso totale uscente nei SINK: 49.304
Flusso totale netto nei SINK: 45.93800000000002
Total DEMAND dei SINK: 46.44
Percentual di flusso ai SINK: 0.989190353143842
Numero di Sink soddisfatti: 24.0, numero totale di sink: 25.0
Percentuale di Sink soddisfatti: 0.96

---------------------------------- DAY 200

Update Fixed Elements from Intrinsic Faults
Update Fixed Elements from Heavy Faults
Update Fixed Elements from Attack
Propagate Intrinsic Fault
Node NODO_2 has still failing due to Intrinsic Fault
Node NODO_11 has still failing due to Intrinsic Fault
pipeline ARCO_70 still has reduced capacity: 24.8 due to Intrinsic Fault
pipeline V_EDGE_53_0 still has reduced capacity: 24.8 due to Intrinsic Fault
pipeline ARCO_0 still has reduced capacity: 24.8 due to Intrinsic Fault
pipeline ARCO_3 still has reduced capacity: 9.688 due to Intrinsic Fault
pipeline ARCO_90 still has reduced capacity: 1.6 due to Intrinsic Fault
pipeline ARCO_91 still has reduced capacity: 9.688 due to Intrinsic Fault
pipeline ARCO_92 still has reduced capacity: 39.328 due to Intrinsic Fault
pipeline V_EDGE_53_9 still has reduced capacity: 5.68 due to Intrinsic Fault
pipeline ARCO_20 still has reduced capacity: 1.6 due to Intrinsic Fault
pipeline ARCO_21 still has reduced capacity: 9.688 due to Intrinsic Fault
pipeline ARCO_22 still has reduced capacity: 39.328 due to Intrinsic Fault
pipeline ARCO_73 still has reduced capacity: 9.688 due to Intrinsic Fault
Propagate Heavy Faults
Propagate Attacks
Inject Intrinsic Failure To Source
Inject Heavy Fault To Sources
Inject Attack Multiple To Source
Inject Intrinsic Fault To Pipeline
Inject Heavy Fault To Pipeline
Inject Attack To Pipeline
----------- Statistics ------------
	Sources Under Attack: 0
	Sources with Heavy Fault: 0
	Sources with Intrinsic Fault: 2
	Arcs with reduce capacity due to Attack: 0
	Arcs with reduce capacity due to Heavy Fault: 0
	Arcs with reduce capacity due to Intrinsic Fault: 12
	Arcs with Attacks: 0
	Arcs with Heavy Fault: 0
	Arcs with Intrinsic Fault: 0
--------- SOURCES STATISTICS ---------------
Demand del real Source[0]: -31.0, flusso erogato: 11.397999999999998, flusso entrante: 0.0, efficienza: 36.76774193548387 %
Demand del real Source[8]: -10.5, flusso erogato: 3.8600000000000003, flusso entrante: 0.0, efficienza: 36.76190476190476 %
Demand del real Source[9]: -7.1, flusso erogato: 16.077999999999996, flusso entrante: 10.397999999999998, efficienza: 226.45070422535207 %
Demand del real Source[17]: -25.0, flusso erogato: 25.000000000000007, flusso entrante: 0.0, efficienza: 100.00000000000003 %
Flusso totale entrante nei Real Source: 10.397999999999998
Flusso totale uscente dai Real Source: 56.336000000000006
Flusso netto sui real Source: -45.93800000000001
--- SINKS STATISTICS ---
Sink 3 SODDISFATTO. Flusso netto: 3.43, Demand: 3.43, percentage: 100.0
Sink 4 SODDISFATTO. Flusso netto: 0.5700000000000003, Demand: 0.57, percentage: 100.00000000000007
Sink 5 SODDISFATTO. Flusso netto: 0.6600000000000001, Demand: 0.66, percentage: 100.00000000000003
Sink 11 SODDISFATTO. Flusso netto: 1.03, Demand: 1.03, percentage: 100.0
Sink 15 SODDISFATTO. Flusso netto: 0.46, Demand: 0.46, percentage: 100.0
Sink 16 SODDISFATTO. Flusso netto: 8.400000000000002, Demand: 8.4, percentage: 100.00000000000003
Sink 19 SODDISFATTO. Flusso netto: 0.5399999999999991, Demand: 0.54, percentage: 99.99999999999983
Sink 23 SODDISFATTO. Flusso netto: 0.5999999999999999, Demand: 0.6, percentage: 99.99999999999997
Sink 24 SODDISFATTO. Flusso netto: 0.8, Demand: 0.8, percentage: 100.0
Sink 25 SODDISFATTO. Flusso netto: 3.5, Demand: 3.5, percentage: 100.0
Sink 26 SODDISFATTO. Flusso netto: 6.000000000000002, Demand: 6.0, percentage: 100.00000000000003
Sink 28 SODDISFATTO. Flusso netto: 0.4, Demand: 0.4, percentage: 100.0
Sink 30 SODDISFATTO. Flusso netto: 0.9799999999999986, Demand: 0.98, percentage: 99.99999999999987
Sink 31 SODDISFATTO. Flusso netto: 0.4, Demand: 0.4, percentage: 100.0
Sink 32 SODDISFATTO. Flusso netto: 0.9999999999999996, Demand: 1.0, percentage: 99.99999999999996
Sink 34 SODDISFATTO. Flusso netto: 1.74, Demand: 1.74, percentage: 100.0
Sink 35 SODDISFATTO. Flusso netto: 1.3, Demand: 1.3, percentage: 100.0
Sink 37 SODDISFATTO. Flusso netto: 1.0, Demand: 1.0, percentage: 100.0
Sink 39 SODDISFATTO. Flusso netto: 0.4, Demand: 0.4, percentage: 100.0
Sink 40 SODDISFATTO. Flusso netto: 0.5, Demand: 0.5, percentage: 100.0
Sink 41 SODDISFATTO. Flusso netto: 1.0599999999999996, Demand: 1.06, percentage: 99.99999999999996
Sink 42 SODDISFATTO. Flusso netto: 2.8200000000000003, Demand: 2.82, percentage: 100.00000000000003
Sink 45 SODDISFATTO. Flusso netto: 0.68, Demand: 0.68, percentage: 100.0
Sink 46 SODDISFATTO. Flusso netto: 1.17, Demand: 1.17, percentage: 100.0
Sink 49 non è soddisfatto. Flusso netto: 6.497999999999999, Demand: 7.0, percentage: 92.82857142857142
Flusso totale entrante nei SINK: 95.24200000000002
Flusso totale uscente nei SINK: 49.304
Flusso totale netto nei SINK: 45.93800000000002
Total DEMAND dei SINK: 46.44
Percentual di flusso ai SINK: 0.989190353143842
Numero di Sink soddisfatti: 24.0, numero totale di sink: 25.0
Percentuale di Sink soddisfatti: 0.96

---------------------------------- DAY 201

Update Fixed Elements from Intrinsic Faults
Source NODO_2 fixed from Intrinsic Fault
Pipeline ARCO_70 fixed due to Source NODO_2 fixing from Intrinsic Fault
Pipeline V_EDGE_53_0 fixed due to Source NODO_2 fixing from Intrinsic Fault
Pipeline ARCO_0 fixed due to Source NODO_2 fixing from Intrinsic Fault
Update Fixed Elements from Heavy Faults
Update Fixed Elements from Attack
Propagate Intrinsic Fault
Node NODO_11 has still failing due to Intrinsic Fault
pipeline ARCO_3 still has reduced capacity: 9.688 due to Intrinsic Fault
pipeline ARCO_90 still has reduced capacity: 1.6 due to Intrinsic Fault
pipeline ARCO_91 still has reduced capacity: 9.688 due to Intrinsic Fault
pipeline ARCO_92 still has reduced capacity: 39.328 due to Intrinsic Fault
pipeline V_EDGE_53_9 still has reduced capacity: 5.68 due to Intrinsic Fault
pipeline ARCO_20 still has reduced capacity: 1.6 due to Intrinsic Fault
pipeline ARCO_21 still has reduced capacity: 9.688 due to Intrinsic Fault
pipeline ARCO_22 still has reduced capacity: 39.328 due to Intrinsic Fault
pipeline ARCO_73 still has reduced capacity: 9.688 due to Intrinsic Fault
Propagate Heavy Faults
Propagate Attacks
Inject Intrinsic Failure To Source
Inject Heavy Fault To Sources
Inject Attack Multiple To Source
Inject Intrinsic Fault To Pipeline
Inject Heavy Fault To Pipeline
Inject Attack To Pipeline
----------- Statistics ------------
	Sources Under Attack: 0
	Sources with Heavy Fault: 0
	Sources with Intrinsic Fault: 1
	Arcs with reduce capacity due to Attack: 0
	Arcs with reduce capacity due to Heavy Fault: 0
	Arcs with reduce capacity due to Intrinsic Fault: 9
	Arcs with Attacks: 0
	Arcs with Heavy Fault: 0
	Arcs with Intrinsic Fault: 0
--------- SOURCES STATISTICS ---------------
Demand del real Source[0]: -31.0, flusso erogato: 11.397999999999998, flusso entrante: 0.0, efficienza: 36.76774193548387 %
Demand del real Source[8]: -10.5, flusso erogato: 3.8600000000000003, flusso entrante: 0.0, efficienza: 36.76190476190476 %
Demand del real Source[9]: -7.1, flusso erogato: 16.077999999999996, flusso entrante: 10.397999999999998, efficienza: 226.45070422535207 %
Demand del real Source[17]: -25.0, flusso erogato: 25.000000000000007, flusso entrante: 0.0, efficienza: 100.00000000000003 %
Flusso totale entrante nei Real Source: 10.397999999999998
Flusso totale uscente dai Real Source: 56.336000000000006
Flusso netto sui real Source: -45.93800000000001
--- SINKS STATISTICS ---
Sink 3 SODDISFATTO. Flusso netto: 3.43, Demand: 3.43, percentage: 100.0
Sink 4 SODDISFATTO. Flusso netto: 0.5700000000000003, Demand: 0.57, percentage: 100.00000000000007
Sink 5 SODDISFATTO. Flusso netto: 0.6600000000000001, Demand: 0.66, percentage: 100.00000000000003
Sink 11 SODDISFATTO. Flusso netto: 1.03, Demand: 1.03, percentage: 100.0
Sink 15 SODDISFATTO. Flusso netto: 0.46, Demand: 0.46, percentage: 100.0
Sink 16 SODDISFATTO. Flusso netto: 8.400000000000002, Demand: 8.4, percentage: 100.00000000000003
Sink 19 SODDISFATTO. Flusso netto: 0.5399999999999991, Demand: 0.54, percentage: 99.99999999999983
Sink 23 SODDISFATTO. Flusso netto: 0.5999999999999999, Demand: 0.6, percentage: 99.99999999999997
Sink 24 SODDISFATTO. Flusso netto: 0.8, Demand: 0.8, percentage: 100.0
Sink 25 SODDISFATTO. Flusso netto: 3.5, Demand: 3.5, percentage: 100.0
Sink 26 SODDISFATTO. Flusso netto: 6.000000000000002, Demand: 6.0, percentage: 100.00000000000003
Sink 28 SODDISFATTO. Flusso netto: 0.4, Demand: 0.4, percentage: 100.0
Sink 30 SODDISFATTO. Flusso netto: 0.9799999999999986, Demand: 0.98, percentage: 99.99999999999987
Sink 31 SODDISFATTO. Flusso netto: 0.4, Demand: 0.4, percentage: 100.0
Sink 32 SODDISFATTO. Flusso netto: 0.9999999999999996, Demand: 1.0, percentage: 99.99999999999996
Sink 34 SODDISFATTO. Flusso netto: 1.74, Demand: 1.74, percentage: 100.0
Sink 35 SODDISFATTO. Flusso netto: 1.3, Demand: 1.3, percentage: 100.0
Sink 37 SODDISFATTO. Flusso netto: 1.0, Demand: 1.0, percentage: 100.0
Sink 39 SODDISFATTO. Flusso netto: 0.4, Demand: 0.4, percentage: 100.0
Sink 40 SODDISFATTO. Flusso netto: 0.5, Demand: 0.5, percentage: 100.0
Sink 41 SODDISFATTO. Flusso netto: 1.0599999999999996, Demand: 1.06, percentage: 99.99999999999996
Sink 42 SODDISFATTO. Flusso netto: 2.8200000000000003, Demand: 2.82, percentage: 100.00000000000003
Sink 45 SODDISFATTO. Flusso netto: 0.68, Demand: 0.68, percentage: 100.0
Sink 46 SODDISFATTO. Flusso netto: 1.17, Demand: 1.17, percentage: 100.0
Sink 49 non è soddisfatto. Flusso netto: 6.497999999999999, Demand: 7.0, percentage: 92.82857142857142
Flusso totale entrante nei SINK: 95.24200000000002
Flusso totale uscente nei SINK: 49.304
Flusso totale netto nei SINK: 45.93800000000002
Total DEMAND dei SINK: 46.44
Percentual di flusso ai SINK: 0.989190353143842
Numero di Sink soddisfatti: 24.0, numero totale di sink: 25.0
Percentuale di Sink soddisfatti: 0.96

---------------------------------- DAY 202

Update Fixed Elements from Intrinsic Faults
Source NODO_11 fixed from Intrinsic Fault
Pipeline ARCO_3 fixed due to Source NODO_11 fixing from Intrinsic Fault
Pipeline ARCO_90 fixed due to Source NODO_11 fixing from Intrinsic Fault
Pipeline ARCO_91 fixed due to Source NODO_11 fixing from Intrinsic Fault
Pipeline ARCO_92 fixed due to Source NODO_11 fixing from Intrinsic Fault
Pipeline V_EDGE_53_9 fixed due to Source NODO_11 fixing from Intrinsic Fault
Pipeline ARCO_20 fixed due to Source NODO_11 fixing from Intrinsic Fault
Pipeline ARCO_21 fixed due to Source NODO_11 fixing from Intrinsic Fault
Pipeline ARCO_22 fixed due to Source NODO_11 fixing from Intrinsic Fault
Pipeline ARCO_73 fixed due to Source NODO_11 fixing from Intrinsic Fault
Update Fixed Elements from Heavy Faults
Update Fixed Elements from Attack
Propagate Intrinsic Fault
Propagate Heavy Faults
Propagate Attacks
Inject Intrinsic Failure To Source
Source NODO_19 is failing for an Intrinsic Fault in day: 202
pipeline ARCO_35 has reduced capacity due to NODO_19 Intrinsic fault
pipeline ARCO_109 has reduced capacity due to NODO_19 Intrinsic fault
pipeline ARCO_110 has reduced capacity due to NODO_19 Intrinsic fault
pipeline V_EDGE_53_17 has reduced capacity due to NODO_19 Intrinsic fault
pipeline ARCO_39 has reduced capacity due to NODO_19 Intrinsic fault
pipeline ARCO_40 has reduced capacity due to NODO_19 Intrinsic fault
pipeline ARCO_105 has reduced capacity due to NODO_19 Intrinsic fault
Inject Heavy Fault To Sources
Inject Attack Multiple To Source
Inject Intrinsic Fault To Pipeline
Inject Heavy Fault To Pipeline
Inject Attack To Pipeline
----------- Statistics ------------
	Sources Under Attack: 0
	Sources with Heavy Fault: 0
	Sources with Intrinsic Fault: 1
	Arcs with reduce capacity due to Attack: 0
	Arcs with reduce capacity due to Heavy Fault: 0
	Arcs with reduce capacity due to Intrinsic Fault: 7
	Arcs with Attacks: 0
	Arcs with Heavy Fault: 0
	Arcs with Intrinsic Fault: 0
--------- SOURCES STATISTICS ---------------
Demand del real Source[0]: -31.0, flusso erogato: 15.440000000000001, flusso entrante: 0.0, efficienza: 49.80645161290323 %
Demand del real Source[8]: -10.5, flusso erogato: 3.8600000000000003, flusso entrante: 0.0, efficienza: 36.76190476190476 %
Demand del real Source[9]: -7.1, flusso erogato: 21.54, flusso entrante: 14.440000000000001, efficienza: 303.38028169014086 %
Demand del real Source[17]: -25.0, flusso erogato: 0.0, flusso entrante: 0.0, efficienza: 0.0 %
Flusso totale entrante nei Real Source: 14.440000000000001
Flusso totale uscente dai Real Source: 40.84
Flusso netto sui real Source: -26.400000000000002
--- SINKS STATISTICS ---
Sink 3 SODDISFATTO. Flusso netto: 3.43, Demand: 3.43, percentage: 100.0
Sink 4 SODDISFATTO. Flusso netto: 0.5700000000000003, Demand: 0.57, percentage: 100.00000000000007
Sink 5 SODDISFATTO. Flusso netto: 0.6600000000000001, Demand: 0.66, percentage: 100.00000000000003
Sink 11 SODDISFATTO. Flusso netto: 1.03, Demand: 1.03, percentage: 100.0
Sink 15 SODDISFATTO. Flusso netto: 0.45999999999999996, Demand: 0.46, percentage: 99.99999999999999
Sink 16 non è soddisfatto. Flusso netto: 2.83, Demand: 8.4, percentage: 33.69047619047619
Sink 19 non è soddisfatto. Flusso netto: 0.0, Demand: 0.54, percentage: 0.0
Sink 23 non è soddisfatto. Flusso netto: 0.0, Demand: 0.6, percentage: 0.0
Sink 24 non è soddisfatto. Flusso netto: 0.0, Demand: 0.8, percentage: 0.0
Sink 25 non è soddisfatto. Flusso netto: 0.0, Demand: 3.5, percentage: 0.0
Sink 26 non è soddisfatto. Flusso netto: 0.0, Demand: 6.0, percentage: 0.0
Sink 28 non è soddisfatto. Flusso netto: 0.0, Demand: 0.4, percentage: 0.0
Sink 30 non è soddisfatto. Flusso netto: 0.0, Demand: 0.98, percentage: 0.0
Sink 31 non è soddisfatto. Flusso netto: 0.0, Demand: 0.4, percentage: 0.0
Sink 32 SODDISFATTO. Flusso netto: 1.0, Demand: 1.0, percentage: 100.0
Sink 34 SODDISFATTO. Flusso netto: 1.74, Demand: 1.74, percentage: 100.0
Sink 35 SODDISFATTO. Flusso netto: 1.3, Demand: 1.3, percentage: 100.0
Sink 37 SODDISFATTO. Flusso netto: 1.0, Demand: 1.0, percentage: 100.0
Sink 39 non è soddisfatto. Flusso netto: 0.0, Demand: 0.4, percentage: 0.0
Sink 40 non è soddisfatto. Flusso netto: 0.0, Demand: 0.5, percentage: 0.0
Sink 41 SODDISFATTO. Flusso netto: 1.0600000000000005, Demand: 1.06, percentage: 100.00000000000004
Sink 42 SODDISFATTO. Flusso netto: 2.8199999999999994, Demand: 2.82, percentage: 99.99999999999999
Sink 45 SODDISFATTO. Flusso netto: 0.68, Demand: 0.68, percentage: 100.0
Sink 46 SODDISFATTO. Flusso netto: 1.17, Demand: 1.17, percentage: 100.0
Sink 49 non è soddisfatto. Flusso netto: 6.6499999999999995, Demand: 7.0, percentage: 95.0
Flusso totale entrante nei SINK: 53.099999999999994
Flusso totale uscente nei SINK: 26.7
Flusso totale netto nei SINK: 26.399999999999995
Total DEMAND dei SINK: 46.44
Percentual di flusso ai SINK: 0.5684754521963824
Numero di Sink soddisfatti: 13.0, numero totale di sink: 25.0
Percentuale di Sink soddisfatti: 0.52

---------------------------------- DAY 203

Update Fixed Elements from Intrinsic Faults
Update Fixed Elements from Heavy Faults
Update Fixed Elements from Attack
Propagate Intrinsic Fault
Node NODO_19 has still failing due to Intrinsic Fault
pipeline ARCO_35 still has reduced capacity: 0.0 due to Intrinsic Fault
pipeline ARCO_109 still has reduced capacity: 0.0 due to Intrinsic Fault
pipeline ARCO_110 still has reduced capacity: 0.0 due to Intrinsic Fault
pipeline V_EDGE_53_17 still has reduced capacity: 0.0 due to Intrinsic Fault
pipeline ARCO_39 still has reduced capacity: 0.0 due to Intrinsic Fault
pipeline ARCO_40 still has reduced capacity: 0.0 due to Intrinsic Fault
pipeline ARCO_105 still has reduced capacity: 0.0 due to Intrinsic Fault
Propagate Heavy Faults
Propagate Attacks
Inject Intrinsic Failure To Source
Source NODO_11 is failing for an Intrinsic Fault in day: 203
pipeline ARCO_3 has reduced capacity due to NODO_11 Intrinsic fault
pipeline ARCO_90 has reduced capacity due to NODO_11 Intrinsic fault
pipeline ARCO_91 has reduced capacity due to NODO_11 Intrinsic fault
pipeline ARCO_92 has reduced capacity due to NODO_11 Intrinsic fault
pipeline V_EDGE_53_9 has reduced capacity due to NODO_11 Intrinsic fault
pipeline ARCO_20 has reduced capacity due to NODO_11 Intrinsic fault
pipeline ARCO_21 has reduced capacity due to NODO_11 Intrinsic fault
pipeline ARCO_22 has reduced capacity due to NODO_11 Intrinsic fault
pipeline ARCO_73 has reduced capacity due to NODO_11 Intrinsic fault
Inject Heavy Fault To Sources
Inject Attack Multiple To Source
Inject Intrinsic Fault To Pipeline
Inject Heavy Fault To Pipeline
Inject Attack To Pipeline
----------- Statistics ------------
	Sources Under Attack: 0
	Sources with Heavy Fault: 0
	Sources with Intrinsic Fault: 2
	Arcs with reduce capacity due to Attack: 0
	Arcs with reduce capacity due to Heavy Fault: 0
	Arcs with reduce capacity due to Intrinsic Fault: 16
	Arcs with Attacks: 0
	Arcs with Heavy Fault: 0
	Arcs with Intrinsic Fault: 0
--------- SOURCES STATISTICS ---------------
Demand del real Source[0]: -31.0, flusso erogato: 16.296, flusso entrante: 0.0, efficienza: 52.567741935483866 %
Demand del real Source[8]: -10.5, flusso erogato: 4.2719999999999985, flusso entrante: 0.0, efficienza: 40.68571428571427 %
Demand del real Source[9]: -7.1, flusso erogato: 20.976, flusso entrante: 15.296000000000001, efficienza: 295.4366197183099 %
Demand del real Source[17]: -25.0, flusso erogato: 0.0, flusso entrante: 0.0, efficienza: 0.0 %
Flusso totale entrante nei Real Source: 15.296000000000001
Flusso totale uscente dai Real Source: 41.544000000000004
Flusso netto sui real Source: -26.248000000000005
--- SINKS STATISTICS ---
Sink 3 SODDISFATTO. Flusso netto: 3.43, Demand: 3.43, percentage: 100.0
Sink 4 SODDISFATTO. Flusso netto: 0.5700000000000003, Demand: 0.57, percentage: 100.00000000000007
Sink 5 SODDISFATTO. Flusso netto: 0.6600000000000001, Demand: 0.66, percentage: 100.00000000000003
Sink 11 SODDISFATTO. Flusso netto: 1.03, Demand: 1.03, percentage: 100.0
Sink 15 SODDISFATTO. Flusso netto: 0.45999999999999996, Demand: 0.46, percentage: 99.99999999999999
Sink 16 non è soddisfatto. Flusso netto: 2.83, Demand: 8.4, percentage: 33.69047619047619
Sink 19 non è soddisfatto. Flusso netto: 0.0, Demand: 0.54, percentage: 0.0
Sink 23 non è soddisfatto. Flusso netto: 0.0, Demand: 0.6, percentage: 0.0
Sink 24 non è soddisfatto. Flusso netto: 0.0, Demand: 0.8, percentage: 0.0
Sink 25 non è soddisfatto. Flusso netto: 0.0, Demand: 3.5, percentage: 0.0
Sink 26 non è soddisfatto. Flusso netto: 0.0, Demand: 6.0, percentage: 0.0
Sink 28 non è soddisfatto. Flusso netto: 0.0, Demand: 0.4, percentage: 0.0
Sink 30 non è soddisfatto. Flusso netto: 0.0, Demand: 0.98, percentage: 0.0
Sink 31 non è soddisfatto. Flusso netto: 0.0, Demand: 0.4, percentage: 0.0
Sink 32 SODDISFATTO. Flusso netto: 1.0000000000000009, Demand: 1.0, percentage: 100.00000000000009
Sink 34 SODDISFATTO. Flusso netto: 1.74, Demand: 1.74, percentage: 100.0
Sink 35 SODDISFATTO. Flusso netto: 1.3, Demand: 1.3, percentage: 100.0
Sink 37 SODDISFATTO. Flusso netto: 1.0, Demand: 1.0, percentage: 100.0
Sink 39 non è soddisfatto. Flusso netto: 0.0, Demand: 0.4, percentage: 0.0
Sink 40 non è soddisfatto. Flusso netto: 0.0, Demand: 0.5, percentage: 0.0
Sink 41 SODDISFATTO. Flusso netto: 1.0599999999999987, Demand: 1.06, percentage: 99.99999999999987
Sink 42 SODDISFATTO. Flusso netto: 2.8200000000000003, Demand: 2.82, percentage: 100.00000000000003
Sink 45 SODDISFATTO. Flusso netto: 0.68, Demand: 0.68, percentage: 100.0
Sink 46 SODDISFATTO. Flusso netto: 1.17, Demand: 1.17, percentage: 100.0
Sink 49 non è soddisfatto. Flusso netto: 6.497999999999999, Demand: 7.0, percentage: 92.82857142857142
Flusso totale entrante nei SINK: 55.32000000000001
Flusso totale uscente nei SINK: 29.072
Flusso totale netto nei SINK: 26.248000000000008
Total DEMAND dei SINK: 46.44
Percentual di flusso ai SINK: 0.5652024117140398
Numero di Sink soddisfatti: 13.0, numero totale di sink: 25.0
Percentuale di Sink soddisfatti: 0.52

---------------------------------- DAY 204

Update Fixed Elements from Intrinsic Faults
Update Fixed Elements from Heavy Faults
Update Fixed Elements from Attack
Propagate Intrinsic Fault
Node NODO_19 has still failing due to Intrinsic Fault
Node NODO_11 has still failing due to Intrinsic Fault
pipeline ARCO_35 still has reduced capacity: 0.0 due to Intrinsic Fault
pipeline ARCO_109 still has reduced capacity: 0.0 due to Intrinsic Fault
pipeline ARCO_110 still has reduced capacity: 0.0 due to Intrinsic Fault
pipeline V_EDGE_53_17 still has reduced capacity: 0.0 due to Intrinsic Fault
pipeline ARCO_39 still has reduced capacity: 0.0 due to Intrinsic Fault
pipeline ARCO_40 still has reduced capacity: 0.0 due to Intrinsic Fault
pipeline ARCO_105 still has reduced capacity: 0.0 due to Intrinsic Fault
pipeline ARCO_3 still has reduced capacity: 9.688 due to Intrinsic Fault
pipeline ARCO_90 still has reduced capacity: 1.6 due to Intrinsic Fault
pipeline ARCO_91 still has reduced capacity: 9.688 due to Intrinsic Fault
pipeline ARCO_92 still has reduced capacity: 39.328 due to Intrinsic Fault
pipeline V_EDGE_53_9 still has reduced capacity: 5.68 due to Intrinsic Fault
pipeline ARCO_20 still has reduced capacity: 1.6 due to Intrinsic Fault
pipeline ARCO_21 still has reduced capacity: 9.688 due to Intrinsic Fault
pipeline ARCO_22 still has reduced capacity: 39.328 due to Intrinsic Fault
pipeline ARCO_73 still has reduced capacity: 9.688 due to Intrinsic Fault
Propagate Heavy Faults
Propagate Attacks
Inject Intrinsic Failure To Source
Inject Heavy Fault To Sources
Inject Attack Multiple To Source
Inject Intrinsic Fault To Pipeline
Inject Heavy Fault To Pipeline
Inject Attack To Pipeline
----------- Statistics ------------
	Sources Under Attack: 0
	Sources with Heavy Fault: 0
	Sources with Intrinsic Fault: 2
	Arcs with reduce capacity due to Attack: 0
	Arcs with reduce capacity due to Heavy Fault: 0
	Arcs with reduce capacity due to Intrinsic Fault: 16
	Arcs with Attacks: 0
	Arcs with Heavy Fault: 0
	Arcs with Intrinsic Fault: 0
--------- SOURCES STATISTICS ---------------
Demand del real Source[0]: -31.0, flusso erogato: 16.296, flusso entrante: 0.0, efficienza: 52.567741935483866 %
Demand del real Source[8]: -10.5, flusso erogato: 4.2719999999999985, flusso entrante: 0.0, efficienza: 40.68571428571427 %
Demand del real Source[9]: -7.1, flusso erogato: 20.976, flusso entrante: 15.296000000000001, efficienza: 295.4366197183099 %
Demand del real Source[17]: -25.0, flusso erogato: 0.0, flusso entrante: 0.0, efficienza: 0.0 %
Flusso totale entrante nei Real Source: 15.296000000000001
Flusso totale uscente dai Real Source: 41.544000000000004
Flusso netto sui real Source: -26.248000000000005
--- SINKS STATISTICS ---
Sink 3 SODDISFATTO. Flusso netto: 3.43, Demand: 3.43, percentage: 100.0
Sink 4 SODDISFATTO. Flusso netto: 0.5700000000000003, Demand: 0.57, percentage: 100.00000000000007
Sink 5 SODDISFATTO. Flusso netto: 0.6600000000000001, Demand: 0.66, percentage: 100.00000000000003
Sink 11 SODDISFATTO. Flusso netto: 1.03, Demand: 1.03, percentage: 100.0
Sink 15 SODDISFATTO. Flusso netto: 0.45999999999999996, Demand: 0.46, percentage: 99.99999999999999
Sink 16 non è soddisfatto. Flusso netto: 2.83, Demand: 8.4, percentage: 33.69047619047619
Sink 19 non è soddisfatto. Flusso netto: 0.0, Demand: 0.54, percentage: 0.0
Sink 23 non è soddisfatto. Flusso netto: 0.0, Demand: 0.6, percentage: 0.0
Sink 24 non è soddisfatto. Flusso netto: 0.0, Demand: 0.8, percentage: 0.0
Sink 25 non è soddisfatto. Flusso netto: 0.0, Demand: 3.5, percentage: 0.0
Sink 26 non è soddisfatto. Flusso netto: 0.0, Demand: 6.0, percentage: 0.0
Sink 28 non è soddisfatto. Flusso netto: 0.0, Demand: 0.4, percentage: 0.0
Sink 30 non è soddisfatto. Flusso netto: 0.0, Demand: 0.98, percentage: 0.0
Sink 31 non è soddisfatto. Flusso netto: 0.0, Demand: 0.4, percentage: 0.0
Sink 32 SODDISFATTO. Flusso netto: 1.0000000000000009, Demand: 1.0, percentage: 100.00000000000009
Sink 34 SODDISFATTO. Flusso netto: 1.74, Demand: 1.74, percentage: 100.0
Sink 35 SODDISFATTO. Flusso netto: 1.3, Demand: 1.3, percentage: 100.0
Sink 37 SODDISFATTO. Flusso netto: 1.0, Demand: 1.0, percentage: 100.0
Sink 39 non è soddisfatto. Flusso netto: 0.0, Demand: 0.4, percentage: 0.0
Sink 40 non è soddisfatto. Flusso netto: 0.0, Demand: 0.5, percentage: 0.0
Sink 41 SODDISFATTO. Flusso netto: 1.0599999999999987, Demand: 1.06, percentage: 99.99999999999987
Sink 42 SODDISFATTO. Flusso netto: 2.8200000000000003, Demand: 2.82, percentage: 100.00000000000003
Sink 45 SODDISFATTO. Flusso netto: 0.68, Demand: 0.68, percentage: 100.0
Sink 46 SODDISFATTO. Flusso netto: 1.17, Demand: 1.17, percentage: 100.0
Sink 49 non è soddisfatto. Flusso netto: 6.497999999999999, Demand: 7.0, percentage: 92.82857142857142
Flusso totale entrante nei SINK: 55.32000000000001
Flusso totale uscente nei SINK: 29.072
Flusso totale netto nei SINK: 26.248000000000008
Total DEMAND dei SINK: 46.44
Percentual di flusso ai SINK: 0.5652024117140398
Numero di Sink soddisfatti: 13.0, numero totale di sink: 25.0
Percentuale di Sink soddisfatti: 0.52

---------------------------------- DAY 205

Update Fixed Elements from Intrinsic Faults
Update Fixed Elements from Heavy Faults
Update Fixed Elements from Attack
Propagate Intrinsic Fault
Node NODO_19 has still failing due to Intrinsic Fault
Node NODO_11 has still failing due to Intrinsic Fault
pipeline ARCO_35 still has reduced capacity: 0.0 due to Intrinsic Fault
pipeline ARCO_109 still has reduced capacity: 0.0 due to Intrinsic Fault
pipeline ARCO_110 still has reduced capacity: 0.0 due to Intrinsic Fault
pipeline V_EDGE_53_17 still has reduced capacity: 0.0 due to Intrinsic Fault
pipeline ARCO_39 still has reduced capacity: 0.0 due to Intrinsic Fault
pipeline ARCO_40 still has reduced capacity: 0.0 due to Intrinsic Fault
pipeline ARCO_105 still has reduced capacity: 0.0 due to Intrinsic Fault
pipeline ARCO_3 still has reduced capacity: 9.688 due to Intrinsic Fault
pipeline ARCO_90 still has reduced capacity: 1.6 due to Intrinsic Fault
pipeline ARCO_91 still has reduced capacity: 9.688 due to Intrinsic Fault
pipeline ARCO_92 still has reduced capacity: 39.328 due to Intrinsic Fault
pipeline V_EDGE_53_9 still has reduced capacity: 5.68 due to Intrinsic Fault
pipeline ARCO_20 still has reduced capacity: 1.6 due to Intrinsic Fault
pipeline ARCO_21 still has reduced capacity: 9.688 due to Intrinsic Fault
pipeline ARCO_22 still has reduced capacity: 39.328 due to Intrinsic Fault
pipeline ARCO_73 still has reduced capacity: 9.688 due to Intrinsic Fault
Propagate Heavy Faults
Propagate Attacks
Inject Intrinsic Failure To Source
Inject Heavy Fault To Sources
Inject Attack Multiple To Source
Inject Intrinsic Fault To Pipeline
Inject Heavy Fault To Pipeline
Inject Attack To Pipeline
----------- Statistics ------------
	Sources Under Attack: 0
	Sources with Heavy Fault: 0
	Sources with Intrinsic Fault: 2
	Arcs with reduce capacity due to Attack: 0
	Arcs with reduce capacity due to Heavy Fault: 0
	Arcs with reduce capacity due to Intrinsic Fault: 16
	Arcs with Attacks: 0
	Arcs with Heavy Fault: 0
	Arcs with Intrinsic Fault: 0
--------- SOURCES STATISTICS ---------------
Demand del real Source[0]: -31.0, flusso erogato: 16.296, flusso entrante: 0.0, efficienza: 52.567741935483866 %
Demand del real Source[8]: -10.5, flusso erogato: 4.2719999999999985, flusso entrante: 0.0, efficienza: 40.68571428571427 %
Demand del real Source[9]: -7.1, flusso erogato: 20.976, flusso entrante: 15.296000000000001, efficienza: 295.4366197183099 %
Demand del real Source[17]: -25.0, flusso erogato: 0.0, flusso entrante: 0.0, efficienza: 0.0 %
Flusso totale entrante nei Real Source: 15.296000000000001
Flusso totale uscente dai Real Source: 41.544000000000004
Flusso netto sui real Source: -26.248000000000005
--- SINKS STATISTICS ---
Sink 3 SODDISFATTO. Flusso netto: 3.43, Demand: 3.43, percentage: 100.0
Sink 4 SODDISFATTO. Flusso netto: 0.5700000000000003, Demand: 0.57, percentage: 100.00000000000007
Sink 5 SODDISFATTO. Flusso netto: 0.6600000000000001, Demand: 0.66, percentage: 100.00000000000003
Sink 11 SODDISFATTO. Flusso netto: 1.03, Demand: 1.03, percentage: 100.0
Sink 15 SODDISFATTO. Flusso netto: 0.45999999999999996, Demand: 0.46, percentage: 99.99999999999999
Sink 16 non è soddisfatto. Flusso netto: 2.83, Demand: 8.4, percentage: 33.69047619047619
Sink 19 non è soddisfatto. Flusso netto: 0.0, Demand: 0.54, percentage: 0.0
Sink 23 non è soddisfatto. Flusso netto: 0.0, Demand: 0.6, percentage: 0.0
Sink 24 non è soddisfatto. Flusso netto: 0.0, Demand: 0.8, percentage: 0.0
Sink 25 non è soddisfatto. Flusso netto: 0.0, Demand: 3.5, percentage: 0.0
Sink 26 non è soddisfatto. Flusso netto: 0.0, Demand: 6.0, percentage: 0.0
Sink 28 non è soddisfatto. Flusso netto: 0.0, Demand: 0.4, percentage: 0.0
Sink 30 non è soddisfatto. Flusso netto: 0.0, Demand: 0.98, percentage: 0.0
Sink 31 non è soddisfatto. Flusso netto: 0.0, Demand: 0.4, percentage: 0.0
Sink 32 SODDISFATTO. Flusso netto: 1.0000000000000009, Demand: 1.0, percentage: 100.00000000000009
Sink 34 SODDISFATTO. Flusso netto: 1.74, Demand: 1.74, percentage: 100.0
Sink 35 SODDISFATTO. Flusso netto: 1.3, Demand: 1.3, percentage: 100.0
Sink 37 SODDISFATTO. Flusso netto: 1.0, Demand: 1.0, percentage: 100.0
Sink 39 non è soddisfatto. Flusso netto: 0.0, Demand: 0.4, percentage: 0.0
Sink 40 non è soddisfatto. Flusso netto: 0.0, Demand: 0.5, percentage: 0.0
Sink 41 SODDISFATTO. Flusso netto: 1.0599999999999987, Demand: 1.06, percentage: 99.99999999999987
Sink 42 SODDISFATTO. Flusso netto: 2.8200000000000003, Demand: 2.82, percentage: 100.00000000000003
Sink 45 SODDISFATTO. Flusso netto: 0.68, Demand: 0.68, percentage: 100.0
Sink 46 SODDISFATTO. Flusso netto: 1.17, Demand: 1.17, percentage: 100.0
Sink 49 non è soddisfatto. Flusso netto: 6.497999999999999, Demand: 7.0, percentage: 92.82857142857142
Flusso totale entrante nei SINK: 55.32000000000001
Flusso totale uscente nei SINK: 29.072
Flusso totale netto nei SINK: 26.248000000000008
Total DEMAND dei SINK: 46.44
Percentual di flusso ai SINK: 0.5652024117140398
Numero di Sink soddisfatti: 13.0, numero totale di sink: 25.0
Percentuale di Sink soddisfatti: 0.52

---------------------------------- DAY 206

Update Fixed Elements from Intrinsic Faults
Source NODO_19 fixed from Intrinsic Fault
Pipeline ARCO_35 fixed due to Source NODO_19 fixing from Intrinsic Fault
Pipeline ARCO_109 fixed due to Source NODO_19 fixing from Intrinsic Fault
Pipeline ARCO_110 fixed due to Source NODO_19 fixing from Intrinsic Fault
Pipeline V_EDGE_53_17 fixed due to Source NODO_19 fixing from Intrinsic Fault
Pipeline ARCO_39 fixed due to Source NODO_19 fixing from Intrinsic Fault
Pipeline ARCO_40 fixed due to Source NODO_19 fixing from Intrinsic Fault
Pipeline ARCO_105 fixed due to Source NODO_19 fixing from Intrinsic Fault
Source NODO_11 fixed from Intrinsic Fault
Pipeline ARCO_3 fixed due to Source NODO_11 fixing from Intrinsic Fault
Pipeline ARCO_90 fixed due to Source NODO_11 fixing from Intrinsic Fault
Pipeline ARCO_91 fixed due to Source NODO_11 fixing from Intrinsic Fault
Pipeline ARCO_92 fixed due to Source NODO_11 fixing from Intrinsic Fault
Pipeline V_EDGE_53_9 fixed due to Source NODO_11 fixing from Intrinsic Fault
Pipeline ARCO_20 fixed due to Source NODO_11 fixing from Intrinsic Fault
Pipeline ARCO_21 fixed due to Source NODO_11 fixing from Intrinsic Fault
Pipeline ARCO_22 fixed due to Source NODO_11 fixing from Intrinsic Fault
Pipeline ARCO_73 fixed due to Source NODO_11 fixing from Intrinsic Fault
Update Fixed Elements from Heavy Faults
Update Fixed Elements from Attack
Propagate Intrinsic Fault
Propagate Heavy Faults
Propagate Attacks
Inject Intrinsic Failure To Source
Inject Heavy Fault To Sources
Inject Attack Multiple To Source
Inject Intrinsic Fault To Pipeline
Inject Heavy Fault To Pipeline
Inject Attack To Pipeline
----------- Statistics ------------
	Sources Under Attack: 0
	Sources with Heavy Fault: 0
	Sources with Intrinsic Fault: 0
	Arcs with reduce capacity due to Attack: 0
	Arcs with reduce capacity due to Heavy Fault: 0
	Arcs with reduce capacity due to Intrinsic Fault: 0
	Arcs with Attacks: 0
	Arcs with Heavy Fault: 0
	Arcs with Intrinsic Fault: 0
--------- SOURCES STATISTICS ---------------
Demand del real Source[0]: -31.0, flusso erogato: 10.129999999999997, flusso entrante: 0.0, efficienza: 32.6774193548387 %
Demand del real Source[8]: -10.5, flusso erogato: 3.8600000000000003, flusso entrante: 0.0, efficienza: 36.76190476190476 %
Demand del real Source[9]: -7.1, flusso erogato: 16.229999999999997, flusso entrante: 9.129999999999997, efficienza: 228.59154929577463 %
Demand del real Source[17]: -25.0, flusso erogato: 25.000000000000007, flusso entrante: 0.0, efficienza: 100.00000000000003 %
Flusso totale entrante nei Real Source: 9.129999999999997
Flusso totale uscente dai Real Source: 55.220000000000006
Flusso netto sui real Source: -46.09000000000001
--- SINKS STATISTICS ---
Sink 3 SODDISFATTO. Flusso netto: 3.43, Demand: 3.43, percentage: 100.0
Sink 4 SODDISFATTO. Flusso netto: 0.5700000000000003, Demand: 0.57, percentage: 100.00000000000007
Sink 5 SODDISFATTO. Flusso netto: 0.6600000000000001, Demand: 0.66, percentage: 100.00000000000003
Sink 11 SODDISFATTO. Flusso netto: 1.03, Demand: 1.03, percentage: 100.0
Sink 15 SODDISFATTO. Flusso netto: 0.46, Demand: 0.46, percentage: 100.0
Sink 16 SODDISFATTO. Flusso netto: 8.400000000000002, Demand: 8.4, percentage: 100.00000000000003
Sink 19 SODDISFATTO. Flusso netto: 0.5399999999999991, Demand: 0.54, percentage: 99.99999999999983
Sink 23 SODDISFATTO. Flusso netto: 0.5999999999999999, Demand: 0.6, percentage: 99.99999999999997
Sink 24 SODDISFATTO. Flusso netto: 0.8, Demand: 0.8, percentage: 100.0
Sink 25 SODDISFATTO. Flusso netto: 3.5, Demand: 3.5, percentage: 100.0
Sink 26 SODDISFATTO. Flusso netto: 6.000000000000002, Demand: 6.0, percentage: 100.00000000000003
Sink 28 SODDISFATTO. Flusso netto: 0.4, Demand: 0.4, percentage: 100.0
Sink 30 SODDISFATTO. Flusso netto: 0.9799999999999986, Demand: 0.98, percentage: 99.99999999999987
Sink 31 SODDISFATTO. Flusso netto: 0.4, Demand: 0.4, percentage: 100.0
Sink 32 SODDISFATTO. Flusso netto: 0.9999999999999996, Demand: 1.0, percentage: 99.99999999999996
Sink 34 SODDISFATTO. Flusso netto: 1.74, Demand: 1.74, percentage: 100.0
Sink 35 SODDISFATTO. Flusso netto: 1.3, Demand: 1.3, percentage: 100.0
Sink 37 SODDISFATTO. Flusso netto: 1.0, Demand: 1.0, percentage: 100.0
Sink 39 SODDISFATTO. Flusso netto: 0.4, Demand: 0.4, percentage: 100.0
Sink 40 SODDISFATTO. Flusso netto: 0.5, Demand: 0.5, percentage: 100.0
Sink 41 SODDISFATTO. Flusso netto: 1.06, Demand: 1.06, percentage: 100.0
Sink 42 SODDISFATTO. Flusso netto: 2.8199999999999994, Demand: 2.82, percentage: 99.99999999999999
Sink 45 SODDISFATTO. Flusso netto: 0.68, Demand: 0.68, percentage: 100.0
Sink 46 SODDISFATTO. Flusso netto: 1.17, Demand: 1.17, percentage: 100.0
Sink 49 non è soddisfatto. Flusso netto: 6.6499999999999995, Demand: 7.0, percentage: 95.0
Flusso totale entrante nei SINK: 92.61000000000001
Flusso totale uscente nei SINK: 46.52
Flusso totale netto nei SINK: 46.09000000000001
Total DEMAND dei SINK: 46.44
Percentual di flusso ai SINK: 0.9924633936261846
Numero di Sink soddisfatti: 24.0, numero totale di sink: 25.0
Percentuale di Sink soddisfatti: 0.96

---------------------------------- DAY 207

Update Fixed Elements from Intrinsic Faults
Update Fixed Elements from Heavy Faults
Update Fixed Elements from Attack
Propagate Intrinsic Fault
Propagate Heavy Faults
Propagate Attacks
Inject Intrinsic Failure To Source
Inject Heavy Fault To Sources
Inject Attack Multiple To Source
Inject Intrinsic Fault To Pipeline
Inject Heavy Fault To Pipeline
Inject Attack To Pipeline
----------- Statistics ------------
	Sources Under Attack: 0
	Sources with Heavy Fault: 0
	Sources with Intrinsic Fault: 0
	Arcs with reduce capacity due to Attack: 0
	Arcs with reduce capacity due to Heavy Fault: 0
	Arcs with reduce capacity due to Intrinsic Fault: 0
	Arcs with Attacks: 0
	Arcs with Heavy Fault: 0
	Arcs with Intrinsic Fault: 0
--------- SOURCES STATISTICS ---------------
Demand del real Source[0]: -31.0, flusso erogato: 10.129999999999997, flusso entrante: 0.0, efficienza: 32.6774193548387 %
Demand del real Source[8]: -10.5, flusso erogato: 3.8600000000000003, flusso entrante: 0.0, efficienza: 36.76190476190476 %
Demand del real Source[9]: -7.1, flusso erogato: 16.229999999999997, flusso entrante: 9.129999999999997, efficienza: 228.59154929577463 %
Demand del real Source[17]: -25.0, flusso erogato: 25.000000000000007, flusso entrante: 0.0, efficienza: 100.00000000000003 %
Flusso totale entrante nei Real Source: 9.129999999999997
Flusso totale uscente dai Real Source: 55.220000000000006
Flusso netto sui real Source: -46.09000000000001
--- SINKS STATISTICS ---
Sink 3 SODDISFATTO. Flusso netto: 3.43, Demand: 3.43, percentage: 100.0
Sink 4 SODDISFATTO. Flusso netto: 0.5700000000000003, Demand: 0.57, percentage: 100.00000000000007
Sink 5 SODDISFATTO. Flusso netto: 0.6600000000000001, Demand: 0.66, percentage: 100.00000000000003
Sink 11 SODDISFATTO. Flusso netto: 1.03, Demand: 1.03, percentage: 100.0
Sink 15 SODDISFATTO. Flusso netto: 0.46, Demand: 0.46, percentage: 100.0
Sink 16 SODDISFATTO. Flusso netto: 8.400000000000002, Demand: 8.4, percentage: 100.00000000000003
Sink 19 SODDISFATTO. Flusso netto: 0.5399999999999991, Demand: 0.54, percentage: 99.99999999999983
Sink 23 SODDISFATTO. Flusso netto: 0.5999999999999999, Demand: 0.6, percentage: 99.99999999999997
Sink 24 SODDISFATTO. Flusso netto: 0.8, Demand: 0.8, percentage: 100.0
Sink 25 SODDISFATTO. Flusso netto: 3.5, Demand: 3.5, percentage: 100.0
Sink 26 SODDISFATTO. Flusso netto: 6.000000000000002, Demand: 6.0, percentage: 100.00000000000003
Sink 28 SODDISFATTO. Flusso netto: 0.4, Demand: 0.4, percentage: 100.0
Sink 30 SODDISFATTO. Flusso netto: 0.9799999999999986, Demand: 0.98, percentage: 99.99999999999987
Sink 31 SODDISFATTO. Flusso netto: 0.4, Demand: 0.4, percentage: 100.0
Sink 32 SODDISFATTO. Flusso netto: 0.9999999999999996, Demand: 1.0, percentage: 99.99999999999996
Sink 34 SODDISFATTO. Flusso netto: 1.74, Demand: 1.74, percentage: 100.0
Sink 35 SODDISFATTO. Flusso netto: 1.3, Demand: 1.3, percentage: 100.0
Sink 37 SODDISFATTO. Flusso netto: 1.0, Demand: 1.0, percentage: 100.0
Sink 39 SODDISFATTO. Flusso netto: 0.4, Demand: 0.4, percentage: 100.0
Sink 40 SODDISFATTO. Flusso netto: 0.5, Demand: 0.5, percentage: 100.0
Sink 41 SODDISFATTO. Flusso netto: 1.06, Demand: 1.06, percentage: 100.0
Sink 42 SODDISFATTO. Flusso netto: 2.8199999999999994, Demand: 2.82, percentage: 99.99999999999999
Sink 45 SODDISFATTO. Flusso netto: 0.68, Demand: 0.68, percentage: 100.0
Sink 46 SODDISFATTO. Flusso netto: 1.17, Demand: 1.17, percentage: 100.0
Sink 49 non è soddisfatto. Flusso netto: 6.6499999999999995, Demand: 7.0, percentage: 95.0
Flusso totale entrante nei SINK: 92.61000000000001
Flusso totale uscente nei SINK: 46.52
Flusso totale netto nei SINK: 46.09000000000001
Total DEMAND dei SINK: 46.44
Percentual di flusso ai SINK: 0.9924633936261846
Numero di Sink soddisfatti: 24.0, numero totale di sink: 25.0
Percentuale di Sink soddisfatti: 0.96

---------------------------------- DAY 208

Update Fixed Elements from Intrinsic Faults
Update Fixed Elements from Heavy Faults
Update Fixed Elements from Attack
Propagate Intrinsic Fault
Propagate Heavy Faults
Propagate Attacks
Inject Intrinsic Failure To Source
Source NODO_11 is failing for an Intrinsic Fault in day: 208
pipeline ARCO_3 has reduced capacity due to NODO_11 Intrinsic fault
pipeline ARCO_90 has reduced capacity due to NODO_11 Intrinsic fault
pipeline ARCO_91 has reduced capacity due to NODO_11 Intrinsic fault
pipeline ARCO_92 has reduced capacity due to NODO_11 Intrinsic fault
pipeline V_EDGE_53_9 has reduced capacity due to NODO_11 Intrinsic fault
pipeline ARCO_20 has reduced capacity due to NODO_11 Intrinsic fault
pipeline ARCO_21 has reduced capacity due to NODO_11 Intrinsic fault
pipeline ARCO_22 has reduced capacity due to NODO_11 Intrinsic fault
pipeline ARCO_73 has reduced capacity due to NODO_11 Intrinsic fault
Inject Heavy Fault To Sources
Inject Attack Multiple To Source
Inject Intrinsic Fault To Pipeline
Inject Heavy Fault To Pipeline
Inject Attack To Pipeline
----------- Statistics ------------
	Sources Under Attack: 0
	Sources with Heavy Fault: 0
	Sources with Intrinsic Fault: 1
	Arcs with reduce capacity due to Attack: 0
	Arcs with reduce capacity due to Heavy Fault: 0
	Arcs with reduce capacity due to Intrinsic Fault: 9
	Arcs with Attacks: 0
	Arcs with Heavy Fault: 0
	Arcs with Intrinsic Fault: 0
--------- SOURCES STATISTICS ---------------
Demand del real Source[0]: -31.0, flusso erogato: 11.397999999999998, flusso entrante: 0.0, efficienza: 36.76774193548387 %
Demand del real Source[8]: -10.5, flusso erogato: 3.8600000000000003, flusso entrante: 0.0, efficienza: 36.76190476190476 %
Demand del real Source[9]: -7.1, flusso erogato: 16.077999999999996, flusso entrante: 10.397999999999998, efficienza: 226.45070422535207 %
Demand del real Source[17]: -25.0, flusso erogato: 25.000000000000007, flusso entrante: 0.0, efficienza: 100.00000000000003 %
Flusso totale entrante nei Real Source: 10.397999999999998
Flusso totale uscente dai Real Source: 56.336000000000006
Flusso netto sui real Source: -45.93800000000001
--- SINKS STATISTICS ---
Sink 3 SODDISFATTO. Flusso netto: 3.43, Demand: 3.43, percentage: 100.0
Sink 4 SODDISFATTO. Flusso netto: 0.5700000000000003, Demand: 0.57, percentage: 100.00000000000007
Sink 5 SODDISFATTO. Flusso netto: 0.6600000000000001, Demand: 0.66, percentage: 100.00000000000003
Sink 11 SODDISFATTO. Flusso netto: 1.03, Demand: 1.03, percentage: 100.0
Sink 15 SODDISFATTO. Flusso netto: 0.46, Demand: 0.46, percentage: 100.0
Sink 16 SODDISFATTO. Flusso netto: 8.400000000000002, Demand: 8.4, percentage: 100.00000000000003
Sink 19 SODDISFATTO. Flusso netto: 0.5399999999999991, Demand: 0.54, percentage: 99.99999999999983
Sink 23 SODDISFATTO. Flusso netto: 0.5999999999999999, Demand: 0.6, percentage: 99.99999999999997
Sink 24 SODDISFATTO. Flusso netto: 0.8, Demand: 0.8, percentage: 100.0
Sink 25 SODDISFATTO. Flusso netto: 3.5, Demand: 3.5, percentage: 100.0
Sink 26 SODDISFATTO. Flusso netto: 6.000000000000002, Demand: 6.0, percentage: 100.00000000000003
Sink 28 SODDISFATTO. Flusso netto: 0.4, Demand: 0.4, percentage: 100.0
Sink 30 SODDISFATTO. Flusso netto: 0.9799999999999986, Demand: 0.98, percentage: 99.99999999999987
Sink 31 SODDISFATTO. Flusso netto: 0.4, Demand: 0.4, percentage: 100.0
Sink 32 SODDISFATTO. Flusso netto: 0.9999999999999996, Demand: 1.0, percentage: 99.99999999999996
Sink 34 SODDISFATTO. Flusso netto: 1.74, Demand: 1.74, percentage: 100.0
Sink 35 SODDISFATTO. Flusso netto: 1.3, Demand: 1.3, percentage: 100.0
Sink 37 SODDISFATTO. Flusso netto: 1.0, Demand: 1.0, percentage: 100.0
Sink 39 SODDISFATTO. Flusso netto: 0.4, Demand: 0.4, percentage: 100.0
Sink 40 SODDISFATTO. Flusso netto: 0.5, Demand: 0.5, percentage: 100.0
Sink 41 SODDISFATTO. Flusso netto: 1.0599999999999996, Demand: 1.06, percentage: 99.99999999999996
Sink 42 SODDISFATTO. Flusso netto: 2.8200000000000003, Demand: 2.82, percentage: 100.00000000000003
Sink 45 SODDISFATTO. Flusso netto: 0.68, Demand: 0.68, percentage: 100.0
Sink 46 SODDISFATTO. Flusso netto: 1.17, Demand: 1.17, percentage: 100.0
Sink 49 non è soddisfatto. Flusso netto: 6.497999999999999, Demand: 7.0, percentage: 92.82857142857142
Flusso totale entrante nei SINK: 95.24200000000002
Flusso totale uscente nei SINK: 49.304
Flusso totale netto nei SINK: 45.93800000000002
Total DEMAND dei SINK: 46.44
Percentual di flusso ai SINK: 0.989190353143842
Numero di Sink soddisfatti: 24.0, numero totale di sink: 25.0
Percentuale di Sink soddisfatti: 0.96

---------------------------------- DAY 209

Update Fixed Elements from Intrinsic Faults
Update Fixed Elements from Heavy Faults
Update Fixed Elements from Attack
Propagate Intrinsic Fault
Node NODO_11 has still failing due to Intrinsic Fault
pipeline ARCO_3 still has reduced capacity: 9.688 due to Intrinsic Fault
pipeline ARCO_90 still has reduced capacity: 1.6 due to Intrinsic Fault
pipeline ARCO_91 still has reduced capacity: 9.688 due to Intrinsic Fault
pipeline ARCO_92 still has reduced capacity: 39.328 due to Intrinsic Fault
pipeline V_EDGE_53_9 still has reduced capacity: 5.68 due to Intrinsic Fault
pipeline ARCO_20 still has reduced capacity: 1.6 due to Intrinsic Fault
pipeline ARCO_21 still has reduced capacity: 9.688 due to Intrinsic Fault
pipeline ARCO_22 still has reduced capacity: 39.328 due to Intrinsic Fault
pipeline ARCO_73 still has reduced capacity: 9.688 due to Intrinsic Fault
Propagate Heavy Faults
Propagate Attacks
Inject Intrinsic Failure To Source
Source NODO_10 is failing for an Intrinsic Fault in day: 209
pipeline ARCO_17 has reduced capacity due to NODO_10 Intrinsic fault
pipeline ARCO_88 has reduced capacity due to NODO_10 Intrinsic fault
pipeline ARCO_89 has reduced capacity due to NODO_10 Intrinsic fault
pipeline V_EDGE_53_8 has reduced capacity due to NODO_10 Intrinsic fault
pipeline ARCO_18 has reduced capacity due to NODO_10 Intrinsic fault
pipeline ARCO_19 has reduced capacity due to NODO_10 Intrinsic fault
pipeline ARCO_87 has reduced capacity due to NODO_10 Intrinsic fault
Inject Heavy Fault To Sources
Inject Attack Multiple To Source
Inject Intrinsic Fault To Pipeline
Inject Heavy Fault To Pipeline
Inject Attack To Pipeline
----------- Statistics ------------
	Sources Under Attack: 0
	Sources with Heavy Fault: 0
	Sources with Intrinsic Fault: 2
	Arcs with reduce capacity due to Attack: 0
	Arcs with reduce capacity due to Heavy Fault: 0
	Arcs with reduce capacity due to Intrinsic Fault: 16
	Arcs with Attacks: 0
	Arcs with Heavy Fault: 0
	Arcs with Intrinsic Fault: 0
--------- SOURCES STATISTICS ---------------
Demand del real Source[0]: -31.0, flusso erogato: 12.427999999999997, flusso entrante: 0.0, efficienza: 40.09032258064516 %
Demand del real Source[8]: -10.5, flusso erogato: 0.0, flusso entrante: 0.0, efficienza: 0.0 %
Demand del real Source[9]: -7.1, flusso erogato: 17.107999999999997, flusso entrante: 11.427999999999999, efficienza: 240.9577464788732 %
Demand del real Source[17]: -25.0, flusso erogato: 25.000000000000007, flusso entrante: 0.0, efficienza: 100.00000000000003 %
Flusso totale entrante nei Real Source: 11.427999999999999
Flusso totale uscente dai Real Source: 54.536
Flusso netto sui real Source: -43.108000000000004
--- SINKS STATISTICS ---
Sink 3 SODDISFATTO. Flusso netto: 3.43, Demand: 3.43, percentage: 100.0
Sink 4 SODDISFATTO. Flusso netto: 0.5700000000000003, Demand: 0.57, percentage: 100.00000000000007
Sink 5 SODDISFATTO. Flusso netto: 0.6599999999999997, Demand: 0.66, percentage: 99.99999999999994
Sink 11 SODDISFATTO. Flusso netto: 1.03, Demand: 1.03, percentage: 100.0
Sink 15 SODDISFATTO. Flusso netto: 0.46, Demand: 0.46, percentage: 100.0
Sink 16 SODDISFATTO. Flusso netto: 8.400000000000002, Demand: 8.4, percentage: 100.00000000000003
Sink 19 SODDISFATTO. Flusso netto: 0.5399999999999991, Demand: 0.54, percentage: 99.99999999999983
Sink 23 SODDISFATTO. Flusso netto: 0.5999999999999999, Demand: 0.6, percentage: 99.99999999999997
Sink 24 SODDISFATTO. Flusso netto: 0.8, Demand: 0.8, percentage: 100.0
Sink 25 SODDISFATTO. Flusso netto: 3.5, Demand: 3.5, percentage: 100.0
Sink 26 SODDISFATTO. Flusso netto: 6.000000000000002, Demand: 6.0, percentage: 100.00000000000003
Sink 28 SODDISFATTO. Flusso netto: 0.4, Demand: 0.4, percentage: 100.0
Sink 30 SODDISFATTO. Flusso netto: 0.9799999999999986, Demand: 0.98, percentage: 99.99999999999987
Sink 31 SODDISFATTO. Flusso netto: 0.4, Demand: 0.4, percentage: 100.0
Sink 32 SODDISFATTO. Flusso netto: 0.9999999999999996, Demand: 1.0, percentage: 99.99999999999996
Sink 34 SODDISFATTO. Flusso netto: 1.74, Demand: 1.74, percentage: 100.0
Sink 35 SODDISFATTO. Flusso netto: 1.3, Demand: 1.3, percentage: 100.0
Sink 37 SODDISFATTO. Flusso netto: 1.0, Demand: 1.0, percentage: 100.0
Sink 39 SODDISFATTO. Flusso netto: 0.4, Demand: 0.4, percentage: 100.0
Sink 40 SODDISFATTO. Flusso netto: 0.5, Demand: 0.5, percentage: 100.0
Sink 41 SODDISFATTO. Flusso netto: 1.0599999999999996, Demand: 1.06, percentage: 99.99999999999996
Sink 42 SODDISFATTO. Flusso netto: 2.8200000000000003, Demand: 2.82, percentage: 100.00000000000003
Sink 45 SODDISFATTO. Flusso netto: 0.68, Demand: 0.68, percentage: 100.0
Sink 46 SODDISFATTO. Flusso netto: 1.17, Demand: 1.17, percentage: 100.0
Sink 49 non è soddisfatto. Flusso netto: 3.6679999999999997, Demand: 7.0, percentage: 52.39999999999999
Flusso totale entrante nei SINK: 91.75200000000002
Flusso totale uscente nei SINK: 48.64399999999999
Flusso totale netto nei SINK: 43.10800000000003
Total DEMAND dei SINK: 46.44
Percentual di flusso ai SINK: 0.9282515073212755
Numero di Sink soddisfatti: 24.0, numero totale di sink: 25.0
Percentuale di Sink soddisfatti: 0.96

---------------------------------- DAY 210

Update Fixed Elements from Intrinsic Faults
Update Fixed Elements from Heavy Faults
Update Fixed Elements from Attack
Propagate Intrinsic Fault
Node NODO_11 has still failing due to Intrinsic Fault
Node NODO_10 has still failing due to Intrinsic Fault
pipeline ARCO_3 still has reduced capacity: 9.688 due to Intrinsic Fault
pipeline ARCO_90 still has reduced capacity: 1.6 due to Intrinsic Fault
pipeline ARCO_91 still has reduced capacity: 9.688 due to Intrinsic Fault
pipeline ARCO_92 still has reduced capacity: 39.328 due to Intrinsic Fault
pipeline V_EDGE_53_9 still has reduced capacity: 5.68 due to Intrinsic Fault
pipeline ARCO_20 still has reduced capacity: 1.6 due to Intrinsic Fault
pipeline ARCO_21 still has reduced capacity: 9.688 due to Intrinsic Fault
pipeline ARCO_22 still has reduced capacity: 39.328 due to Intrinsic Fault
pipeline ARCO_73 still has reduced capacity: 9.688 due to Intrinsic Fault
pipeline ARCO_17 still has reduced capacity: 0.0 due to Intrinsic Fault
pipeline ARCO_88 still has reduced capacity: 0.0 due to Intrinsic Fault
pipeline ARCO_89 still has reduced capacity: 0.0 due to Intrinsic Fault
pipeline V_EDGE_53_8 still has reduced capacity: 0.0 due to Intrinsic Fault
pipeline ARCO_18 still has reduced capacity: 0.0 due to Intrinsic Fault
pipeline ARCO_19 still has reduced capacity: 0.0 due to Intrinsic Fault
pipeline ARCO_87 still has reduced capacity: 0.0 due to Intrinsic Fault
Propagate Heavy Faults
Propagate Attacks
Inject Intrinsic Failure To Source
Source NODO_11 is failing for an Intrinsic Fault in day: 210
pipeline ARCO_3 has reduced capacity due to NODO_11 Intrinsic fault
pipeline ARCO_90 has reduced capacity due to NODO_11 Intrinsic fault
pipeline ARCO_91 has reduced capacity due to NODO_11 Intrinsic fault
pipeline ARCO_92 has reduced capacity due to NODO_11 Intrinsic fault
pipeline V_EDGE_53_9 has reduced capacity due to NODO_11 Intrinsic fault
pipeline ARCO_20 has reduced capacity due to NODO_11 Intrinsic fault
pipeline ARCO_21 has reduced capacity due to NODO_11 Intrinsic fault
pipeline ARCO_22 has reduced capacity due to NODO_11 Intrinsic fault
pipeline ARCO_73 has reduced capacity due to NODO_11 Intrinsic fault
Inject Heavy Fault To Sources
Inject Attack Multiple To Source
Inject Intrinsic Fault To Pipeline
Inject Heavy Fault To Pipeline
Inject Attack To Pipeline
----------- Statistics ------------
	Sources Under Attack: 0
	Sources with Heavy Fault: 0
	Sources with Intrinsic Fault: 2
	Arcs with reduce capacity due to Attack: 0
	Arcs with reduce capacity due to Heavy Fault: 0
	Arcs with reduce capacity due to Intrinsic Fault: 16
	Arcs with Attacks: 0
	Arcs with Heavy Fault: 0
	Arcs with Intrinsic Fault: 0
--------- SOURCES STATISTICS ---------------
Demand del real Source[0]: -31.0, flusso erogato: 11.626399999999997, flusso entrante: 0.0, efficienza: 37.50451612903225 %
Demand del real Source[8]: -10.5, flusso erogato: 0.0, flusso entrante: 0.0, efficienza: 0.0 %
Demand del real Source[9]: -7.1, flusso erogato: 15.170399999999997, flusso entrante: 10.626399999999999, efficienza: 213.6676056338028 %
Demand del real Source[17]: -25.0, flusso erogato: 25.000000000000007, flusso entrante: 0.0, efficienza: 100.00000000000003 %
Flusso totale entrante nei Real Source: 10.626399999999999
Flusso totale uscente dai Real Source: 51.796800000000005
Flusso netto sui real Source: -41.17040000000001
--- SINKS STATISTICS ---
Sink 3 SODDISFATTO. Flusso netto: 3.43, Demand: 3.43, percentage: 100.0
Sink 4 SODDISFATTO. Flusso netto: 0.5699999999999998, Demand: 0.57, percentage: 99.99999999999997
Sink 5 SODDISFATTO. Flusso netto: 0.6600000000000001, Demand: 0.66, percentage: 100.00000000000003
Sink 11 SODDISFATTO. Flusso netto: 1.03, Demand: 1.03, percentage: 100.0
Sink 15 SODDISFATTO. Flusso netto: 0.46, Demand: 0.46, percentage: 100.0
Sink 16 SODDISFATTO. Flusso netto: 8.400000000000002, Demand: 8.4, percentage: 100.00000000000003
Sink 19 SODDISFATTO. Flusso netto: 0.5399999999999991, Demand: 0.54, percentage: 99.99999999999983
Sink 23 SODDISFATTO. Flusso netto: 0.5999999999999999, Demand: 0.6, percentage: 99.99999999999997
Sink 24 SODDISFATTO. Flusso netto: 0.8, Demand: 0.8, percentage: 100.0
Sink 25 SODDISFATTO. Flusso netto: 3.5, Demand: 3.5, percentage: 100.0
Sink 26 SODDISFATTO. Flusso netto: 6.000000000000002, Demand: 6.0, percentage: 100.00000000000003
Sink 28 SODDISFATTO. Flusso netto: 0.4, Demand: 0.4, percentage: 100.0
Sink 30 SODDISFATTO. Flusso netto: 0.9799999999999986, Demand: 0.98, percentage: 99.99999999999987
Sink 31 SODDISFATTO. Flusso netto: 0.4, Demand: 0.4, percentage: 100.0
Sink 32 SODDISFATTO. Flusso netto: 0.9999999999999996, Demand: 1.0, percentage: 99.99999999999996
Sink 34 SODDISFATTO. Flusso netto: 1.74, Demand: 1.74, percentage: 100.0
Sink 35 SODDISFATTO. Flusso netto: 1.3, Demand: 1.3, percentage: 100.0
Sink 37 SODDISFATTO. Flusso netto: 1.0, Demand: 1.0, percentage: 100.0
Sink 39 SODDISFATTO. Flusso netto: 0.4, Demand: 0.4, percentage: 100.0
Sink 40 SODDISFATTO. Flusso netto: 0.5, Demand: 0.5, percentage: 100.0
Sink 41 SODDISFATTO. Flusso netto: 1.0600000000000005, Demand: 1.06, percentage: 100.00000000000004
Sink 42 SODDISFATTO. Flusso netto: 2.8200000000000003, Demand: 2.82, percentage: 100.00000000000003
Sink 45 SODDISFATTO. Flusso netto: 0.68, Demand: 0.68, percentage: 100.0
Sink 46 SODDISFATTO. Flusso netto: 1.17, Demand: 1.17, percentage: 100.0
Sink 49 non è soddisfatto. Flusso netto: 1.7304, Demand: 7.0, percentage: 24.72
Flusso totale entrante nei SINK: 84.06160000000001
Flusso totale uscente nei SINK: 42.8912
Flusso totale netto nei SINK: 41.170400000000015
Total DEMAND dei SINK: 46.44
Percentual di flusso ai SINK: 0.8865288544358315
Numero di Sink soddisfatti: 24.0, numero totale di sink: 25.0
Percentuale di Sink soddisfatti: 0.96

---------------------------------- DAY 211

Update Fixed Elements from Intrinsic Faults
Source NODO_11 fixed from Intrinsic Fault
Pipeline ARCO_3 fixed due to Source NODO_11 fixing from Intrinsic Fault
Pipeline ARCO_90 fixed due to Source NODO_11 fixing from Intrinsic Fault
Pipeline ARCO_91 fixed due to Source NODO_11 fixing from Intrinsic Fault
Pipeline ARCO_92 fixed due to Source NODO_11 fixing from Intrinsic Fault
Pipeline V_EDGE_53_9 fixed due to Source NODO_11 fixing from Intrinsic Fault
Pipeline ARCO_20 fixed due to Source NODO_11 fixing from Intrinsic Fault
Pipeline ARCO_21 fixed due to Source NODO_11 fixing from Intrinsic Fault
Pipeline ARCO_22 fixed due to Source NODO_11 fixing from Intrinsic Fault
Pipeline ARCO_73 fixed due to Source NODO_11 fixing from Intrinsic Fault
Update Fixed Elements from Heavy Faults
Update Fixed Elements from Attack
Propagate Intrinsic Fault
Node NODO_10 has still failing due to Intrinsic Fault
pipeline ARCO_17 still has reduced capacity: 0.0 due to Intrinsic Fault
pipeline ARCO_88 still has reduced capacity: 0.0 due to Intrinsic Fault
pipeline ARCO_89 still has reduced capacity: 0.0 due to Intrinsic Fault
pipeline V_EDGE_53_8 still has reduced capacity: 0.0 due to Intrinsic Fault
pipeline ARCO_18 still has reduced capacity: 0.0 due to Intrinsic Fault
pipeline ARCO_19 still has reduced capacity: 0.0 due to Intrinsic Fault
pipeline ARCO_87 still has reduced capacity: 0.0 due to Intrinsic Fault
Propagate Heavy Faults
Propagate Attacks
Inject Intrinsic Failure To Source
Inject Heavy Fault To Sources
Inject Attack Multiple To Source
Inject Intrinsic Fault To Pipeline
Inject Heavy Fault To Pipeline
Inject Attack To Pipeline
----------- Statistics ------------
	Sources Under Attack: 0
	Sources with Heavy Fault: 0
	Sources with Intrinsic Fault: 1
	Arcs with reduce capacity due to Attack: 0
	Arcs with reduce capacity due to Heavy Fault: 0
	Arcs with reduce capacity due to Intrinsic Fault: 7
	Arcs with Attacks: 0
	Arcs with Heavy Fault: 0
	Arcs with Intrinsic Fault: 0
--------- SOURCES STATISTICS ---------------
Demand del real Source[0]: -31.0, flusso erogato: 11.159999999999998, flusso entrante: 0.0, efficienza: 35.99999999999999 %
Demand del real Source[8]: -10.5, flusso erogato: 0.0, flusso entrante: 0.0, efficienza: 0.0 %
Demand del real Source[9]: -7.1, flusso erogato: 17.259999999999998, flusso entrante: 10.159999999999998, efficienza: 243.09859154929575 %
Demand del real Source[17]: -25.0, flusso erogato: 25.000000000000007, flusso entrante: 0.0, efficienza: 100.00000000000003 %
Flusso totale entrante nei Real Source: 10.159999999999998
Flusso totale uscente dai Real Source: 53.42
Flusso netto sui real Source: -43.260000000000005
--- SINKS STATISTICS ---
Sink 3 SODDISFATTO. Flusso netto: 3.43, Demand: 3.43, percentage: 100.0
Sink 4 SODDISFATTO. Flusso netto: 0.5700000000000003, Demand: 0.57, percentage: 100.00000000000007
Sink 5 SODDISFATTO. Flusso netto: 0.6599999999999997, Demand: 0.66, percentage: 99.99999999999994
Sink 11 SODDISFATTO. Flusso netto: 1.03, Demand: 1.03, percentage: 100.0
Sink 15 SODDISFATTO. Flusso netto: 0.46, Demand: 0.46, percentage: 100.0
Sink 16 SODDISFATTO. Flusso netto: 8.400000000000002, Demand: 8.4, percentage: 100.00000000000003
Sink 19 SODDISFATTO. Flusso netto: 0.5399999999999991, Demand: 0.54, percentage: 99.99999999999983
Sink 23 SODDISFATTO. Flusso netto: 0.5999999999999999, Demand: 0.6, percentage: 99.99999999999997
Sink 24 SODDISFATTO. Flusso netto: 0.8, Demand: 0.8, percentage: 100.0
Sink 25 SODDISFATTO. Flusso netto: 3.5, Demand: 3.5, percentage: 100.0
Sink 26 SODDISFATTO. Flusso netto: 6.000000000000002, Demand: 6.0, percentage: 100.00000000000003
Sink 28 SODDISFATTO. Flusso netto: 0.4, Demand: 0.4, percentage: 100.0
Sink 30 SODDISFATTO. Flusso netto: 0.9799999999999986, Demand: 0.98, percentage: 99.99999999999987
Sink 31 SODDISFATTO. Flusso netto: 0.4, Demand: 0.4, percentage: 100.0
Sink 32 SODDISFATTO. Flusso netto: 0.9999999999999996, Demand: 1.0, percentage: 99.99999999999996
Sink 34 SODDISFATTO. Flusso netto: 1.74, Demand: 1.74, percentage: 100.0
Sink 35 SODDISFATTO. Flusso netto: 1.3, Demand: 1.3, percentage: 100.0
Sink 37 SODDISFATTO. Flusso netto: 1.0, Demand: 1.0, percentage: 100.0
Sink 39 SODDISFATTO. Flusso netto: 0.4, Demand: 0.4, percentage: 100.0
Sink 40 SODDISFATTO. Flusso netto: 0.5, Demand: 0.5, percentage: 100.0
Sink 41 SODDISFATTO. Flusso netto: 1.06, Demand: 1.06, percentage: 100.0
Sink 42 SODDISFATTO. Flusso netto: 2.8199999999999994, Demand: 2.82, percentage: 99.99999999999999
Sink 45 SODDISFATTO. Flusso netto: 0.68, Demand: 0.68, percentage: 100.0
Sink 46 SODDISFATTO. Flusso netto: 1.17, Demand: 1.17, percentage: 100.0
Sink 49 non è soddisfatto. Flusso netto: 3.82, Demand: 7.0, percentage: 54.57142857142857
Flusso totale entrante nei SINK: 89.12
Flusso totale uscente nei SINK: 45.86000000000001
Flusso totale netto nei SINK: 43.26
Total DEMAND dei SINK: 46.44
Percentual di flusso ai SINK: 0.9315245478036176
Numero di Sink soddisfatti: 24.0, numero totale di sink: 25.0
Percentuale di Sink soddisfatti: 0.96

---------------------------------- DAY 212

Update Fixed Elements from Intrinsic Faults
Update Fixed Elements from Heavy Faults
Update Fixed Elements from Attack
Propagate Intrinsic Fault
Node NODO_10 has still failing due to Intrinsic Fault
pipeline ARCO_17 still has reduced capacity: 0.0 due to Intrinsic Fault
pipeline ARCO_88 still has reduced capacity: 0.0 due to Intrinsic Fault
pipeline ARCO_89 still has reduced capacity: 0.0 due to Intrinsic Fault
pipeline V_EDGE_53_8 still has reduced capacity: 0.0 due to Intrinsic Fault
pipeline ARCO_18 still has reduced capacity: 0.0 due to Intrinsic Fault
pipeline ARCO_19 still has reduced capacity: 0.0 due to Intrinsic Fault
pipeline ARCO_87 still has reduced capacity: 0.0 due to Intrinsic Fault
Propagate Heavy Faults
Propagate Attacks
Inject Intrinsic Failure To Source
Inject Heavy Fault To Sources
Inject Attack Multiple To Source
Inject Intrinsic Fault To Pipeline
Inject Heavy Fault To Pipeline
Inject Attack To Pipeline
----------- Statistics ------------
	Sources Under Attack: 0
	Sources with Heavy Fault: 0
	Sources with Intrinsic Fault: 1
	Arcs with reduce capacity due to Attack: 0
	Arcs with reduce capacity due to Heavy Fault: 0
	Arcs with reduce capacity due to Intrinsic Fault: 7
	Arcs with Attacks: 0
	Arcs with Heavy Fault: 0
	Arcs with Intrinsic Fault: 0
--------- SOURCES STATISTICS ---------------
Demand del real Source[0]: -31.0, flusso erogato: 11.159999999999998, flusso entrante: 0.0, efficienza: 35.99999999999999 %
Demand del real Source[8]: -10.5, flusso erogato: 0.0, flusso entrante: 0.0, efficienza: 0.0 %
Demand del real Source[9]: -7.1, flusso erogato: 17.259999999999998, flusso entrante: 10.159999999999998, efficienza: 243.09859154929575 %
Demand del real Source[17]: -25.0, flusso erogato: 25.000000000000007, flusso entrante: 0.0, efficienza: 100.00000000000003 %
Flusso totale entrante nei Real Source: 10.159999999999998
Flusso totale uscente dai Real Source: 53.42
Flusso netto sui real Source: -43.260000000000005
--- SINKS STATISTICS ---
Sink 3 SODDISFATTO. Flusso netto: 3.43, Demand: 3.43, percentage: 100.0
Sink 4 SODDISFATTO. Flusso netto: 0.5700000000000003, Demand: 0.57, percentage: 100.00000000000007
Sink 5 SODDISFATTO. Flusso netto: 0.6599999999999997, Demand: 0.66, percentage: 99.99999999999994
Sink 11 SODDISFATTO. Flusso netto: 1.03, Demand: 1.03, percentage: 100.0
Sink 15 SODDISFATTO. Flusso netto: 0.46, Demand: 0.46, percentage: 100.0
Sink 16 SODDISFATTO. Flusso netto: 8.400000000000002, Demand: 8.4, percentage: 100.00000000000003
Sink 19 SODDISFATTO. Flusso netto: 0.5399999999999991, Demand: 0.54, percentage: 99.99999999999983
Sink 23 SODDISFATTO. Flusso netto: 0.5999999999999999, Demand: 0.6, percentage: 99.99999999999997
Sink 24 SODDISFATTO. Flusso netto: 0.8, Demand: 0.8, percentage: 100.0
Sink 25 SODDISFATTO. Flusso netto: 3.5, Demand: 3.5, percentage: 100.0
Sink 26 SODDISFATTO. Flusso netto: 6.000000000000002, Demand: 6.0, percentage: 100.00000000000003
Sink 28 SODDISFATTO. Flusso netto: 0.4, Demand: 0.4, percentage: 100.0
Sink 30 SODDISFATTO. Flusso netto: 0.9799999999999986, Demand: 0.98, percentage: 99.99999999999987
Sink 31 SODDISFATTO. Flusso netto: 0.4, Demand: 0.4, percentage: 100.0
Sink 32 SODDISFATTO. Flusso netto: 0.9999999999999996, Demand: 1.0, percentage: 99.99999999999996
Sink 34 SODDISFATTO. Flusso netto: 1.74, Demand: 1.74, percentage: 100.0
Sink 35 SODDISFATTO. Flusso netto: 1.3, Demand: 1.3, percentage: 100.0
Sink 37 SODDISFATTO. Flusso netto: 1.0, Demand: 1.0, percentage: 100.0
Sink 39 SODDISFATTO. Flusso netto: 0.4, Demand: 0.4, percentage: 100.0
Sink 40 SODDISFATTO. Flusso netto: 0.5, Demand: 0.5, percentage: 100.0
Sink 41 SODDISFATTO. Flusso netto: 1.06, Demand: 1.06, percentage: 100.0
Sink 42 SODDISFATTO. Flusso netto: 2.8199999999999994, Demand: 2.82, percentage: 99.99999999999999
Sink 45 SODDISFATTO. Flusso netto: 0.68, Demand: 0.68, percentage: 100.0
Sink 46 SODDISFATTO. Flusso netto: 1.17, Demand: 1.17, percentage: 100.0
Sink 49 non è soddisfatto. Flusso netto: 3.82, Demand: 7.0, percentage: 54.57142857142857
Flusso totale entrante nei SINK: 89.12
Flusso totale uscente nei SINK: 45.86000000000001
Flusso totale netto nei SINK: 43.26
Total DEMAND dei SINK: 46.44
Percentual di flusso ai SINK: 0.9315245478036176
Numero di Sink soddisfatti: 24.0, numero totale di sink: 25.0
Percentuale di Sink soddisfatti: 0.96

---------------------------------- DAY 213

Update Fixed Elements from Intrinsic Faults
Update Fixed Elements from Heavy Faults
Update Fixed Elements from Attack
Propagate Intrinsic Fault
Node NODO_10 has still failing due to Intrinsic Fault
pipeline ARCO_17 still has reduced capacity: 0.0 due to Intrinsic Fault
pipeline ARCO_88 still has reduced capacity: 0.0 due to Intrinsic Fault
pipeline ARCO_89 still has reduced capacity: 0.0 due to Intrinsic Fault
pipeline V_EDGE_53_8 still has reduced capacity: 0.0 due to Intrinsic Fault
pipeline ARCO_18 still has reduced capacity: 0.0 due to Intrinsic Fault
pipeline ARCO_19 still has reduced capacity: 0.0 due to Intrinsic Fault
pipeline ARCO_87 still has reduced capacity: 0.0 due to Intrinsic Fault
Propagate Heavy Faults
Propagate Attacks
Inject Intrinsic Failure To Source
Inject Heavy Fault To Sources
Inject Attack Multiple To Source
Inject Intrinsic Fault To Pipeline
Inject Heavy Fault To Pipeline
Inject Attack To Pipeline
----------- Statistics ------------
	Sources Under Attack: 0
	Sources with Heavy Fault: 0
	Sources with Intrinsic Fault: 1
	Arcs with reduce capacity due to Attack: 0
	Arcs with reduce capacity due to Heavy Fault: 0
	Arcs with reduce capacity due to Intrinsic Fault: 7
	Arcs with Attacks: 0
	Arcs with Heavy Fault: 0
	Arcs with Intrinsic Fault: 0
--------- SOURCES STATISTICS ---------------
Demand del real Source[0]: -31.0, flusso erogato: 11.159999999999998, flusso entrante: 0.0, efficienza: 35.99999999999999 %
Demand del real Source[8]: -10.5, flusso erogato: 0.0, flusso entrante: 0.0, efficienza: 0.0 %
Demand del real Source[9]: -7.1, flusso erogato: 17.259999999999998, flusso entrante: 10.159999999999998, efficienza: 243.09859154929575 %
Demand del real Source[17]: -25.0, flusso erogato: 25.000000000000007, flusso entrante: 0.0, efficienza: 100.00000000000003 %
Flusso totale entrante nei Real Source: 10.159999999999998
Flusso totale uscente dai Real Source: 53.42
Flusso netto sui real Source: -43.260000000000005
--- SINKS STATISTICS ---
Sink 3 SODDISFATTO. Flusso netto: 3.43, Demand: 3.43, percentage: 100.0
Sink 4 SODDISFATTO. Flusso netto: 0.5700000000000003, Demand: 0.57, percentage: 100.00000000000007
Sink 5 SODDISFATTO. Flusso netto: 0.6599999999999997, Demand: 0.66, percentage: 99.99999999999994
Sink 11 SODDISFATTO. Flusso netto: 1.03, Demand: 1.03, percentage: 100.0
Sink 15 SODDISFATTO. Flusso netto: 0.46, Demand: 0.46, percentage: 100.0
Sink 16 SODDISFATTO. Flusso netto: 8.400000000000002, Demand: 8.4, percentage: 100.00000000000003
Sink 19 SODDISFATTO. Flusso netto: 0.5399999999999991, Demand: 0.54, percentage: 99.99999999999983
Sink 23 SODDISFATTO. Flusso netto: 0.5999999999999999, Demand: 0.6, percentage: 99.99999999999997
Sink 24 SODDISFATTO. Flusso netto: 0.8, Demand: 0.8, percentage: 100.0
Sink 25 SODDISFATTO. Flusso netto: 3.5, Demand: 3.5, percentage: 100.0
Sink 26 SODDISFATTO. Flusso netto: 6.000000000000002, Demand: 6.0, percentage: 100.00000000000003
Sink 28 SODDISFATTO. Flusso netto: 0.4, Demand: 0.4, percentage: 100.0
Sink 30 SODDISFATTO. Flusso netto: 0.9799999999999986, Demand: 0.98, percentage: 99.99999999999987
Sink 31 SODDISFATTO. Flusso netto: 0.4, Demand: 0.4, percentage: 100.0
Sink 32 SODDISFATTO. Flusso netto: 0.9999999999999996, Demand: 1.0, percentage: 99.99999999999996
Sink 34 SODDISFATTO. Flusso netto: 1.74, Demand: 1.74, percentage: 100.0
Sink 35 SODDISFATTO. Flusso netto: 1.3, Demand: 1.3, percentage: 100.0
Sink 37 SODDISFATTO. Flusso netto: 1.0, Demand: 1.0, percentage: 100.0
Sink 39 SODDISFATTO. Flusso netto: 0.4, Demand: 0.4, percentage: 100.0
Sink 40 SODDISFATTO. Flusso netto: 0.5, Demand: 0.5, percentage: 100.0
Sink 41 SODDISFATTO. Flusso netto: 1.06, Demand: 1.06, percentage: 100.0
Sink 42 SODDISFATTO. Flusso netto: 2.8199999999999994, Demand: 2.82, percentage: 99.99999999999999
Sink 45 SODDISFATTO. Flusso netto: 0.68, Demand: 0.68, percentage: 100.0
Sink 46 SODDISFATTO. Flusso netto: 1.17, Demand: 1.17, percentage: 100.0
Sink 49 non è soddisfatto. Flusso netto: 3.82, Demand: 7.0, percentage: 54.57142857142857
Flusso totale entrante nei SINK: 89.12
Flusso totale uscente nei SINK: 45.86000000000001
Flusso totale netto nei SINK: 43.26
Total DEMAND dei SINK: 46.44
Percentual di flusso ai SINK: 0.9315245478036176
Numero di Sink soddisfatti: 24.0, numero totale di sink: 25.0
Percentuale di Sink soddisfatti: 0.96

---------------------------------- DAY 214

Update Fixed Elements from Intrinsic Faults
Source NODO_10 fixed from Intrinsic Fault
Pipeline ARCO_17 fixed due to Source NODO_10 fixing from Intrinsic Fault
Pipeline ARCO_88 fixed due to Source NODO_10 fixing from Intrinsic Fault
Pipeline ARCO_89 fixed due to Source NODO_10 fixing from Intrinsic Fault
Pipeline V_EDGE_53_8 fixed due to Source NODO_10 fixing from Intrinsic Fault
Pipeline ARCO_18 fixed due to Source NODO_10 fixing from Intrinsic Fault
Pipeline ARCO_19 fixed due to Source NODO_10 fixing from Intrinsic Fault
Pipeline ARCO_87 fixed due to Source NODO_10 fixing from Intrinsic Fault
Update Fixed Elements from Heavy Faults
Update Fixed Elements from Attack
Propagate Intrinsic Fault
Propagate Heavy Faults
Propagate Attacks
Inject Intrinsic Failure To Source
Source NODO_11 is failing for an Intrinsic Fault in day: 214
pipeline ARCO_3 has reduced capacity due to NODO_11 Intrinsic fault
pipeline ARCO_90 has reduced capacity due to NODO_11 Intrinsic fault
pipeline ARCO_91 has reduced capacity due to NODO_11 Intrinsic fault
pipeline ARCO_92 has reduced capacity due to NODO_11 Intrinsic fault
pipeline V_EDGE_53_9 has reduced capacity due to NODO_11 Intrinsic fault
pipeline ARCO_20 has reduced capacity due to NODO_11 Intrinsic fault
pipeline ARCO_21 has reduced capacity due to NODO_11 Intrinsic fault
pipeline ARCO_22 has reduced capacity due to NODO_11 Intrinsic fault
pipeline ARCO_73 has reduced capacity due to NODO_11 Intrinsic fault
Inject Heavy Fault To Sources
Inject Attack Multiple To Source
Inject Intrinsic Fault To Pipeline
Inject Heavy Fault To Pipeline
Inject Attack To Pipeline
----------- Statistics ------------
	Sources Under Attack: 0
	Sources with Heavy Fault: 0
	Sources with Intrinsic Fault: 1
	Arcs with reduce capacity due to Attack: 0
	Arcs with reduce capacity due to Heavy Fault: 0
	Arcs with reduce capacity due to Intrinsic Fault: 9
	Arcs with Attacks: 0
	Arcs with Heavy Fault: 0
	Arcs with Intrinsic Fault: 0
--------- SOURCES STATISTICS ---------------
Demand del real Source[0]: -31.0, flusso erogato: 11.397999999999998, flusso entrante: 0.0, efficienza: 36.76774193548387 %
Demand del real Source[8]: -10.5, flusso erogato: 3.8600000000000003, flusso entrante: 0.0, efficienza: 36.76190476190476 %
Demand del real Source[9]: -7.1, flusso erogato: 16.077999999999996, flusso entrante: 10.397999999999998, efficienza: 226.45070422535207 %
Demand del real Source[17]: -25.0, flusso erogato: 25.000000000000007, flusso entrante: 0.0, efficienza: 100.00000000000003 %
Flusso totale entrante nei Real Source: 10.397999999999998
Flusso totale uscente dai Real Source: 56.336000000000006
Flusso netto sui real Source: -45.93800000000001
--- SINKS STATISTICS ---
Sink 3 SODDISFATTO. Flusso netto: 3.43, Demand: 3.43, percentage: 100.0
Sink 4 SODDISFATTO. Flusso netto: 0.5700000000000003, Demand: 0.57, percentage: 100.00000000000007
Sink 5 SODDISFATTO. Flusso netto: 0.6600000000000001, Demand: 0.66, percentage: 100.00000000000003
Sink 11 SODDISFATTO. Flusso netto: 1.03, Demand: 1.03, percentage: 100.0
Sink 15 SODDISFATTO. Flusso netto: 0.46, Demand: 0.46, percentage: 100.0
Sink 16 SODDISFATTO. Flusso netto: 8.400000000000002, Demand: 8.4, percentage: 100.00000000000003
Sink 19 SODDISFATTO. Flusso netto: 0.5399999999999991, Demand: 0.54, percentage: 99.99999999999983
Sink 23 SODDISFATTO. Flusso netto: 0.5999999999999999, Demand: 0.6, percentage: 99.99999999999997
Sink 24 SODDISFATTO. Flusso netto: 0.8, Demand: 0.8, percentage: 100.0
Sink 25 SODDISFATTO. Flusso netto: 3.5, Demand: 3.5, percentage: 100.0
Sink 26 SODDISFATTO. Flusso netto: 6.000000000000002, Demand: 6.0, percentage: 100.00000000000003
Sink 28 SODDISFATTO. Flusso netto: 0.4, Demand: 0.4, percentage: 100.0
Sink 30 SODDISFATTO. Flusso netto: 0.9799999999999986, Demand: 0.98, percentage: 99.99999999999987
Sink 31 SODDISFATTO. Flusso netto: 0.4, Demand: 0.4, percentage: 100.0
Sink 32 SODDISFATTO. Flusso netto: 0.9999999999999996, Demand: 1.0, percentage: 99.99999999999996
Sink 34 SODDISFATTO. Flusso netto: 1.74, Demand: 1.74, percentage: 100.0
Sink 35 SODDISFATTO. Flusso netto: 1.3, Demand: 1.3, percentage: 100.0
Sink 37 SODDISFATTO. Flusso netto: 1.0, Demand: 1.0, percentage: 100.0
Sink 39 SODDISFATTO. Flusso netto: 0.4, Demand: 0.4, percentage: 100.0
Sink 40 SODDISFATTO. Flusso netto: 0.5, Demand: 0.5, percentage: 100.0
Sink 41 SODDISFATTO. Flusso netto: 1.0599999999999996, Demand: 1.06, percentage: 99.99999999999996
Sink 42 SODDISFATTO. Flusso netto: 2.8200000000000003, Demand: 2.82, percentage: 100.00000000000003
Sink 45 SODDISFATTO. Flusso netto: 0.68, Demand: 0.68, percentage: 100.0
Sink 46 SODDISFATTO. Flusso netto: 1.17, Demand: 1.17, percentage: 100.0
Sink 49 non è soddisfatto. Flusso netto: 6.497999999999999, Demand: 7.0, percentage: 92.82857142857142
Flusso totale entrante nei SINK: 95.24200000000002
Flusso totale uscente nei SINK: 49.304
Flusso totale netto nei SINK: 45.93800000000002
Total DEMAND dei SINK: 46.44
Percentual di flusso ai SINK: 0.989190353143842
Numero di Sink soddisfatti: 24.0, numero totale di sink: 25.0
Percentuale di Sink soddisfatti: 0.96

---------------------------------- DAY 215

Update Fixed Elements from Intrinsic Faults
Update Fixed Elements from Heavy Faults
Update Fixed Elements from Attack
Propagate Intrinsic Fault
Node NODO_11 has still failing due to Intrinsic Fault
pipeline ARCO_3 still has reduced capacity: 9.688 due to Intrinsic Fault
pipeline ARCO_90 still has reduced capacity: 1.6 due to Intrinsic Fault
pipeline ARCO_91 still has reduced capacity: 9.688 due to Intrinsic Fault
pipeline ARCO_92 still has reduced capacity: 39.328 due to Intrinsic Fault
pipeline V_EDGE_53_9 still has reduced capacity: 5.68 due to Intrinsic Fault
pipeline ARCO_20 still has reduced capacity: 1.6 due to Intrinsic Fault
pipeline ARCO_21 still has reduced capacity: 9.688 due to Intrinsic Fault
pipeline ARCO_22 still has reduced capacity: 39.328 due to Intrinsic Fault
pipeline ARCO_73 still has reduced capacity: 9.688 due to Intrinsic Fault
Propagate Heavy Faults
Propagate Attacks
Inject Intrinsic Failure To Source
Inject Heavy Fault To Sources
Inject Attack Multiple To Source
Inject Intrinsic Fault To Pipeline
Inject Heavy Fault To Pipeline
Inject Attack To Pipeline
----------- Statistics ------------
	Sources Under Attack: 0
	Sources with Heavy Fault: 0
	Sources with Intrinsic Fault: 1
	Arcs with reduce capacity due to Attack: 0
	Arcs with reduce capacity due to Heavy Fault: 0
	Arcs with reduce capacity due to Intrinsic Fault: 9
	Arcs with Attacks: 0
	Arcs with Heavy Fault: 0
	Arcs with Intrinsic Fault: 0
--------- SOURCES STATISTICS ---------------
Demand del real Source[0]: -31.0, flusso erogato: 11.397999999999998, flusso entrante: 0.0, efficienza: 36.76774193548387 %
Demand del real Source[8]: -10.5, flusso erogato: 3.8600000000000003, flusso entrante: 0.0, efficienza: 36.76190476190476 %
Demand del real Source[9]: -7.1, flusso erogato: 16.077999999999996, flusso entrante: 10.397999999999998, efficienza: 226.45070422535207 %
Demand del real Source[17]: -25.0, flusso erogato: 25.000000000000007, flusso entrante: 0.0, efficienza: 100.00000000000003 %
Flusso totale entrante nei Real Source: 10.397999999999998
Flusso totale uscente dai Real Source: 56.336000000000006
Flusso netto sui real Source: -45.93800000000001
--- SINKS STATISTICS ---
Sink 3 SODDISFATTO. Flusso netto: 3.43, Demand: 3.43, percentage: 100.0
Sink 4 SODDISFATTO. Flusso netto: 0.5700000000000003, Demand: 0.57, percentage: 100.00000000000007
Sink 5 SODDISFATTO. Flusso netto: 0.6600000000000001, Demand: 0.66, percentage: 100.00000000000003
Sink 11 SODDISFATTO. Flusso netto: 1.03, Demand: 1.03, percentage: 100.0
Sink 15 SODDISFATTO. Flusso netto: 0.46, Demand: 0.46, percentage: 100.0
Sink 16 SODDISFATTO. Flusso netto: 8.400000000000002, Demand: 8.4, percentage: 100.00000000000003
Sink 19 SODDISFATTO. Flusso netto: 0.5399999999999991, Demand: 0.54, percentage: 99.99999999999983
Sink 23 SODDISFATTO. Flusso netto: 0.5999999999999999, Demand: 0.6, percentage: 99.99999999999997
Sink 24 SODDISFATTO. Flusso netto: 0.8, Demand: 0.8, percentage: 100.0
Sink 25 SODDISFATTO. Flusso netto: 3.5, Demand: 3.5, percentage: 100.0
Sink 26 SODDISFATTO. Flusso netto: 6.000000000000002, Demand: 6.0, percentage: 100.00000000000003
Sink 28 SODDISFATTO. Flusso netto: 0.4, Demand: 0.4, percentage: 100.0
Sink 30 SODDISFATTO. Flusso netto: 0.9799999999999986, Demand: 0.98, percentage: 99.99999999999987
Sink 31 SODDISFATTO. Flusso netto: 0.4, Demand: 0.4, percentage: 100.0
Sink 32 SODDISFATTO. Flusso netto: 0.9999999999999996, Demand: 1.0, percentage: 99.99999999999996
Sink 34 SODDISFATTO. Flusso netto: 1.74, Demand: 1.74, percentage: 100.0
Sink 35 SODDISFATTO. Flusso netto: 1.3, Demand: 1.3, percentage: 100.0
Sink 37 SODDISFATTO. Flusso netto: 1.0, Demand: 1.0, percentage: 100.0
Sink 39 SODDISFATTO. Flusso netto: 0.4, Demand: 0.4, percentage: 100.0
Sink 40 SODDISFATTO. Flusso netto: 0.5, Demand: 0.5, percentage: 100.0
Sink 41 SODDISFATTO. Flusso netto: 1.0599999999999996, Demand: 1.06, percentage: 99.99999999999996
Sink 42 SODDISFATTO. Flusso netto: 2.8200000000000003, Demand: 2.82, percentage: 100.00000000000003
Sink 45 SODDISFATTO. Flusso netto: 0.68, Demand: 0.68, percentage: 100.0
Sink 46 SODDISFATTO. Flusso netto: 1.17, Demand: 1.17, percentage: 100.0
Sink 49 non è soddisfatto. Flusso netto: 6.497999999999999, Demand: 7.0, percentage: 92.82857142857142
Flusso totale entrante nei SINK: 95.24200000000002
Flusso totale uscente nei SINK: 49.304
Flusso totale netto nei SINK: 45.93800000000002
Total DEMAND dei SINK: 46.44
Percentual di flusso ai SINK: 0.989190353143842
Numero di Sink soddisfatti: 24.0, numero totale di sink: 25.0
Percentuale di Sink soddisfatti: 0.96

---------------------------------- DAY 216

Update Fixed Elements from Intrinsic Faults
Update Fixed Elements from Heavy Faults
Update Fixed Elements from Attack
Propagate Intrinsic Fault
Node NODO_11 has still failing due to Intrinsic Fault
pipeline ARCO_3 still has reduced capacity: 9.688 due to Intrinsic Fault
pipeline ARCO_90 still has reduced capacity: 1.6 due to Intrinsic Fault
pipeline ARCO_91 still has reduced capacity: 9.688 due to Intrinsic Fault
pipeline ARCO_92 still has reduced capacity: 39.328 due to Intrinsic Fault
pipeline V_EDGE_53_9 still has reduced capacity: 5.68 due to Intrinsic Fault
pipeline ARCO_20 still has reduced capacity: 1.6 due to Intrinsic Fault
pipeline ARCO_21 still has reduced capacity: 9.688 due to Intrinsic Fault
pipeline ARCO_22 still has reduced capacity: 39.328 due to Intrinsic Fault
pipeline ARCO_73 still has reduced capacity: 9.688 due to Intrinsic Fault
Propagate Heavy Faults
Propagate Attacks
Inject Intrinsic Failure To Source
Inject Heavy Fault To Sources
Inject Attack Multiple To Source
Inject Intrinsic Fault To Pipeline
Inject Heavy Fault To Pipeline
Inject Attack To Pipeline
----------- Statistics ------------
	Sources Under Attack: 0
	Sources with Heavy Fault: 0
	Sources with Intrinsic Fault: 1
	Arcs with reduce capacity due to Attack: 0
	Arcs with reduce capacity due to Heavy Fault: 0
	Arcs with reduce capacity due to Intrinsic Fault: 9
	Arcs with Attacks: 0
	Arcs with Heavy Fault: 0
	Arcs with Intrinsic Fault: 0
--------- SOURCES STATISTICS ---------------
Demand del real Source[0]: -31.0, flusso erogato: 11.397999999999998, flusso entrante: 0.0, efficienza: 36.76774193548387 %
Demand del real Source[8]: -10.5, flusso erogato: 3.8600000000000003, flusso entrante: 0.0, efficienza: 36.76190476190476 %
Demand del real Source[9]: -7.1, flusso erogato: 16.077999999999996, flusso entrante: 10.397999999999998, efficienza: 226.45070422535207 %
Demand del real Source[17]: -25.0, flusso erogato: 25.000000000000007, flusso entrante: 0.0, efficienza: 100.00000000000003 %
Flusso totale entrante nei Real Source: 10.397999999999998
Flusso totale uscente dai Real Source: 56.336000000000006
Flusso netto sui real Source: -45.93800000000001
--- SINKS STATISTICS ---
Sink 3 SODDISFATTO. Flusso netto: 3.43, Demand: 3.43, percentage: 100.0
Sink 4 SODDISFATTO. Flusso netto: 0.5700000000000003, Demand: 0.57, percentage: 100.00000000000007
Sink 5 SODDISFATTO. Flusso netto: 0.6600000000000001, Demand: 0.66, percentage: 100.00000000000003
Sink 11 SODDISFATTO. Flusso netto: 1.03, Demand: 1.03, percentage: 100.0
Sink 15 SODDISFATTO. Flusso netto: 0.46, Demand: 0.46, percentage: 100.0
Sink 16 SODDISFATTO. Flusso netto: 8.400000000000002, Demand: 8.4, percentage: 100.00000000000003
Sink 19 SODDISFATTO. Flusso netto: 0.5399999999999991, Demand: 0.54, percentage: 99.99999999999983
Sink 23 SODDISFATTO. Flusso netto: 0.5999999999999999, Demand: 0.6, percentage: 99.99999999999997
Sink 24 SODDISFATTO. Flusso netto: 0.8, Demand: 0.8, percentage: 100.0
Sink 25 SODDISFATTO. Flusso netto: 3.5, Demand: 3.5, percentage: 100.0
Sink 26 SODDISFATTO. Flusso netto: 6.000000000000002, Demand: 6.0, percentage: 100.00000000000003
Sink 28 SODDISFATTO. Flusso netto: 0.4, Demand: 0.4, percentage: 100.0
Sink 30 SODDISFATTO. Flusso netto: 0.9799999999999986, Demand: 0.98, percentage: 99.99999999999987
Sink 31 SODDISFATTO. Flusso netto: 0.4, Demand: 0.4, percentage: 100.0
Sink 32 SODDISFATTO. Flusso netto: 0.9999999999999996, Demand: 1.0, percentage: 99.99999999999996
Sink 34 SODDISFATTO. Flusso netto: 1.74, Demand: 1.74, percentage: 100.0
Sink 35 SODDISFATTO. Flusso netto: 1.3, Demand: 1.3, percentage: 100.0
Sink 37 SODDISFATTO. Flusso netto: 1.0, Demand: 1.0, percentage: 100.0
Sink 39 SODDISFATTO. Flusso netto: 0.4, Demand: 0.4, percentage: 100.0
Sink 40 SODDISFATTO. Flusso netto: 0.5, Demand: 0.5, percentage: 100.0
Sink 41 SODDISFATTO. Flusso netto: 1.0599999999999996, Demand: 1.06, percentage: 99.99999999999996
Sink 42 SODDISFATTO. Flusso netto: 2.8200000000000003, Demand: 2.82, percentage: 100.00000000000003
Sink 45 SODDISFATTO. Flusso netto: 0.68, Demand: 0.68, percentage: 100.0
Sink 46 SODDISFATTO. Flusso netto: 1.17, Demand: 1.17, percentage: 100.0
Sink 49 non è soddisfatto. Flusso netto: 6.497999999999999, Demand: 7.0, percentage: 92.82857142857142
Flusso totale entrante nei SINK: 95.24200000000002
Flusso totale uscente nei SINK: 49.304
Flusso totale netto nei SINK: 45.93800000000002
Total DEMAND dei SINK: 46.44
Percentual di flusso ai SINK: 0.989190353143842
Numero di Sink soddisfatti: 24.0, numero totale di sink: 25.0
Percentuale di Sink soddisfatti: 0.96

---------------------------------- DAY 217

Update Fixed Elements from Intrinsic Faults
Source NODO_11 fixed from Intrinsic Fault
Pipeline ARCO_3 fixed due to Source NODO_11 fixing from Intrinsic Fault
Pipeline ARCO_90 fixed due to Source NODO_11 fixing from Intrinsic Fault
Pipeline ARCO_91 fixed due to Source NODO_11 fixing from Intrinsic Fault
Pipeline ARCO_92 fixed due to Source NODO_11 fixing from Intrinsic Fault
Pipeline V_EDGE_53_9 fixed due to Source NODO_11 fixing from Intrinsic Fault
Pipeline ARCO_20 fixed due to Source NODO_11 fixing from Intrinsic Fault
Pipeline ARCO_21 fixed due to Source NODO_11 fixing from Intrinsic Fault
Pipeline ARCO_22 fixed due to Source NODO_11 fixing from Intrinsic Fault
Pipeline ARCO_73 fixed due to Source NODO_11 fixing from Intrinsic Fault
Update Fixed Elements from Heavy Faults
Update Fixed Elements from Attack
Propagate Intrinsic Fault
Propagate Heavy Faults
Propagate Attacks
Inject Intrinsic Failure To Source
Inject Heavy Fault To Sources
Inject Attack Multiple To Source
Inject Intrinsic Fault To Pipeline
Inject Heavy Fault To Pipeline
Inject Attack To Pipeline
----------- Statistics ------------
	Sources Under Attack: 0
	Sources with Heavy Fault: 0
	Sources with Intrinsic Fault: 0
	Arcs with reduce capacity due to Attack: 0
	Arcs with reduce capacity due to Heavy Fault: 0
	Arcs with reduce capacity due to Intrinsic Fault: 0
	Arcs with Attacks: 0
	Arcs with Heavy Fault: 0
	Arcs with Intrinsic Fault: 0
--------- SOURCES STATISTICS ---------------
Demand del real Source[0]: -31.0, flusso erogato: 10.129999999999997, flusso entrante: 0.0, efficienza: 32.6774193548387 %
Demand del real Source[8]: -10.5, flusso erogato: 3.8600000000000003, flusso entrante: 0.0, efficienza: 36.76190476190476 %
Demand del real Source[9]: -7.1, flusso erogato: 16.229999999999997, flusso entrante: 9.129999999999997, efficienza: 228.59154929577463 %
Demand del real Source[17]: -25.0, flusso erogato: 25.000000000000007, flusso entrante: 0.0, efficienza: 100.00000000000003 %
Flusso totale entrante nei Real Source: 9.129999999999997
Flusso totale uscente dai Real Source: 55.220000000000006
Flusso netto sui real Source: -46.09000000000001
--- SINKS STATISTICS ---
Sink 3 SODDISFATTO. Flusso netto: 3.43, Demand: 3.43, percentage: 100.0
Sink 4 SODDISFATTO. Flusso netto: 0.5700000000000003, Demand: 0.57, percentage: 100.00000000000007
Sink 5 SODDISFATTO. Flusso netto: 0.6600000000000001, Demand: 0.66, percentage: 100.00000000000003
Sink 11 SODDISFATTO. Flusso netto: 1.03, Demand: 1.03, percentage: 100.0
Sink 15 SODDISFATTO. Flusso netto: 0.46, Demand: 0.46, percentage: 100.0
Sink 16 SODDISFATTO. Flusso netto: 8.400000000000002, Demand: 8.4, percentage: 100.00000000000003
Sink 19 SODDISFATTO. Flusso netto: 0.5399999999999991, Demand: 0.54, percentage: 99.99999999999983
Sink 23 SODDISFATTO. Flusso netto: 0.5999999999999999, Demand: 0.6, percentage: 99.99999999999997
Sink 24 SODDISFATTO. Flusso netto: 0.8, Demand: 0.8, percentage: 100.0
Sink 25 SODDISFATTO. Flusso netto: 3.5, Demand: 3.5, percentage: 100.0
Sink 26 SODDISFATTO. Flusso netto: 6.000000000000002, Demand: 6.0, percentage: 100.00000000000003
Sink 28 SODDISFATTO. Flusso netto: 0.4, Demand: 0.4, percentage: 100.0
Sink 30 SODDISFATTO. Flusso netto: 0.9799999999999986, Demand: 0.98, percentage: 99.99999999999987
Sink 31 SODDISFATTO. Flusso netto: 0.4, Demand: 0.4, percentage: 100.0
Sink 32 SODDISFATTO. Flusso netto: 0.9999999999999996, Demand: 1.0, percentage: 99.99999999999996
Sink 34 SODDISFATTO. Flusso netto: 1.74, Demand: 1.74, percentage: 100.0
Sink 35 SODDISFATTO. Flusso netto: 1.3, Demand: 1.3, percentage: 100.0
Sink 37 SODDISFATTO. Flusso netto: 1.0, Demand: 1.0, percentage: 100.0
Sink 39 SODDISFATTO. Flusso netto: 0.4, Demand: 0.4, percentage: 100.0
Sink 40 SODDISFATTO. Flusso netto: 0.5, Demand: 0.5, percentage: 100.0
Sink 41 SODDISFATTO. Flusso netto: 1.06, Demand: 1.06, percentage: 100.0
Sink 42 SODDISFATTO. Flusso netto: 2.8199999999999994, Demand: 2.82, percentage: 99.99999999999999
Sink 45 SODDISFATTO. Flusso netto: 0.68, Demand: 0.68, percentage: 100.0
Sink 46 SODDISFATTO. Flusso netto: 1.17, Demand: 1.17, percentage: 100.0
Sink 49 non è soddisfatto. Flusso netto: 6.6499999999999995, Demand: 7.0, percentage: 95.0
Flusso totale entrante nei SINK: 92.61000000000001
Flusso totale uscente nei SINK: 46.52
Flusso totale netto nei SINK: 46.09000000000001
Total DEMAND dei SINK: 46.44
Percentual di flusso ai SINK: 0.9924633936261846
Numero di Sink soddisfatti: 24.0, numero totale di sink: 25.0
Percentuale di Sink soddisfatti: 0.96

---------------------------------- DAY 218

Update Fixed Elements from Intrinsic Faults
Update Fixed Elements from Heavy Faults
Update Fixed Elements from Attack
Propagate Intrinsic Fault
Propagate Heavy Faults
Propagate Attacks
Inject Intrinsic Failure To Source
Inject Heavy Fault To Sources
Inject Attack Multiple To Source
Inject Intrinsic Fault To Pipeline
Inject Heavy Fault To Pipeline
Inject Attack To Pipeline
----------- Statistics ------------
	Sources Under Attack: 0
	Sources with Heavy Fault: 0
	Sources with Intrinsic Fault: 0
	Arcs with reduce capacity due to Attack: 0
	Arcs with reduce capacity due to Heavy Fault: 0
	Arcs with reduce capacity due to Intrinsic Fault: 0
	Arcs with Attacks: 0
	Arcs with Heavy Fault: 0
	Arcs with Intrinsic Fault: 0
--------- SOURCES STATISTICS ---------------
Demand del real Source[0]: -31.0, flusso erogato: 10.129999999999997, flusso entrante: 0.0, efficienza: 32.6774193548387 %
Demand del real Source[8]: -10.5, flusso erogato: 3.8600000000000003, flusso entrante: 0.0, efficienza: 36.76190476190476 %
Demand del real Source[9]: -7.1, flusso erogato: 16.229999999999997, flusso entrante: 9.129999999999997, efficienza: 228.59154929577463 %
Demand del real Source[17]: -25.0, flusso erogato: 25.000000000000007, flusso entrante: 0.0, efficienza: 100.00000000000003 %
Flusso totale entrante nei Real Source: 9.129999999999997
Flusso totale uscente dai Real Source: 55.220000000000006
Flusso netto sui real Source: -46.09000000000001
--- SINKS STATISTICS ---
Sink 3 SODDISFATTO. Flusso netto: 3.43, Demand: 3.43, percentage: 100.0
Sink 4 SODDISFATTO. Flusso netto: 0.5700000000000003, Demand: 0.57, percentage: 100.00000000000007
Sink 5 SODDISFATTO. Flusso netto: 0.6600000000000001, Demand: 0.66, percentage: 100.00000000000003
Sink 11 SODDISFATTO. Flusso netto: 1.03, Demand: 1.03, percentage: 100.0
Sink 15 SODDISFATTO. Flusso netto: 0.46, Demand: 0.46, percentage: 100.0
Sink 16 SODDISFATTO. Flusso netto: 8.400000000000002, Demand: 8.4, percentage: 100.00000000000003
Sink 19 SODDISFATTO. Flusso netto: 0.5399999999999991, Demand: 0.54, percentage: 99.99999999999983
Sink 23 SODDISFATTO. Flusso netto: 0.5999999999999999, Demand: 0.6, percentage: 99.99999999999997
Sink 24 SODDISFATTO. Flusso netto: 0.8, Demand: 0.8, percentage: 100.0
Sink 25 SODDISFATTO. Flusso netto: 3.5, Demand: 3.5, percentage: 100.0
Sink 26 SODDISFATTO. Flusso netto: 6.000000000000002, Demand: 6.0, percentage: 100.00000000000003
Sink 28 SODDISFATTO. Flusso netto: 0.4, Demand: 0.4, percentage: 100.0
Sink 30 SODDISFATTO. Flusso netto: 0.9799999999999986, Demand: 0.98, percentage: 99.99999999999987
Sink 31 SODDISFATTO. Flusso netto: 0.4, Demand: 0.4, percentage: 100.0
Sink 32 SODDISFATTO. Flusso netto: 0.9999999999999996, Demand: 1.0, percentage: 99.99999999999996
Sink 34 SODDISFATTO. Flusso netto: 1.74, Demand: 1.74, percentage: 100.0
Sink 35 SODDISFATTO. Flusso netto: 1.3, Demand: 1.3, percentage: 100.0
Sink 37 SODDISFATTO. Flusso netto: 1.0, Demand: 1.0, percentage: 100.0
Sink 39 SODDISFATTO. Flusso netto: 0.4, Demand: 0.4, percentage: 100.0
Sink 40 SODDISFATTO. Flusso netto: 0.5, Demand: 0.5, percentage: 100.0
Sink 41 SODDISFATTO. Flusso netto: 1.06, Demand: 1.06, percentage: 100.0
Sink 42 SODDISFATTO. Flusso netto: 2.8199999999999994, Demand: 2.82, percentage: 99.99999999999999
Sink 45 SODDISFATTO. Flusso netto: 0.68, Demand: 0.68, percentage: 100.0
Sink 46 SODDISFATTO. Flusso netto: 1.17, Demand: 1.17, percentage: 100.0
Sink 49 non è soddisfatto. Flusso netto: 6.6499999999999995, Demand: 7.0, percentage: 95.0
Flusso totale entrante nei SINK: 92.61000000000001
Flusso totale uscente nei SINK: 46.52
Flusso totale netto nei SINK: 46.09000000000001
Total DEMAND dei SINK: 46.44
Percentual di flusso ai SINK: 0.9924633936261846
Numero di Sink soddisfatti: 24.0, numero totale di sink: 25.0
Percentuale di Sink soddisfatti: 0.96

---------------------------------- DAY 219

Update Fixed Elements from Intrinsic Faults
Update Fixed Elements from Heavy Faults
Update Fixed Elements from Attack
Propagate Intrinsic Fault
Propagate Heavy Faults
Propagate Attacks
Inject Intrinsic Failure To Source
Inject Heavy Fault To Sources
Inject Attack Multiple To Source
Inject Intrinsic Fault To Pipeline
Inject Heavy Fault To Pipeline
Inject Attack To Pipeline
----------- Statistics ------------
	Sources Under Attack: 0
	Sources with Heavy Fault: 0
	Sources with Intrinsic Fault: 0
	Arcs with reduce capacity due to Attack: 0
	Arcs with reduce capacity due to Heavy Fault: 0
	Arcs with reduce capacity due to Intrinsic Fault: 0
	Arcs with Attacks: 0
	Arcs with Heavy Fault: 0
	Arcs with Intrinsic Fault: 0
--------- SOURCES STATISTICS ---------------
Demand del real Source[0]: -31.0, flusso erogato: 10.129999999999997, flusso entrante: 0.0, efficienza: 32.6774193548387 %
Demand del real Source[8]: -10.5, flusso erogato: 3.8600000000000003, flusso entrante: 0.0, efficienza: 36.76190476190476 %
Demand del real Source[9]: -7.1, flusso erogato: 16.229999999999997, flusso entrante: 9.129999999999997, efficienza: 228.59154929577463 %
Demand del real Source[17]: -25.0, flusso erogato: 25.000000000000007, flusso entrante: 0.0, efficienza: 100.00000000000003 %
Flusso totale entrante nei Real Source: 9.129999999999997
Flusso totale uscente dai Real Source: 55.220000000000006
Flusso netto sui real Source: -46.09000000000001
--- SINKS STATISTICS ---
Sink 3 SODDISFATTO. Flusso netto: 3.43, Demand: 3.43, percentage: 100.0
Sink 4 SODDISFATTO. Flusso netto: 0.5700000000000003, Demand: 0.57, percentage: 100.00000000000007
Sink 5 SODDISFATTO. Flusso netto: 0.6600000000000001, Demand: 0.66, percentage: 100.00000000000003
Sink 11 SODDISFATTO. Flusso netto: 1.03, Demand: 1.03, percentage: 100.0
Sink 15 SODDISFATTO. Flusso netto: 0.46, Demand: 0.46, percentage: 100.0
Sink 16 SODDISFATTO. Flusso netto: 8.400000000000002, Demand: 8.4, percentage: 100.00000000000003
Sink 19 SODDISFATTO. Flusso netto: 0.5399999999999991, Demand: 0.54, percentage: 99.99999999999983
Sink 23 SODDISFATTO. Flusso netto: 0.5999999999999999, Demand: 0.6, percentage: 99.99999999999997
Sink 24 SODDISFATTO. Flusso netto: 0.8, Demand: 0.8, percentage: 100.0
Sink 25 SODDISFATTO. Flusso netto: 3.5, Demand: 3.5, percentage: 100.0
Sink 26 SODDISFATTO. Flusso netto: 6.000000000000002, Demand: 6.0, percentage: 100.00000000000003
Sink 28 SODDISFATTO. Flusso netto: 0.4, Demand: 0.4, percentage: 100.0
Sink 30 SODDISFATTO. Flusso netto: 0.9799999999999986, Demand: 0.98, percentage: 99.99999999999987
Sink 31 SODDISFATTO. Flusso netto: 0.4, Demand: 0.4, percentage: 100.0
Sink 32 SODDISFATTO. Flusso netto: 0.9999999999999996, Demand: 1.0, percentage: 99.99999999999996
Sink 34 SODDISFATTO. Flusso netto: 1.74, Demand: 1.74, percentage: 100.0
Sink 35 SODDISFATTO. Flusso netto: 1.3, Demand: 1.3, percentage: 100.0
Sink 37 SODDISFATTO. Flusso netto: 1.0, Demand: 1.0, percentage: 100.0
Sink 39 SODDISFATTO. Flusso netto: 0.4, Demand: 0.4, percentage: 100.0
Sink 40 SODDISFATTO. Flusso netto: 0.5, Demand: 0.5, percentage: 100.0
Sink 41 SODDISFATTO. Flusso netto: 1.06, Demand: 1.06, percentage: 100.0
Sink 42 SODDISFATTO. Flusso netto: 2.8199999999999994, Demand: 2.82, percentage: 99.99999999999999
Sink 45 SODDISFATTO. Flusso netto: 0.68, Demand: 0.68, percentage: 100.0
Sink 46 SODDISFATTO. Flusso netto: 1.17, Demand: 1.17, percentage: 100.0
Sink 49 non è soddisfatto. Flusso netto: 6.6499999999999995, Demand: 7.0, percentage: 95.0
Flusso totale entrante nei SINK: 92.61000000000001
Flusso totale uscente nei SINK: 46.52
Flusso totale netto nei SINK: 46.09000000000001
Total DEMAND dei SINK: 46.44
Percentual di flusso ai SINK: 0.9924633936261846
Numero di Sink soddisfatti: 24.0, numero totale di sink: 25.0
Percentuale di Sink soddisfatti: 0.96

---------------------------------- DAY 220

Update Fixed Elements from Intrinsic Faults
Update Fixed Elements from Heavy Faults
Update Fixed Elements from Attack
Propagate Intrinsic Fault
Propagate Heavy Faults
Propagate Attacks
Inject Intrinsic Failure To Source
Inject Heavy Fault To Sources
Inject Attack Multiple To Source
Inject Intrinsic Fault To Pipeline
Inject Heavy Fault To Pipeline
Inject Attack To Pipeline
----------- Statistics ------------
	Sources Under Attack: 0
	Sources with Heavy Fault: 0
	Sources with Intrinsic Fault: 0
	Arcs with reduce capacity due to Attack: 0
	Arcs with reduce capacity due to Heavy Fault: 0
	Arcs with reduce capacity due to Intrinsic Fault: 0
	Arcs with Attacks: 0
	Arcs with Heavy Fault: 0
	Arcs with Intrinsic Fault: 0
--------- SOURCES STATISTICS ---------------
Demand del real Source[0]: -31.0, flusso erogato: 10.129999999999997, flusso entrante: 0.0, efficienza: 32.6774193548387 %
Demand del real Source[8]: -10.5, flusso erogato: 3.8600000000000003, flusso entrante: 0.0, efficienza: 36.76190476190476 %
Demand del real Source[9]: -7.1, flusso erogato: 16.229999999999997, flusso entrante: 9.129999999999997, efficienza: 228.59154929577463 %
Demand del real Source[17]: -25.0, flusso erogato: 25.000000000000007, flusso entrante: 0.0, efficienza: 100.00000000000003 %
Flusso totale entrante nei Real Source: 9.129999999999997
Flusso totale uscente dai Real Source: 55.220000000000006
Flusso netto sui real Source: -46.09000000000001
--- SINKS STATISTICS ---
Sink 3 SODDISFATTO. Flusso netto: 3.43, Demand: 3.43, percentage: 100.0
Sink 4 SODDISFATTO. Flusso netto: 0.5700000000000003, Demand: 0.57, percentage: 100.00000000000007
Sink 5 SODDISFATTO. Flusso netto: 0.6600000000000001, Demand: 0.66, percentage: 100.00000000000003
Sink 11 SODDISFATTO. Flusso netto: 1.03, Demand: 1.03, percentage: 100.0
Sink 15 SODDISFATTO. Flusso netto: 0.46, Demand: 0.46, percentage: 100.0
Sink 16 SODDISFATTO. Flusso netto: 8.400000000000002, Demand: 8.4, percentage: 100.00000000000003
Sink 19 SODDISFATTO. Flusso netto: 0.5399999999999991, Demand: 0.54, percentage: 99.99999999999983
Sink 23 SODDISFATTO. Flusso netto: 0.5999999999999999, Demand: 0.6, percentage: 99.99999999999997
Sink 24 SODDISFATTO. Flusso netto: 0.8, Demand: 0.8, percentage: 100.0
Sink 25 SODDISFATTO. Flusso netto: 3.5, Demand: 3.5, percentage: 100.0
Sink 26 SODDISFATTO. Flusso netto: 6.000000000000002, Demand: 6.0, percentage: 100.00000000000003
Sink 28 SODDISFATTO. Flusso netto: 0.4, Demand: 0.4, percentage: 100.0
Sink 30 SODDISFATTO. Flusso netto: 0.9799999999999986, Demand: 0.98, percentage: 99.99999999999987
Sink 31 SODDISFATTO. Flusso netto: 0.4, Demand: 0.4, percentage: 100.0
Sink 32 SODDISFATTO. Flusso netto: 0.9999999999999996, Demand: 1.0, percentage: 99.99999999999996
Sink 34 SODDISFATTO. Flusso netto: 1.74, Demand: 1.74, percentage: 100.0
Sink 35 SODDISFATTO. Flusso netto: 1.3, Demand: 1.3, percentage: 100.0
Sink 37 SODDISFATTO. Flusso netto: 1.0, Demand: 1.0, percentage: 100.0
Sink 39 SODDISFATTO. Flusso netto: 0.4, Demand: 0.4, percentage: 100.0
Sink 40 SODDISFATTO. Flusso netto: 0.5, Demand: 0.5, percentage: 100.0
Sink 41 SODDISFATTO. Flusso netto: 1.06, Demand: 1.06, percentage: 100.0
Sink 42 SODDISFATTO. Flusso netto: 2.8199999999999994, Demand: 2.82, percentage: 99.99999999999999
Sink 45 SODDISFATTO. Flusso netto: 0.68, Demand: 0.68, percentage: 100.0
Sink 46 SODDISFATTO. Flusso netto: 1.17, Demand: 1.17, percentage: 100.0
Sink 49 non è soddisfatto. Flusso netto: 6.6499999999999995, Demand: 7.0, percentage: 95.0
Flusso totale entrante nei SINK: 92.61000000000001
Flusso totale uscente nei SINK: 46.52
Flusso totale netto nei SINK: 46.09000000000001
Total DEMAND dei SINK: 46.44
Percentual di flusso ai SINK: 0.9924633936261846
Numero di Sink soddisfatti: 24.0, numero totale di sink: 25.0
Percentuale di Sink soddisfatti: 0.96

---------------------------------- DAY 221

Update Fixed Elements from Intrinsic Faults
Update Fixed Elements from Heavy Faults
Update Fixed Elements from Attack
Propagate Intrinsic Fault
Propagate Heavy Faults
Propagate Attacks
Inject Intrinsic Failure To Source
Inject Heavy Fault To Sources
Inject Attack Multiple To Source
Inject Intrinsic Fault To Pipeline
Inject Heavy Fault To Pipeline
Inject Attack To Pipeline
----------- Statistics ------------
	Sources Under Attack: 0
	Sources with Heavy Fault: 0
	Sources with Intrinsic Fault: 0
	Arcs with reduce capacity due to Attack: 0
	Arcs with reduce capacity due to Heavy Fault: 0
	Arcs with reduce capacity due to Intrinsic Fault: 0
	Arcs with Attacks: 0
	Arcs with Heavy Fault: 0
	Arcs with Intrinsic Fault: 0
--------- SOURCES STATISTICS ---------------
Demand del real Source[0]: -31.0, flusso erogato: 10.129999999999997, flusso entrante: 0.0, efficienza: 32.6774193548387 %
Demand del real Source[8]: -10.5, flusso erogato: 3.8600000000000003, flusso entrante: 0.0, efficienza: 36.76190476190476 %
Demand del real Source[9]: -7.1, flusso erogato: 16.229999999999997, flusso entrante: 9.129999999999997, efficienza: 228.59154929577463 %
Demand del real Source[17]: -25.0, flusso erogato: 25.000000000000007, flusso entrante: 0.0, efficienza: 100.00000000000003 %
Flusso totale entrante nei Real Source: 9.129999999999997
Flusso totale uscente dai Real Source: 55.220000000000006
Flusso netto sui real Source: -46.09000000000001
--- SINKS STATISTICS ---
Sink 3 SODDISFATTO. Flusso netto: 3.43, Demand: 3.43, percentage: 100.0
Sink 4 SODDISFATTO. Flusso netto: 0.5700000000000003, Demand: 0.57, percentage: 100.00000000000007
Sink 5 SODDISFATTO. Flusso netto: 0.6600000000000001, Demand: 0.66, percentage: 100.00000000000003
Sink 11 SODDISFATTO. Flusso netto: 1.03, Demand: 1.03, percentage: 100.0
Sink 15 SODDISFATTO. Flusso netto: 0.46, Demand: 0.46, percentage: 100.0
Sink 16 SODDISFATTO. Flusso netto: 8.400000000000002, Demand: 8.4, percentage: 100.00000000000003
Sink 19 SODDISFATTO. Flusso netto: 0.5399999999999991, Demand: 0.54, percentage: 99.99999999999983
Sink 23 SODDISFATTO. Flusso netto: 0.5999999999999999, Demand: 0.6, percentage: 99.99999999999997
Sink 24 SODDISFATTO. Flusso netto: 0.8, Demand: 0.8, percentage: 100.0
Sink 25 SODDISFATTO. Flusso netto: 3.5, Demand: 3.5, percentage: 100.0
Sink 26 SODDISFATTO. Flusso netto: 6.000000000000002, Demand: 6.0, percentage: 100.00000000000003
Sink 28 SODDISFATTO. Flusso netto: 0.4, Demand: 0.4, percentage: 100.0
Sink 30 SODDISFATTO. Flusso netto: 0.9799999999999986, Demand: 0.98, percentage: 99.99999999999987
Sink 31 SODDISFATTO. Flusso netto: 0.4, Demand: 0.4, percentage: 100.0
Sink 32 SODDISFATTO. Flusso netto: 0.9999999999999996, Demand: 1.0, percentage: 99.99999999999996
Sink 34 SODDISFATTO. Flusso netto: 1.74, Demand: 1.74, percentage: 100.0
Sink 35 SODDISFATTO. Flusso netto: 1.3, Demand: 1.3, percentage: 100.0
Sink 37 SODDISFATTO. Flusso netto: 1.0, Demand: 1.0, percentage: 100.0
Sink 39 SODDISFATTO. Flusso netto: 0.4, Demand: 0.4, percentage: 100.0
Sink 40 SODDISFATTO. Flusso netto: 0.5, Demand: 0.5, percentage: 100.0
Sink 41 SODDISFATTO. Flusso netto: 1.06, Demand: 1.06, percentage: 100.0
Sink 42 SODDISFATTO. Flusso netto: 2.8199999999999994, Demand: 2.82, percentage: 99.99999999999999
Sink 45 SODDISFATTO. Flusso netto: 0.68, Demand: 0.68, percentage: 100.0
Sink 46 SODDISFATTO. Flusso netto: 1.17, Demand: 1.17, percentage: 100.0
Sink 49 non è soddisfatto. Flusso netto: 6.6499999999999995, Demand: 7.0, percentage: 95.0
Flusso totale entrante nei SINK: 92.61000000000001
Flusso totale uscente nei SINK: 46.52
Flusso totale netto nei SINK: 46.09000000000001
Total DEMAND dei SINK: 46.44
Percentual di flusso ai SINK: 0.9924633936261846
Numero di Sink soddisfatti: 24.0, numero totale di sink: 25.0
Percentuale di Sink soddisfatti: 0.96

---------------------------------- DAY 222

Update Fixed Elements from Intrinsic Faults
Update Fixed Elements from Heavy Faults
Update Fixed Elements from Attack
Propagate Intrinsic Fault
Propagate Heavy Faults
Propagate Attacks
Inject Intrinsic Failure To Source
Inject Heavy Fault To Sources
Inject Attack Multiple To Source
Inject Intrinsic Fault To Pipeline
Inject Heavy Fault To Pipeline
Inject Attack To Pipeline
----------- Statistics ------------
	Sources Under Attack: 0
	Sources with Heavy Fault: 0
	Sources with Intrinsic Fault: 0
	Arcs with reduce capacity due to Attack: 0
	Arcs with reduce capacity due to Heavy Fault: 0
	Arcs with reduce capacity due to Intrinsic Fault: 0
	Arcs with Attacks: 0
	Arcs with Heavy Fault: 0
	Arcs with Intrinsic Fault: 0
--------- SOURCES STATISTICS ---------------
Demand del real Source[0]: -31.0, flusso erogato: 10.129999999999997, flusso entrante: 0.0, efficienza: 32.6774193548387 %
Demand del real Source[8]: -10.5, flusso erogato: 3.8600000000000003, flusso entrante: 0.0, efficienza: 36.76190476190476 %
Demand del real Source[9]: -7.1, flusso erogato: 16.229999999999997, flusso entrante: 9.129999999999997, efficienza: 228.59154929577463 %
Demand del real Source[17]: -25.0, flusso erogato: 25.000000000000007, flusso entrante: 0.0, efficienza: 100.00000000000003 %
Flusso totale entrante nei Real Source: 9.129999999999997
Flusso totale uscente dai Real Source: 55.220000000000006
Flusso netto sui real Source: -46.09000000000001
--- SINKS STATISTICS ---
Sink 3 SODDISFATTO. Flusso netto: 3.43, Demand: 3.43, percentage: 100.0
Sink 4 SODDISFATTO. Flusso netto: 0.5700000000000003, Demand: 0.57, percentage: 100.00000000000007
Sink 5 SODDISFATTO. Flusso netto: 0.6600000000000001, Demand: 0.66, percentage: 100.00000000000003
Sink 11 SODDISFATTO. Flusso netto: 1.03, Demand: 1.03, percentage: 100.0
Sink 15 SODDISFATTO. Flusso netto: 0.46, Demand: 0.46, percentage: 100.0
Sink 16 SODDISFATTO. Flusso netto: 8.400000000000002, Demand: 8.4, percentage: 100.00000000000003
Sink 19 SODDISFATTO. Flusso netto: 0.5399999999999991, Demand: 0.54, percentage: 99.99999999999983
Sink 23 SODDISFATTO. Flusso netto: 0.5999999999999999, Demand: 0.6, percentage: 99.99999999999997
Sink 24 SODDISFATTO. Flusso netto: 0.8, Demand: 0.8, percentage: 100.0
Sink 25 SODDISFATTO. Flusso netto: 3.5, Demand: 3.5, percentage: 100.0
Sink 26 SODDISFATTO. Flusso netto: 6.000000000000002, Demand: 6.0, percentage: 100.00000000000003
Sink 28 SODDISFATTO. Flusso netto: 0.4, Demand: 0.4, percentage: 100.0
Sink 30 SODDISFATTO. Flusso netto: 0.9799999999999986, Demand: 0.98, percentage: 99.99999999999987
Sink 31 SODDISFATTO. Flusso netto: 0.4, Demand: 0.4, percentage: 100.0
Sink 32 SODDISFATTO. Flusso netto: 0.9999999999999996, Demand: 1.0, percentage: 99.99999999999996
Sink 34 SODDISFATTO. Flusso netto: 1.74, Demand: 1.74, percentage: 100.0
Sink 35 SODDISFATTO. Flusso netto: 1.3, Demand: 1.3, percentage: 100.0
Sink 37 SODDISFATTO. Flusso netto: 1.0, Demand: 1.0, percentage: 100.0
Sink 39 SODDISFATTO. Flusso netto: 0.4, Demand: 0.4, percentage: 100.0
Sink 40 SODDISFATTO. Flusso netto: 0.5, Demand: 0.5, percentage: 100.0
Sink 41 SODDISFATTO. Flusso netto: 1.06, Demand: 1.06, percentage: 100.0
Sink 42 SODDISFATTO. Flusso netto: 2.8199999999999994, Demand: 2.82, percentage: 99.99999999999999
Sink 45 SODDISFATTO. Flusso netto: 0.68, Demand: 0.68, percentage: 100.0
Sink 46 SODDISFATTO. Flusso netto: 1.17, Demand: 1.17, percentage: 100.0
Sink 49 non è soddisfatto. Flusso netto: 6.6499999999999995, Demand: 7.0, percentage: 95.0
Flusso totale entrante nei SINK: 92.61000000000001
Flusso totale uscente nei SINK: 46.52
Flusso totale netto nei SINK: 46.09000000000001
Total DEMAND dei SINK: 46.44
Percentual di flusso ai SINK: 0.9924633936261846
Numero di Sink soddisfatti: 24.0, numero totale di sink: 25.0
Percentuale di Sink soddisfatti: 0.96

---------------------------------- DAY 223

Update Fixed Elements from Intrinsic Faults
Update Fixed Elements from Heavy Faults
Update Fixed Elements from Attack
Propagate Intrinsic Fault
Propagate Heavy Faults
Propagate Attacks
Inject Intrinsic Failure To Source
Inject Heavy Fault To Sources
Inject Attack Multiple To Source
Inject Intrinsic Fault To Pipeline
Inject Heavy Fault To Pipeline
Inject Attack To Pipeline
----------- Statistics ------------
	Sources Under Attack: 0
	Sources with Heavy Fault: 0
	Sources with Intrinsic Fault: 0
	Arcs with reduce capacity due to Attack: 0
	Arcs with reduce capacity due to Heavy Fault: 0
	Arcs with reduce capacity due to Intrinsic Fault: 0
	Arcs with Attacks: 0
	Arcs with Heavy Fault: 0
	Arcs with Intrinsic Fault: 0
--------- SOURCES STATISTICS ---------------
Demand del real Source[0]: -31.0, flusso erogato: 10.129999999999997, flusso entrante: 0.0, efficienza: 32.6774193548387 %
Demand del real Source[8]: -10.5, flusso erogato: 3.8600000000000003, flusso entrante: 0.0, efficienza: 36.76190476190476 %
Demand del real Source[9]: -7.1, flusso erogato: 16.229999999999997, flusso entrante: 9.129999999999997, efficienza: 228.59154929577463 %
Demand del real Source[17]: -25.0, flusso erogato: 25.000000000000007, flusso entrante: 0.0, efficienza: 100.00000000000003 %
Flusso totale entrante nei Real Source: 9.129999999999997
Flusso totale uscente dai Real Source: 55.220000000000006
Flusso netto sui real Source: -46.09000000000001
--- SINKS STATISTICS ---
Sink 3 SODDISFATTO. Flusso netto: 3.43, Demand: 3.43, percentage: 100.0
Sink 4 SODDISFATTO. Flusso netto: 0.5700000000000003, Demand: 0.57, percentage: 100.00000000000007
Sink 5 SODDISFATTO. Flusso netto: 0.6600000000000001, Demand: 0.66, percentage: 100.00000000000003
Sink 11 SODDISFATTO. Flusso netto: 1.03, Demand: 1.03, percentage: 100.0
Sink 15 SODDISFATTO. Flusso netto: 0.46, Demand: 0.46, percentage: 100.0
Sink 16 SODDISFATTO. Flusso netto: 8.400000000000002, Demand: 8.4, percentage: 100.00000000000003
Sink 19 SODDISFATTO. Flusso netto: 0.5399999999999991, Demand: 0.54, percentage: 99.99999999999983
Sink 23 SODDISFATTO. Flusso netto: 0.5999999999999999, Demand: 0.6, percentage: 99.99999999999997
Sink 24 SODDISFATTO. Flusso netto: 0.8, Demand: 0.8, percentage: 100.0
Sink 25 SODDISFATTO. Flusso netto: 3.5, Demand: 3.5, percentage: 100.0
Sink 26 SODDISFATTO. Flusso netto: 6.000000000000002, Demand: 6.0, percentage: 100.00000000000003
Sink 28 SODDISFATTO. Flusso netto: 0.4, Demand: 0.4, percentage: 100.0
Sink 30 SODDISFATTO. Flusso netto: 0.9799999999999986, Demand: 0.98, percentage: 99.99999999999987
Sink 31 SODDISFATTO. Flusso netto: 0.4, Demand: 0.4, percentage: 100.0
Sink 32 SODDISFATTO. Flusso netto: 0.9999999999999996, Demand: 1.0, percentage: 99.99999999999996
Sink 34 SODDISFATTO. Flusso netto: 1.74, Demand: 1.74, percentage: 100.0
Sink 35 SODDISFATTO. Flusso netto: 1.3, Demand: 1.3, percentage: 100.0
Sink 37 SODDISFATTO. Flusso netto: 1.0, Demand: 1.0, percentage: 100.0
Sink 39 SODDISFATTO. Flusso netto: 0.4, Demand: 0.4, percentage: 100.0
Sink 40 SODDISFATTO. Flusso netto: 0.5, Demand: 0.5, percentage: 100.0
Sink 41 SODDISFATTO. Flusso netto: 1.06, Demand: 1.06, percentage: 100.0
Sink 42 SODDISFATTO. Flusso netto: 2.8199999999999994, Demand: 2.82, percentage: 99.99999999999999
Sink 45 SODDISFATTO. Flusso netto: 0.68, Demand: 0.68, percentage: 100.0
Sink 46 SODDISFATTO. Flusso netto: 1.17, Demand: 1.17, percentage: 100.0
Sink 49 non è soddisfatto. Flusso netto: 6.6499999999999995, Demand: 7.0, percentage: 95.0
Flusso totale entrante nei SINK: 92.61000000000001
Flusso totale uscente nei SINK: 46.52
Flusso totale netto nei SINK: 46.09000000000001
Total DEMAND dei SINK: 46.44
Percentual di flusso ai SINK: 0.9924633936261846
Numero di Sink soddisfatti: 24.0, numero totale di sink: 25.0
Percentuale di Sink soddisfatti: 0.96

---------------------------------- DAY 224

Update Fixed Elements from Intrinsic Faults
Update Fixed Elements from Heavy Faults
Update Fixed Elements from Attack
Propagate Intrinsic Fault
Propagate Heavy Faults
Propagate Attacks
Inject Intrinsic Failure To Source
Inject Heavy Fault To Sources
Inject Attack Multiple To Source
Inject Intrinsic Fault To Pipeline
Inject Heavy Fault To Pipeline
Inject Attack To Pipeline
----------- Statistics ------------
	Sources Under Attack: 0
	Sources with Heavy Fault: 0
	Sources with Intrinsic Fault: 0
	Arcs with reduce capacity due to Attack: 0
	Arcs with reduce capacity due to Heavy Fault: 0
	Arcs with reduce capacity due to Intrinsic Fault: 0
	Arcs with Attacks: 0
	Arcs with Heavy Fault: 0
	Arcs with Intrinsic Fault: 0
--------- SOURCES STATISTICS ---------------
Demand del real Source[0]: -31.0, flusso erogato: 10.129999999999997, flusso entrante: 0.0, efficienza: 32.6774193548387 %
Demand del real Source[8]: -10.5, flusso erogato: 3.8600000000000003, flusso entrante: 0.0, efficienza: 36.76190476190476 %
Demand del real Source[9]: -7.1, flusso erogato: 16.229999999999997, flusso entrante: 9.129999999999997, efficienza: 228.59154929577463 %
Demand del real Source[17]: -25.0, flusso erogato: 25.000000000000007, flusso entrante: 0.0, efficienza: 100.00000000000003 %
Flusso totale entrante nei Real Source: 9.129999999999997
Flusso totale uscente dai Real Source: 55.220000000000006
Flusso netto sui real Source: -46.09000000000001
--- SINKS STATISTICS ---
Sink 3 SODDISFATTO. Flusso netto: 3.43, Demand: 3.43, percentage: 100.0
Sink 4 SODDISFATTO. Flusso netto: 0.5700000000000003, Demand: 0.57, percentage: 100.00000000000007
Sink 5 SODDISFATTO. Flusso netto: 0.6600000000000001, Demand: 0.66, percentage: 100.00000000000003
Sink 11 SODDISFATTO. Flusso netto: 1.03, Demand: 1.03, percentage: 100.0
Sink 15 SODDISFATTO. Flusso netto: 0.46, Demand: 0.46, percentage: 100.0
Sink 16 SODDISFATTO. Flusso netto: 8.400000000000002, Demand: 8.4, percentage: 100.00000000000003
Sink 19 SODDISFATTO. Flusso netto: 0.5399999999999991, Demand: 0.54, percentage: 99.99999999999983
Sink 23 SODDISFATTO. Flusso netto: 0.5999999999999999, Demand: 0.6, percentage: 99.99999999999997
Sink 24 SODDISFATTO. Flusso netto: 0.8, Demand: 0.8, percentage: 100.0
Sink 25 SODDISFATTO. Flusso netto: 3.5, Demand: 3.5, percentage: 100.0
Sink 26 SODDISFATTO. Flusso netto: 6.000000000000002, Demand: 6.0, percentage: 100.00000000000003
Sink 28 SODDISFATTO. Flusso netto: 0.4, Demand: 0.4, percentage: 100.0
Sink 30 SODDISFATTO. Flusso netto: 0.9799999999999986, Demand: 0.98, percentage: 99.99999999999987
Sink 31 SODDISFATTO. Flusso netto: 0.4, Demand: 0.4, percentage: 100.0
Sink 32 SODDISFATTO. Flusso netto: 0.9999999999999996, Demand: 1.0, percentage: 99.99999999999996
Sink 34 SODDISFATTO. Flusso netto: 1.74, Demand: 1.74, percentage: 100.0
Sink 35 SODDISFATTO. Flusso netto: 1.3, Demand: 1.3, percentage: 100.0
Sink 37 SODDISFATTO. Flusso netto: 1.0, Demand: 1.0, percentage: 100.0
Sink 39 SODDISFATTO. Flusso netto: 0.4, Demand: 0.4, percentage: 100.0
Sink 40 SODDISFATTO. Flusso netto: 0.5, Demand: 0.5, percentage: 100.0
Sink 41 SODDISFATTO. Flusso netto: 1.06, Demand: 1.06, percentage: 100.0
Sink 42 SODDISFATTO. Flusso netto: 2.8199999999999994, Demand: 2.82, percentage: 99.99999999999999
Sink 45 SODDISFATTO. Flusso netto: 0.68, Demand: 0.68, percentage: 100.0
Sink 46 SODDISFATTO. Flusso netto: 1.17, Demand: 1.17, percentage: 100.0
Sink 49 non è soddisfatto. Flusso netto: 6.6499999999999995, Demand: 7.0, percentage: 95.0
Flusso totale entrante nei SINK: 92.61000000000001
Flusso totale uscente nei SINK: 46.52
Flusso totale netto nei SINK: 46.09000000000001
Total DEMAND dei SINK: 46.44
Percentual di flusso ai SINK: 0.9924633936261846
Numero di Sink soddisfatti: 24.0, numero totale di sink: 25.0
Percentuale di Sink soddisfatti: 0.96

---------------------------------- DAY 225

Update Fixed Elements from Intrinsic Faults
Update Fixed Elements from Heavy Faults
Update Fixed Elements from Attack
Propagate Intrinsic Fault
Propagate Heavy Faults
Propagate Attacks
Inject Intrinsic Failure To Source
Inject Heavy Fault To Sources
Inject Attack Multiple To Source
Inject Intrinsic Fault To Pipeline
Inject Heavy Fault To Pipeline
Inject Attack To Pipeline
----------- Statistics ------------
	Sources Under Attack: 0
	Sources with Heavy Fault: 0
	Sources with Intrinsic Fault: 0
	Arcs with reduce capacity due to Attack: 0
	Arcs with reduce capacity due to Heavy Fault: 0
	Arcs with reduce capacity due to Intrinsic Fault: 0
	Arcs with Attacks: 0
	Arcs with Heavy Fault: 0
	Arcs with Intrinsic Fault: 0
--------- SOURCES STATISTICS ---------------
Demand del real Source[0]: -31.0, flusso erogato: 10.129999999999997, flusso entrante: 0.0, efficienza: 32.6774193548387 %
Demand del real Source[8]: -10.5, flusso erogato: 3.8600000000000003, flusso entrante: 0.0, efficienza: 36.76190476190476 %
Demand del real Source[9]: -7.1, flusso erogato: 16.229999999999997, flusso entrante: 9.129999999999997, efficienza: 228.59154929577463 %
Demand del real Source[17]: -25.0, flusso erogato: 25.000000000000007, flusso entrante: 0.0, efficienza: 100.00000000000003 %
Flusso totale entrante nei Real Source: 9.129999999999997
Flusso totale uscente dai Real Source: 55.220000000000006
Flusso netto sui real Source: -46.09000000000001
--- SINKS STATISTICS ---
Sink 3 SODDISFATTO. Flusso netto: 3.43, Demand: 3.43, percentage: 100.0
Sink 4 SODDISFATTO. Flusso netto: 0.5700000000000003, Demand: 0.57, percentage: 100.00000000000007
Sink 5 SODDISFATTO. Flusso netto: 0.6600000000000001, Demand: 0.66, percentage: 100.00000000000003
Sink 11 SODDISFATTO. Flusso netto: 1.03, Demand: 1.03, percentage: 100.0
Sink 15 SODDISFATTO. Flusso netto: 0.46, Demand: 0.46, percentage: 100.0
Sink 16 SODDISFATTO. Flusso netto: 8.400000000000002, Demand: 8.4, percentage: 100.00000000000003
Sink 19 SODDISFATTO. Flusso netto: 0.5399999999999991, Demand: 0.54, percentage: 99.99999999999983
Sink 23 SODDISFATTO. Flusso netto: 0.5999999999999999, Demand: 0.6, percentage: 99.99999999999997
Sink 24 SODDISFATTO. Flusso netto: 0.8, Demand: 0.8, percentage: 100.0
Sink 25 SODDISFATTO. Flusso netto: 3.5, Demand: 3.5, percentage: 100.0
Sink 26 SODDISFATTO. Flusso netto: 6.000000000000002, Demand: 6.0, percentage: 100.00000000000003
Sink 28 SODDISFATTO. Flusso netto: 0.4, Demand: 0.4, percentage: 100.0
Sink 30 SODDISFATTO. Flusso netto: 0.9799999999999986, Demand: 0.98, percentage: 99.99999999999987
Sink 31 SODDISFATTO. Flusso netto: 0.4, Demand: 0.4, percentage: 100.0
Sink 32 SODDISFATTO. Flusso netto: 0.9999999999999996, Demand: 1.0, percentage: 99.99999999999996
Sink 34 SODDISFATTO. Flusso netto: 1.74, Demand: 1.74, percentage: 100.0
Sink 35 SODDISFATTO. Flusso netto: 1.3, Demand: 1.3, percentage: 100.0
Sink 37 SODDISFATTO. Flusso netto: 1.0, Demand: 1.0, percentage: 100.0
Sink 39 SODDISFATTO. Flusso netto: 0.4, Demand: 0.4, percentage: 100.0
Sink 40 SODDISFATTO. Flusso netto: 0.5, Demand: 0.5, percentage: 100.0
Sink 41 SODDISFATTO. Flusso netto: 1.06, Demand: 1.06, percentage: 100.0
Sink 42 SODDISFATTO. Flusso netto: 2.8199999999999994, Demand: 2.82, percentage: 99.99999999999999
Sink 45 SODDISFATTO. Flusso netto: 0.68, Demand: 0.68, percentage: 100.0
Sink 46 SODDISFATTO. Flusso netto: 1.17, Demand: 1.17, percentage: 100.0
Sink 49 non è soddisfatto. Flusso netto: 6.6499999999999995, Demand: 7.0, percentage: 95.0
Flusso totale entrante nei SINK: 92.61000000000001
Flusso totale uscente nei SINK: 46.52
Flusso totale netto nei SINK: 46.09000000000001
Total DEMAND dei SINK: 46.44
Percentual di flusso ai SINK: 0.9924633936261846
Numero di Sink soddisfatti: 24.0, numero totale di sink: 25.0
Percentuale di Sink soddisfatti: 0.96

---------------------------------- DAY 226

Update Fixed Elements from Intrinsic Faults
Update Fixed Elements from Heavy Faults
Update Fixed Elements from Attack
Propagate Intrinsic Fault
Propagate Heavy Faults
Propagate Attacks
Inject Intrinsic Failure To Source
Source NODO_10 is failing for an Intrinsic Fault in day: 226
pipeline ARCO_17 has reduced capacity due to NODO_10 Intrinsic fault
pipeline ARCO_88 has reduced capacity due to NODO_10 Intrinsic fault
pipeline ARCO_89 has reduced capacity due to NODO_10 Intrinsic fault
pipeline V_EDGE_53_8 has reduced capacity due to NODO_10 Intrinsic fault
pipeline ARCO_18 has reduced capacity due to NODO_10 Intrinsic fault
pipeline ARCO_19 has reduced capacity due to NODO_10 Intrinsic fault
pipeline ARCO_87 has reduced capacity due to NODO_10 Intrinsic fault
Source NODO_11 is failing for an Intrinsic Fault in day: 226
pipeline ARCO_3 has reduced capacity due to NODO_11 Intrinsic fault
pipeline ARCO_90 has reduced capacity due to NODO_11 Intrinsic fault
pipeline ARCO_91 has reduced capacity due to NODO_11 Intrinsic fault
pipeline ARCO_92 has reduced capacity due to NODO_11 Intrinsic fault
pipeline V_EDGE_53_9 has reduced capacity due to NODO_11 Intrinsic fault
pipeline ARCO_20 has reduced capacity due to NODO_11 Intrinsic fault
pipeline ARCO_21 has reduced capacity due to NODO_11 Intrinsic fault
pipeline ARCO_22 has reduced capacity due to NODO_11 Intrinsic fault
pipeline ARCO_73 has reduced capacity due to NODO_11 Intrinsic fault
Inject Heavy Fault To Sources
Inject Attack Multiple To Source
Inject Intrinsic Fault To Pipeline
Inject Heavy Fault To Pipeline
Inject Attack To Pipeline
----------- Statistics ------------
	Sources Under Attack: 0
	Sources with Heavy Fault: 0
	Sources with Intrinsic Fault: 2
	Arcs with reduce capacity due to Attack: 0
	Arcs with reduce capacity due to Heavy Fault: 0
	Arcs with reduce capacity due to Intrinsic Fault: 16
	Arcs with Attacks: 0
	Arcs with Heavy Fault: 0
	Arcs with Intrinsic Fault: 0
--------- SOURCES STATISTICS ---------------
Demand del real Source[0]: -31.0, flusso erogato: 12.427999999999997, flusso entrante: 0.0, efficienza: 40.09032258064516 %
Demand del real Source[8]: -10.5, flusso erogato: 0.0, flusso entrante: 0.0, efficienza: 0.0 %
Demand del real Source[9]: -7.1, flusso erogato: 17.107999999999997, flusso entrante: 11.427999999999999, efficienza: 240.9577464788732 %
Demand del real Source[17]: -25.0, flusso erogato: 25.000000000000007, flusso entrante: 0.0, efficienza: 100.00000000000003 %
Flusso totale entrante nei Real Source: 11.427999999999999
Flusso totale uscente dai Real Source: 54.536
Flusso netto sui real Source: -43.108000000000004
--- SINKS STATISTICS ---
Sink 3 SODDISFATTO. Flusso netto: 3.43, Demand: 3.43, percentage: 100.0
Sink 4 SODDISFATTO. Flusso netto: 0.5700000000000003, Demand: 0.57, percentage: 100.00000000000007
Sink 5 SODDISFATTO. Flusso netto: 0.6599999999999997, Demand: 0.66, percentage: 99.99999999999994
Sink 11 SODDISFATTO. Flusso netto: 1.03, Demand: 1.03, percentage: 100.0
Sink 15 SODDISFATTO. Flusso netto: 0.46, Demand: 0.46, percentage: 100.0
Sink 16 SODDISFATTO. Flusso netto: 8.400000000000002, Demand: 8.4, percentage: 100.00000000000003
Sink 19 SODDISFATTO. Flusso netto: 0.5399999999999991, Demand: 0.54, percentage: 99.99999999999983
Sink 23 SODDISFATTO. Flusso netto: 0.5999999999999999, Demand: 0.6, percentage: 99.99999999999997
Sink 24 SODDISFATTO. Flusso netto: 0.8, Demand: 0.8, percentage: 100.0
Sink 25 SODDISFATTO. Flusso netto: 3.5, Demand: 3.5, percentage: 100.0
Sink 26 SODDISFATTO. Flusso netto: 6.000000000000002, Demand: 6.0, percentage: 100.00000000000003
Sink 28 SODDISFATTO. Flusso netto: 0.4, Demand: 0.4, percentage: 100.0
Sink 30 SODDISFATTO. Flusso netto: 0.9799999999999986, Demand: 0.98, percentage: 99.99999999999987
Sink 31 SODDISFATTO. Flusso netto: 0.4, Demand: 0.4, percentage: 100.0
Sink 32 SODDISFATTO. Flusso netto: 0.9999999999999996, Demand: 1.0, percentage: 99.99999999999996
Sink 34 SODDISFATTO. Flusso netto: 1.74, Demand: 1.74, percentage: 100.0
Sink 35 SODDISFATTO. Flusso netto: 1.3, Demand: 1.3, percentage: 100.0
Sink 37 SODDISFATTO. Flusso netto: 1.0, Demand: 1.0, percentage: 100.0
Sink 39 SODDISFATTO. Flusso netto: 0.4, Demand: 0.4, percentage: 100.0
Sink 40 SODDISFATTO. Flusso netto: 0.5, Demand: 0.5, percentage: 100.0
Sink 41 SODDISFATTO. Flusso netto: 1.0599999999999996, Demand: 1.06, percentage: 99.99999999999996
Sink 42 SODDISFATTO. Flusso netto: 2.8200000000000003, Demand: 2.82, percentage: 100.00000000000003
Sink 45 SODDISFATTO. Flusso netto: 0.68, Demand: 0.68, percentage: 100.0
Sink 46 SODDISFATTO. Flusso netto: 1.17, Demand: 1.17, percentage: 100.0
Sink 49 non è soddisfatto. Flusso netto: 3.6679999999999997, Demand: 7.0, percentage: 52.39999999999999
Flusso totale entrante nei SINK: 91.75200000000002
Flusso totale uscente nei SINK: 48.64399999999999
Flusso totale netto nei SINK: 43.10800000000003
Total DEMAND dei SINK: 46.44
Percentual di flusso ai SINK: 0.9282515073212755
Numero di Sink soddisfatti: 24.0, numero totale di sink: 25.0
Percentuale di Sink soddisfatti: 0.96

---------------------------------- DAY 227

Update Fixed Elements from Intrinsic Faults
Update Fixed Elements from Heavy Faults
Update Fixed Elements from Attack
Propagate Intrinsic Fault
Node NODO_10 has still failing due to Intrinsic Fault
Node NODO_11 has still failing due to Intrinsic Fault
pipeline ARCO_17 still has reduced capacity: 0.0 due to Intrinsic Fault
pipeline ARCO_88 still has reduced capacity: 0.0 due to Intrinsic Fault
pipeline ARCO_89 still has reduced capacity: 0.0 due to Intrinsic Fault
pipeline V_EDGE_53_8 still has reduced capacity: 0.0 due to Intrinsic Fault
pipeline ARCO_18 still has reduced capacity: 0.0 due to Intrinsic Fault
pipeline ARCO_19 still has reduced capacity: 0.0 due to Intrinsic Fault
pipeline ARCO_87 still has reduced capacity: 0.0 due to Intrinsic Fault
pipeline ARCO_3 still has reduced capacity: 9.688 due to Intrinsic Fault
pipeline ARCO_90 still has reduced capacity: 1.6 due to Intrinsic Fault
pipeline ARCO_91 still has reduced capacity: 9.688 due to Intrinsic Fault
pipeline ARCO_92 still has reduced capacity: 39.328 due to Intrinsic Fault
pipeline V_EDGE_53_9 still has reduced capacity: 5.68 due to Intrinsic Fault
pipeline ARCO_20 still has reduced capacity: 1.6 due to Intrinsic Fault
pipeline ARCO_21 still has reduced capacity: 9.688 due to Intrinsic Fault
pipeline ARCO_22 still has reduced capacity: 39.328 due to Intrinsic Fault
pipeline ARCO_73 still has reduced capacity: 9.688 due to Intrinsic Fault
Propagate Heavy Faults
Propagate Attacks
Inject Intrinsic Failure To Source
Inject Heavy Fault To Sources
Inject Attack Multiple To Source
Inject Intrinsic Fault To Pipeline
Inject Heavy Fault To Pipeline
Inject Attack To Pipeline
----------- Statistics ------------
	Sources Under Attack: 0
	Sources with Heavy Fault: 0
	Sources with Intrinsic Fault: 2
	Arcs with reduce capacity due to Attack: 0
	Arcs with reduce capacity due to Heavy Fault: 0
	Arcs with reduce capacity due to Intrinsic Fault: 16
	Arcs with Attacks: 0
	Arcs with Heavy Fault: 0
	Arcs with Intrinsic Fault: 0
--------- SOURCES STATISTICS ---------------
Demand del real Source[0]: -31.0, flusso erogato: 12.427999999999997, flusso entrante: 0.0, efficienza: 40.09032258064516 %
Demand del real Source[8]: -10.5, flusso erogato: 0.0, flusso entrante: 0.0, efficienza: 0.0 %
Demand del real Source[9]: -7.1, flusso erogato: 17.107999999999997, flusso entrante: 11.427999999999999, efficienza: 240.9577464788732 %
Demand del real Source[17]: -25.0, flusso erogato: 25.000000000000007, flusso entrante: 0.0, efficienza: 100.00000000000003 %
Flusso totale entrante nei Real Source: 11.427999999999999
Flusso totale uscente dai Real Source: 54.536
Flusso netto sui real Source: -43.108000000000004
--- SINKS STATISTICS ---
Sink 3 SODDISFATTO. Flusso netto: 3.43, Demand: 3.43, percentage: 100.0
Sink 4 SODDISFATTO. Flusso netto: 0.5700000000000003, Demand: 0.57, percentage: 100.00000000000007
Sink 5 SODDISFATTO. Flusso netto: 0.6599999999999997, Demand: 0.66, percentage: 99.99999999999994
Sink 11 SODDISFATTO. Flusso netto: 1.03, Demand: 1.03, percentage: 100.0
Sink 15 SODDISFATTO. Flusso netto: 0.46, Demand: 0.46, percentage: 100.0
Sink 16 SODDISFATTO. Flusso netto: 8.400000000000002, Demand: 8.4, percentage: 100.00000000000003
Sink 19 SODDISFATTO. Flusso netto: 0.5399999999999991, Demand: 0.54, percentage: 99.99999999999983
Sink 23 SODDISFATTO. Flusso netto: 0.5999999999999999, Demand: 0.6, percentage: 99.99999999999997
Sink 24 SODDISFATTO. Flusso netto: 0.8, Demand: 0.8, percentage: 100.0
Sink 25 SODDISFATTO. Flusso netto: 3.5, Demand: 3.5, percentage: 100.0
Sink 26 SODDISFATTO. Flusso netto: 6.000000000000002, Demand: 6.0, percentage: 100.00000000000003
Sink 28 SODDISFATTO. Flusso netto: 0.4, Demand: 0.4, percentage: 100.0
Sink 30 SODDISFATTO. Flusso netto: 0.9799999999999986, Demand: 0.98, percentage: 99.99999999999987
Sink 31 SODDISFATTO. Flusso netto: 0.4, Demand: 0.4, percentage: 100.0
Sink 32 SODDISFATTO. Flusso netto: 0.9999999999999996, Demand: 1.0, percentage: 99.99999999999996
Sink 34 SODDISFATTO. Flusso netto: 1.74, Demand: 1.74, percentage: 100.0
Sink 35 SODDISFATTO. Flusso netto: 1.3, Demand: 1.3, percentage: 100.0
Sink 37 SODDISFATTO. Flusso netto: 1.0, Demand: 1.0, percentage: 100.0
Sink 39 SODDISFATTO. Flusso netto: 0.4, Demand: 0.4, percentage: 100.0
Sink 40 SODDISFATTO. Flusso netto: 0.5, Demand: 0.5, percentage: 100.0
Sink 41 SODDISFATTO. Flusso netto: 1.0599999999999996, Demand: 1.06, percentage: 99.99999999999996
Sink 42 SODDISFATTO. Flusso netto: 2.8200000000000003, Demand: 2.82, percentage: 100.00000000000003
Sink 45 SODDISFATTO. Flusso netto: 0.68, Demand: 0.68, percentage: 100.0
Sink 46 SODDISFATTO. Flusso netto: 1.17, Demand: 1.17, percentage: 100.0
Sink 49 non è soddisfatto. Flusso netto: 3.6679999999999997, Demand: 7.0, percentage: 52.39999999999999
Flusso totale entrante nei SINK: 91.75200000000002
Flusso totale uscente nei SINK: 48.64399999999999
Flusso totale netto nei SINK: 43.10800000000003
Total DEMAND dei SINK: 46.44
Percentual di flusso ai SINK: 0.9282515073212755
Numero di Sink soddisfatti: 24.0, numero totale di sink: 25.0
Percentuale di Sink soddisfatti: 0.96

---------------------------------- DAY 228

Update Fixed Elements from Intrinsic Faults
Update Fixed Elements from Heavy Faults
Update Fixed Elements from Attack
Propagate Intrinsic Fault
Node NODO_10 has still failing due to Intrinsic Fault
Node NODO_11 has still failing due to Intrinsic Fault
pipeline ARCO_17 still has reduced capacity: 0.0 due to Intrinsic Fault
pipeline ARCO_88 still has reduced capacity: 0.0 due to Intrinsic Fault
pipeline ARCO_89 still has reduced capacity: 0.0 due to Intrinsic Fault
pipeline V_EDGE_53_8 still has reduced capacity: 0.0 due to Intrinsic Fault
pipeline ARCO_18 still has reduced capacity: 0.0 due to Intrinsic Fault
pipeline ARCO_19 still has reduced capacity: 0.0 due to Intrinsic Fault
pipeline ARCO_87 still has reduced capacity: 0.0 due to Intrinsic Fault
pipeline ARCO_3 still has reduced capacity: 9.688 due to Intrinsic Fault
pipeline ARCO_90 still has reduced capacity: 1.6 due to Intrinsic Fault
pipeline ARCO_91 still has reduced capacity: 9.688 due to Intrinsic Fault
pipeline ARCO_92 still has reduced capacity: 39.328 due to Intrinsic Fault
pipeline V_EDGE_53_9 still has reduced capacity: 5.68 due to Intrinsic Fault
pipeline ARCO_20 still has reduced capacity: 1.6 due to Intrinsic Fault
pipeline ARCO_21 still has reduced capacity: 9.688 due to Intrinsic Fault
pipeline ARCO_22 still has reduced capacity: 39.328 due to Intrinsic Fault
pipeline ARCO_73 still has reduced capacity: 9.688 due to Intrinsic Fault
Propagate Heavy Faults
Propagate Attacks
Inject Intrinsic Failure To Source
Inject Heavy Fault To Sources
Inject Attack Multiple To Source
Inject Intrinsic Fault To Pipeline
Inject Heavy Fault To Pipeline
Inject Attack To Pipeline
----------- Statistics ------------
	Sources Under Attack: 0
	Sources with Heavy Fault: 0
	Sources with Intrinsic Fault: 2
	Arcs with reduce capacity due to Attack: 0
	Arcs with reduce capacity due to Heavy Fault: 0
	Arcs with reduce capacity due to Intrinsic Fault: 16
	Arcs with Attacks: 0
	Arcs with Heavy Fault: 0
	Arcs with Intrinsic Fault: 0
--------- SOURCES STATISTICS ---------------
Demand del real Source[0]: -31.0, flusso erogato: 12.427999999999997, flusso entrante: 0.0, efficienza: 40.09032258064516 %
Demand del real Source[8]: -10.5, flusso erogato: 0.0, flusso entrante: 0.0, efficienza: 0.0 %
Demand del real Source[9]: -7.1, flusso erogato: 17.107999999999997, flusso entrante: 11.427999999999999, efficienza: 240.9577464788732 %
Demand del real Source[17]: -25.0, flusso erogato: 25.000000000000007, flusso entrante: 0.0, efficienza: 100.00000000000003 %
Flusso totale entrante nei Real Source: 11.427999999999999
Flusso totale uscente dai Real Source: 54.536
Flusso netto sui real Source: -43.108000000000004
--- SINKS STATISTICS ---
Sink 3 SODDISFATTO. Flusso netto: 3.43, Demand: 3.43, percentage: 100.0
Sink 4 SODDISFATTO. Flusso netto: 0.5700000000000003, Demand: 0.57, percentage: 100.00000000000007
Sink 5 SODDISFATTO. Flusso netto: 0.6599999999999997, Demand: 0.66, percentage: 99.99999999999994
Sink 11 SODDISFATTO. Flusso netto: 1.03, Demand: 1.03, percentage: 100.0
Sink 15 SODDISFATTO. Flusso netto: 0.46, Demand: 0.46, percentage: 100.0
Sink 16 SODDISFATTO. Flusso netto: 8.400000000000002, Demand: 8.4, percentage: 100.00000000000003
Sink 19 SODDISFATTO. Flusso netto: 0.5399999999999991, Demand: 0.54, percentage: 99.99999999999983
Sink 23 SODDISFATTO. Flusso netto: 0.5999999999999999, Demand: 0.6, percentage: 99.99999999999997
Sink 24 SODDISFATTO. Flusso netto: 0.8, Demand: 0.8, percentage: 100.0
Sink 25 SODDISFATTO. Flusso netto: 3.5, Demand: 3.5, percentage: 100.0
Sink 26 SODDISFATTO. Flusso netto: 6.000000000000002, Demand: 6.0, percentage: 100.00000000000003
Sink 28 SODDISFATTO. Flusso netto: 0.4, Demand: 0.4, percentage: 100.0
Sink 30 SODDISFATTO. Flusso netto: 0.9799999999999986, Demand: 0.98, percentage: 99.99999999999987
Sink 31 SODDISFATTO. Flusso netto: 0.4, Demand: 0.4, percentage: 100.0
Sink 32 SODDISFATTO. Flusso netto: 0.9999999999999996, Demand: 1.0, percentage: 99.99999999999996
Sink 34 SODDISFATTO. Flusso netto: 1.74, Demand: 1.74, percentage: 100.0
Sink 35 SODDISFATTO. Flusso netto: 1.3, Demand: 1.3, percentage: 100.0
Sink 37 SODDISFATTO. Flusso netto: 1.0, Demand: 1.0, percentage: 100.0
Sink 39 SODDISFATTO. Flusso netto: 0.4, Demand: 0.4, percentage: 100.0
Sink 40 SODDISFATTO. Flusso netto: 0.5, Demand: 0.5, percentage: 100.0
Sink 41 SODDISFATTO. Flusso netto: 1.0599999999999996, Demand: 1.06, percentage: 99.99999999999996
Sink 42 SODDISFATTO. Flusso netto: 2.8200000000000003, Demand: 2.82, percentage: 100.00000000000003
Sink 45 SODDISFATTO. Flusso netto: 0.68, Demand: 0.68, percentage: 100.0
Sink 46 SODDISFATTO. Flusso netto: 1.17, Demand: 1.17, percentage: 100.0
Sink 49 non è soddisfatto. Flusso netto: 3.6679999999999997, Demand: 7.0, percentage: 52.39999999999999
Flusso totale entrante nei SINK: 91.75200000000002
Flusso totale uscente nei SINK: 48.64399999999999
Flusso totale netto nei SINK: 43.10800000000003
Total DEMAND dei SINK: 46.44
Percentual di flusso ai SINK: 0.9282515073212755
Numero di Sink soddisfatti: 24.0, numero totale di sink: 25.0
Percentuale di Sink soddisfatti: 0.96

---------------------------------- DAY 229

Update Fixed Elements from Intrinsic Faults
Source NODO_11 fixed from Intrinsic Fault
Pipeline ARCO_3 fixed due to Source NODO_11 fixing from Intrinsic Fault
Pipeline ARCO_90 fixed due to Source NODO_11 fixing from Intrinsic Fault
Pipeline ARCO_91 fixed due to Source NODO_11 fixing from Intrinsic Fault
Pipeline ARCO_92 fixed due to Source NODO_11 fixing from Intrinsic Fault
Pipeline V_EDGE_53_9 fixed due to Source NODO_11 fixing from Intrinsic Fault
Pipeline ARCO_20 fixed due to Source NODO_11 fixing from Intrinsic Fault
Pipeline ARCO_21 fixed due to Source NODO_11 fixing from Intrinsic Fault
Pipeline ARCO_22 fixed due to Source NODO_11 fixing from Intrinsic Fault
Pipeline ARCO_73 fixed due to Source NODO_11 fixing from Intrinsic Fault
Update Fixed Elements from Heavy Faults
Update Fixed Elements from Attack
Propagate Intrinsic Fault
Node NODO_10 has still failing due to Intrinsic Fault
pipeline ARCO_17 still has reduced capacity: 0.0 due to Intrinsic Fault
pipeline ARCO_88 still has reduced capacity: 0.0 due to Intrinsic Fault
pipeline ARCO_89 still has reduced capacity: 0.0 due to Intrinsic Fault
pipeline V_EDGE_53_8 still has reduced capacity: 0.0 due to Intrinsic Fault
pipeline ARCO_18 still has reduced capacity: 0.0 due to Intrinsic Fault
pipeline ARCO_19 still has reduced capacity: 0.0 due to Intrinsic Fault
pipeline ARCO_87 still has reduced capacity: 0.0 due to Intrinsic Fault
Propagate Heavy Faults
Propagate Attacks
Inject Intrinsic Failure To Source
Inject Heavy Fault To Sources
Inject Attack Multiple To Source
Inject Intrinsic Fault To Pipeline
Inject Heavy Fault To Pipeline
Inject Attack To Pipeline
----------- Statistics ------------
	Sources Under Attack: 0
	Sources with Heavy Fault: 0
	Sources with Intrinsic Fault: 1
	Arcs with reduce capacity due to Attack: 0
	Arcs with reduce capacity due to Heavy Fault: 0
	Arcs with reduce capacity due to Intrinsic Fault: 7
	Arcs with Attacks: 0
	Arcs with Heavy Fault: 0
	Arcs with Intrinsic Fault: 0
--------- SOURCES STATISTICS ---------------
Demand del real Source[0]: -31.0, flusso erogato: 11.159999999999998, flusso entrante: 0.0, efficienza: 35.99999999999999 %
Demand del real Source[8]: -10.5, flusso erogato: 0.0, flusso entrante: 0.0, efficienza: 0.0 %
Demand del real Source[9]: -7.1, flusso erogato: 17.259999999999998, flusso entrante: 10.159999999999998, efficienza: 243.09859154929575 %
Demand del real Source[17]: -25.0, flusso erogato: 25.000000000000007, flusso entrante: 0.0, efficienza: 100.00000000000003 %
Flusso totale entrante nei Real Source: 10.159999999999998
Flusso totale uscente dai Real Source: 53.42
Flusso netto sui real Source: -43.260000000000005
--- SINKS STATISTICS ---
Sink 3 SODDISFATTO. Flusso netto: 3.43, Demand: 3.43, percentage: 100.0
Sink 4 SODDISFATTO. Flusso netto: 0.5700000000000003, Demand: 0.57, percentage: 100.00000000000007
Sink 5 SODDISFATTO. Flusso netto: 0.6599999999999997, Demand: 0.66, percentage: 99.99999999999994
Sink 11 SODDISFATTO. Flusso netto: 1.03, Demand: 1.03, percentage: 100.0
Sink 15 SODDISFATTO. Flusso netto: 0.46, Demand: 0.46, percentage: 100.0
Sink 16 SODDISFATTO. Flusso netto: 8.400000000000002, Demand: 8.4, percentage: 100.00000000000003
Sink 19 SODDISFATTO. Flusso netto: 0.5399999999999991, Demand: 0.54, percentage: 99.99999999999983
Sink 23 SODDISFATTO. Flusso netto: 0.5999999999999999, Demand: 0.6, percentage: 99.99999999999997
Sink 24 SODDISFATTO. Flusso netto: 0.8, Demand: 0.8, percentage: 100.0
Sink 25 SODDISFATTO. Flusso netto: 3.5, Demand: 3.5, percentage: 100.0
Sink 26 SODDISFATTO. Flusso netto: 6.000000000000002, Demand: 6.0, percentage: 100.00000000000003
Sink 28 SODDISFATTO. Flusso netto: 0.4, Demand: 0.4, percentage: 100.0
Sink 30 SODDISFATTO. Flusso netto: 0.9799999999999986, Demand: 0.98, percentage: 99.99999999999987
Sink 31 SODDISFATTO. Flusso netto: 0.4, Demand: 0.4, percentage: 100.0
Sink 32 SODDISFATTO. Flusso netto: 0.9999999999999996, Demand: 1.0, percentage: 99.99999999999996
Sink 34 SODDISFATTO. Flusso netto: 1.74, Demand: 1.74, percentage: 100.0
Sink 35 SODDISFATTO. Flusso netto: 1.3, Demand: 1.3, percentage: 100.0
Sink 37 SODDISFATTO. Flusso netto: 1.0, Demand: 1.0, percentage: 100.0
Sink 39 SODDISFATTO. Flusso netto: 0.4, Demand: 0.4, percentage: 100.0
Sink 40 SODDISFATTO. Flusso netto: 0.5, Demand: 0.5, percentage: 100.0
Sink 41 SODDISFATTO. Flusso netto: 1.06, Demand: 1.06, percentage: 100.0
Sink 42 SODDISFATTO. Flusso netto: 2.8199999999999994, Demand: 2.82, percentage: 99.99999999999999
Sink 45 SODDISFATTO. Flusso netto: 0.68, Demand: 0.68, percentage: 100.0
Sink 46 SODDISFATTO. Flusso netto: 1.17, Demand: 1.17, percentage: 100.0
Sink 49 non è soddisfatto. Flusso netto: 3.82, Demand: 7.0, percentage: 54.57142857142857
Flusso totale entrante nei SINK: 89.12
Flusso totale uscente nei SINK: 45.86000000000001
Flusso totale netto nei SINK: 43.26
Total DEMAND dei SINK: 46.44
Percentual di flusso ai SINK: 0.9315245478036176
Numero di Sink soddisfatti: 24.0, numero totale di sink: 25.0
Percentuale di Sink soddisfatti: 0.96

---------------------------------- DAY 230

Update Fixed Elements from Intrinsic Faults
Update Fixed Elements from Heavy Faults
Update Fixed Elements from Attack
Propagate Intrinsic Fault
Node NODO_10 has still failing due to Intrinsic Fault
pipeline ARCO_17 still has reduced capacity: 0.0 due to Intrinsic Fault
pipeline ARCO_88 still has reduced capacity: 0.0 due to Intrinsic Fault
pipeline ARCO_89 still has reduced capacity: 0.0 due to Intrinsic Fault
pipeline V_EDGE_53_8 still has reduced capacity: 0.0 due to Intrinsic Fault
pipeline ARCO_18 still has reduced capacity: 0.0 due to Intrinsic Fault
pipeline ARCO_19 still has reduced capacity: 0.0 due to Intrinsic Fault
pipeline ARCO_87 still has reduced capacity: 0.0 due to Intrinsic Fault
Propagate Heavy Faults
Propagate Attacks
Inject Intrinsic Failure To Source
Inject Heavy Fault To Sources
Inject Attack Multiple To Source
Inject Intrinsic Fault To Pipeline
Inject Heavy Fault To Pipeline
Inject Attack To Pipeline
----------- Statistics ------------
	Sources Under Attack: 0
	Sources with Heavy Fault: 0
	Sources with Intrinsic Fault: 1
	Arcs with reduce capacity due to Attack: 0
	Arcs with reduce capacity due to Heavy Fault: 0
	Arcs with reduce capacity due to Intrinsic Fault: 7
	Arcs with Attacks: 0
	Arcs with Heavy Fault: 0
	Arcs with Intrinsic Fault: 0
--------- SOURCES STATISTICS ---------------
Demand del real Source[0]: -31.0, flusso erogato: 11.159999999999998, flusso entrante: 0.0, efficienza: 35.99999999999999 %
Demand del real Source[8]: -10.5, flusso erogato: 0.0, flusso entrante: 0.0, efficienza: 0.0 %
Demand del real Source[9]: -7.1, flusso erogato: 17.259999999999998, flusso entrante: 10.159999999999998, efficienza: 243.09859154929575 %
Demand del real Source[17]: -25.0, flusso erogato: 25.000000000000007, flusso entrante: 0.0, efficienza: 100.00000000000003 %
Flusso totale entrante nei Real Source: 10.159999999999998
Flusso totale uscente dai Real Source: 53.42
Flusso netto sui real Source: -43.260000000000005
--- SINKS STATISTICS ---
Sink 3 SODDISFATTO. Flusso netto: 3.43, Demand: 3.43, percentage: 100.0
Sink 4 SODDISFATTO. Flusso netto: 0.5700000000000003, Demand: 0.57, percentage: 100.00000000000007
Sink 5 SODDISFATTO. Flusso netto: 0.6599999999999997, Demand: 0.66, percentage: 99.99999999999994
Sink 11 SODDISFATTO. Flusso netto: 1.03, Demand: 1.03, percentage: 100.0
Sink 15 SODDISFATTO. Flusso netto: 0.46, Demand: 0.46, percentage: 100.0
Sink 16 SODDISFATTO. Flusso netto: 8.400000000000002, Demand: 8.4, percentage: 100.00000000000003
Sink 19 SODDISFATTO. Flusso netto: 0.5399999999999991, Demand: 0.54, percentage: 99.99999999999983
Sink 23 SODDISFATTO. Flusso netto: 0.5999999999999999, Demand: 0.6, percentage: 99.99999999999997
Sink 24 SODDISFATTO. Flusso netto: 0.8, Demand: 0.8, percentage: 100.0
Sink 25 SODDISFATTO. Flusso netto: 3.5, Demand: 3.5, percentage: 100.0
Sink 26 SODDISFATTO. Flusso netto: 6.000000000000002, Demand: 6.0, percentage: 100.00000000000003
Sink 28 SODDISFATTO. Flusso netto: 0.4, Demand: 0.4, percentage: 100.0
Sink 30 SODDISFATTO. Flusso netto: 0.9799999999999986, Demand: 0.98, percentage: 99.99999999999987
Sink 31 SODDISFATTO. Flusso netto: 0.4, Demand: 0.4, percentage: 100.0
Sink 32 SODDISFATTO. Flusso netto: 0.9999999999999996, Demand: 1.0, percentage: 99.99999999999996
Sink 34 SODDISFATTO. Flusso netto: 1.74, Demand: 1.74, percentage: 100.0
Sink 35 SODDISFATTO. Flusso netto: 1.3, Demand: 1.3, percentage: 100.0
Sink 37 SODDISFATTO. Flusso netto: 1.0, Demand: 1.0, percentage: 100.0
Sink 39 SODDISFATTO. Flusso netto: 0.4, Demand: 0.4, percentage: 100.0
Sink 40 SODDISFATTO. Flusso netto: 0.5, Demand: 0.5, percentage: 100.0
Sink 41 SODDISFATTO. Flusso netto: 1.06, Demand: 1.06, percentage: 100.0
Sink 42 SODDISFATTO. Flusso netto: 2.8199999999999994, Demand: 2.82, percentage: 99.99999999999999
Sink 45 SODDISFATTO. Flusso netto: 0.68, Demand: 0.68, percentage: 100.0
Sink 46 SODDISFATTO. Flusso netto: 1.17, Demand: 1.17, percentage: 100.0
Sink 49 non è soddisfatto. Flusso netto: 3.82, Demand: 7.0, percentage: 54.57142857142857
Flusso totale entrante nei SINK: 89.12
Flusso totale uscente nei SINK: 45.86000000000001
Flusso totale netto nei SINK: 43.26
Total DEMAND dei SINK: 46.44
Percentual di flusso ai SINK: 0.9315245478036176
Numero di Sink soddisfatti: 24.0, numero totale di sink: 25.0
Percentuale di Sink soddisfatti: 0.96

---------------------------------- DAY 231

Update Fixed Elements from Intrinsic Faults
Source NODO_10 fixed from Intrinsic Fault
Pipeline ARCO_17 fixed due to Source NODO_10 fixing from Intrinsic Fault
Pipeline ARCO_88 fixed due to Source NODO_10 fixing from Intrinsic Fault
Pipeline ARCO_89 fixed due to Source NODO_10 fixing from Intrinsic Fault
Pipeline V_EDGE_53_8 fixed due to Source NODO_10 fixing from Intrinsic Fault
Pipeline ARCO_18 fixed due to Source NODO_10 fixing from Intrinsic Fault
Pipeline ARCO_19 fixed due to Source NODO_10 fixing from Intrinsic Fault
Pipeline ARCO_87 fixed due to Source NODO_10 fixing from Intrinsic Fault
Update Fixed Elements from Heavy Faults
Update Fixed Elements from Attack
Propagate Intrinsic Fault
Propagate Heavy Faults
Propagate Attacks
Inject Intrinsic Failure To Source
Inject Heavy Fault To Sources
Inject Attack Multiple To Source
Inject Intrinsic Fault To Pipeline
Inject Heavy Fault To Pipeline
Inject Attack To Pipeline
----------- Statistics ------------
	Sources Under Attack: 0
	Sources with Heavy Fault: 0
	Sources with Intrinsic Fault: 0
	Arcs with reduce capacity due to Attack: 0
	Arcs with reduce capacity due to Heavy Fault: 0
	Arcs with reduce capacity due to Intrinsic Fault: 0
	Arcs with Attacks: 0
	Arcs with Heavy Fault: 0
	Arcs with Intrinsic Fault: 0
--------- SOURCES STATISTICS ---------------
Demand del real Source[0]: -31.0, flusso erogato: 10.129999999999997, flusso entrante: 0.0, efficienza: 32.6774193548387 %
Demand del real Source[8]: -10.5, flusso erogato: 3.8600000000000003, flusso entrante: 0.0, efficienza: 36.76190476190476 %
Demand del real Source[9]: -7.1, flusso erogato: 16.229999999999997, flusso entrante: 9.129999999999997, efficienza: 228.59154929577463 %
Demand del real Source[17]: -25.0, flusso erogato: 25.000000000000007, flusso entrante: 0.0, efficienza: 100.00000000000003 %
Flusso totale entrante nei Real Source: 9.129999999999997
Flusso totale uscente dai Real Source: 55.220000000000006
Flusso netto sui real Source: -46.09000000000001
--- SINKS STATISTICS ---
Sink 3 SODDISFATTO. Flusso netto: 3.43, Demand: 3.43, percentage: 100.0
Sink 4 SODDISFATTO. Flusso netto: 0.5700000000000003, Demand: 0.57, percentage: 100.00000000000007
Sink 5 SODDISFATTO. Flusso netto: 0.6600000000000001, Demand: 0.66, percentage: 100.00000000000003
Sink 11 SODDISFATTO. Flusso netto: 1.03, Demand: 1.03, percentage: 100.0
Sink 15 SODDISFATTO. Flusso netto: 0.46, Demand: 0.46, percentage: 100.0
Sink 16 SODDISFATTO. Flusso netto: 8.400000000000002, Demand: 8.4, percentage: 100.00000000000003
Sink 19 SODDISFATTO. Flusso netto: 0.5399999999999991, Demand: 0.54, percentage: 99.99999999999983
Sink 23 SODDISFATTO. Flusso netto: 0.5999999999999999, Demand: 0.6, percentage: 99.99999999999997
Sink 24 SODDISFATTO. Flusso netto: 0.8, Demand: 0.8, percentage: 100.0
Sink 25 SODDISFATTO. Flusso netto: 3.5, Demand: 3.5, percentage: 100.0
Sink 26 SODDISFATTO. Flusso netto: 6.000000000000002, Demand: 6.0, percentage: 100.00000000000003
Sink 28 SODDISFATTO. Flusso netto: 0.4, Demand: 0.4, percentage: 100.0
Sink 30 SODDISFATTO. Flusso netto: 0.9799999999999986, Demand: 0.98, percentage: 99.99999999999987
Sink 31 SODDISFATTO. Flusso netto: 0.4, Demand: 0.4, percentage: 100.0
Sink 32 SODDISFATTO. Flusso netto: 0.9999999999999996, Demand: 1.0, percentage: 99.99999999999996
Sink 34 SODDISFATTO. Flusso netto: 1.74, Demand: 1.74, percentage: 100.0
Sink 35 SODDISFATTO. Flusso netto: 1.3, Demand: 1.3, percentage: 100.0
Sink 37 SODDISFATTO. Flusso netto: 1.0, Demand: 1.0, percentage: 100.0
Sink 39 SODDISFATTO. Flusso netto: 0.4, Demand: 0.4, percentage: 100.0
Sink 40 SODDISFATTO. Flusso netto: 0.5, Demand: 0.5, percentage: 100.0
Sink 41 SODDISFATTO. Flusso netto: 1.06, Demand: 1.06, percentage: 100.0
Sink 42 SODDISFATTO. Flusso netto: 2.8199999999999994, Demand: 2.82, percentage: 99.99999999999999
Sink 45 SODDISFATTO. Flusso netto: 0.68, Demand: 0.68, percentage: 100.0
Sink 46 SODDISFATTO. Flusso netto: 1.17, Demand: 1.17, percentage: 100.0
Sink 49 non è soddisfatto. Flusso netto: 6.6499999999999995, Demand: 7.0, percentage: 95.0
Flusso totale entrante nei SINK: 92.61000000000001
Flusso totale uscente nei SINK: 46.52
Flusso totale netto nei SINK: 46.09000000000001
Total DEMAND dei SINK: 46.44
Percentual di flusso ai SINK: 0.9924633936261846
Numero di Sink soddisfatti: 24.0, numero totale di sink: 25.0
Percentuale di Sink soddisfatti: 0.96

---------------------------------- DAY 232

Update Fixed Elements from Intrinsic Faults
Update Fixed Elements from Heavy Faults
Update Fixed Elements from Attack
Propagate Intrinsic Fault
Propagate Heavy Faults
Propagate Attacks
Inject Intrinsic Failure To Source
Source NODO_10 is failing for an Intrinsic Fault in day: 232
pipeline ARCO_17 has reduced capacity due to NODO_10 Intrinsic fault
pipeline ARCO_88 has reduced capacity due to NODO_10 Intrinsic fault
pipeline ARCO_89 has reduced capacity due to NODO_10 Intrinsic fault
pipeline V_EDGE_53_8 has reduced capacity due to NODO_10 Intrinsic fault
pipeline ARCO_18 has reduced capacity due to NODO_10 Intrinsic fault
pipeline ARCO_19 has reduced capacity due to NODO_10 Intrinsic fault
pipeline ARCO_87 has reduced capacity due to NODO_10 Intrinsic fault
Inject Heavy Fault To Sources
Inject Attack Multiple To Source
Inject Intrinsic Fault To Pipeline
Inject Heavy Fault To Pipeline
Inject Attack To Pipeline
----------- Statistics ------------
	Sources Under Attack: 0
	Sources with Heavy Fault: 0
	Sources with Intrinsic Fault: 1
	Arcs with reduce capacity due to Attack: 0
	Arcs with reduce capacity due to Heavy Fault: 0
	Arcs with reduce capacity due to Intrinsic Fault: 7
	Arcs with Attacks: 0
	Arcs with Heavy Fault: 0
	Arcs with Intrinsic Fault: 0
--------- SOURCES STATISTICS ---------------
Demand del real Source[0]: -31.0, flusso erogato: 11.159999999999998, flusso entrante: 0.0, efficienza: 35.99999999999999 %
Demand del real Source[8]: -10.5, flusso erogato: 0.0, flusso entrante: 0.0, efficienza: 0.0 %
Demand del real Source[9]: -7.1, flusso erogato: 17.259999999999998, flusso entrante: 10.159999999999998, efficienza: 243.09859154929575 %
Demand del real Source[17]: -25.0, flusso erogato: 25.000000000000007, flusso entrante: 0.0, efficienza: 100.00000000000003 %
Flusso totale entrante nei Real Source: 10.159999999999998
Flusso totale uscente dai Real Source: 53.42
Flusso netto sui real Source: -43.260000000000005
--- SINKS STATISTICS ---
Sink 3 SODDISFATTO. Flusso netto: 3.43, Demand: 3.43, percentage: 100.0
Sink 4 SODDISFATTO. Flusso netto: 0.5700000000000003, Demand: 0.57, percentage: 100.00000000000007
Sink 5 SODDISFATTO. Flusso netto: 0.6599999999999997, Demand: 0.66, percentage: 99.99999999999994
Sink 11 SODDISFATTO. Flusso netto: 1.03, Demand: 1.03, percentage: 100.0
Sink 15 SODDISFATTO. Flusso netto: 0.46, Demand: 0.46, percentage: 100.0
Sink 16 SODDISFATTO. Flusso netto: 8.400000000000002, Demand: 8.4, percentage: 100.00000000000003
Sink 19 SODDISFATTO. Flusso netto: 0.5399999999999991, Demand: 0.54, percentage: 99.99999999999983
Sink 23 SODDISFATTO. Flusso netto: 0.5999999999999999, Demand: 0.6, percentage: 99.99999999999997
Sink 24 SODDISFATTO. Flusso netto: 0.8, Demand: 0.8, percentage: 100.0
Sink 25 SODDISFATTO. Flusso netto: 3.5, Demand: 3.5, percentage: 100.0
Sink 26 SODDISFATTO. Flusso netto: 6.000000000000002, Demand: 6.0, percentage: 100.00000000000003
Sink 28 SODDISFATTO. Flusso netto: 0.4, Demand: 0.4, percentage: 100.0
Sink 30 SODDISFATTO. Flusso netto: 0.9799999999999986, Demand: 0.98, percentage: 99.99999999999987
Sink 31 SODDISFATTO. Flusso netto: 0.4, Demand: 0.4, percentage: 100.0
Sink 32 SODDISFATTO. Flusso netto: 0.9999999999999996, Demand: 1.0, percentage: 99.99999999999996
Sink 34 SODDISFATTO. Flusso netto: 1.74, Demand: 1.74, percentage: 100.0
Sink 35 SODDISFATTO. Flusso netto: 1.3, Demand: 1.3, percentage: 100.0
Sink 37 SODDISFATTO. Flusso netto: 1.0, Demand: 1.0, percentage: 100.0
Sink 39 SODDISFATTO. Flusso netto: 0.4, Demand: 0.4, percentage: 100.0
Sink 40 SODDISFATTO. Flusso netto: 0.5, Demand: 0.5, percentage: 100.0
Sink 41 SODDISFATTO. Flusso netto: 1.06, Demand: 1.06, percentage: 100.0
Sink 42 SODDISFATTO. Flusso netto: 2.8199999999999994, Demand: 2.82, percentage: 99.99999999999999
Sink 45 SODDISFATTO. Flusso netto: 0.68, Demand: 0.68, percentage: 100.0
Sink 46 SODDISFATTO. Flusso netto: 1.17, Demand: 1.17, percentage: 100.0
Sink 49 non è soddisfatto. Flusso netto: 3.82, Demand: 7.0, percentage: 54.57142857142857
Flusso totale entrante nei SINK: 89.12
Flusso totale uscente nei SINK: 45.86000000000001
Flusso totale netto nei SINK: 43.26
Total DEMAND dei SINK: 46.44
Percentual di flusso ai SINK: 0.9315245478036176
Numero di Sink soddisfatti: 24.0, numero totale di sink: 25.0
Percentuale di Sink soddisfatti: 0.96

---------------------------------- DAY 233

Update Fixed Elements from Intrinsic Faults
Update Fixed Elements from Heavy Faults
Update Fixed Elements from Attack
Propagate Intrinsic Fault
Node NODO_10 has still failing due to Intrinsic Fault
pipeline ARCO_17 still has reduced capacity: 0.0 due to Intrinsic Fault
pipeline ARCO_88 still has reduced capacity: 0.0 due to Intrinsic Fault
pipeline ARCO_89 still has reduced capacity: 0.0 due to Intrinsic Fault
pipeline V_EDGE_53_8 still has reduced capacity: 0.0 due to Intrinsic Fault
pipeline ARCO_18 still has reduced capacity: 0.0 due to Intrinsic Fault
pipeline ARCO_19 still has reduced capacity: 0.0 due to Intrinsic Fault
pipeline ARCO_87 still has reduced capacity: 0.0 due to Intrinsic Fault
Propagate Heavy Faults
Propagate Attacks
Inject Intrinsic Failure To Source
Inject Heavy Fault To Sources
Inject Attack Multiple To Source
Inject Intrinsic Fault To Pipeline
Inject Heavy Fault To Pipeline
Inject Attack To Pipeline
----------- Statistics ------------
	Sources Under Attack: 0
	Sources with Heavy Fault: 0
	Sources with Intrinsic Fault: 1
	Arcs with reduce capacity due to Attack: 0
	Arcs with reduce capacity due to Heavy Fault: 0
	Arcs with reduce capacity due to Intrinsic Fault: 7
	Arcs with Attacks: 0
	Arcs with Heavy Fault: 0
	Arcs with Intrinsic Fault: 0
--------- SOURCES STATISTICS ---------------
Demand del real Source[0]: -31.0, flusso erogato: 11.159999999999998, flusso entrante: 0.0, efficienza: 35.99999999999999 %
Demand del real Source[8]: -10.5, flusso erogato: 0.0, flusso entrante: 0.0, efficienza: 0.0 %
Demand del real Source[9]: -7.1, flusso erogato: 17.259999999999998, flusso entrante: 10.159999999999998, efficienza: 243.09859154929575 %
Demand del real Source[17]: -25.0, flusso erogato: 25.000000000000007, flusso entrante: 0.0, efficienza: 100.00000000000003 %
Flusso totale entrante nei Real Source: 10.159999999999998
Flusso totale uscente dai Real Source: 53.42
Flusso netto sui real Source: -43.260000000000005
--- SINKS STATISTICS ---
Sink 3 SODDISFATTO. Flusso netto: 3.43, Demand: 3.43, percentage: 100.0
Sink 4 SODDISFATTO. Flusso netto: 0.5700000000000003, Demand: 0.57, percentage: 100.00000000000007
Sink 5 SODDISFATTO. Flusso netto: 0.6599999999999997, Demand: 0.66, percentage: 99.99999999999994
Sink 11 SODDISFATTO. Flusso netto: 1.03, Demand: 1.03, percentage: 100.0
Sink 15 SODDISFATTO. Flusso netto: 0.46, Demand: 0.46, percentage: 100.0
Sink 16 SODDISFATTO. Flusso netto: 8.400000000000002, Demand: 8.4, percentage: 100.00000000000003
Sink 19 SODDISFATTO. Flusso netto: 0.5399999999999991, Demand: 0.54, percentage: 99.99999999999983
Sink 23 SODDISFATTO. Flusso netto: 0.5999999999999999, Demand: 0.6, percentage: 99.99999999999997
Sink 24 SODDISFATTO. Flusso netto: 0.8, Demand: 0.8, percentage: 100.0
Sink 25 SODDISFATTO. Flusso netto: 3.5, Demand: 3.5, percentage: 100.0
Sink 26 SODDISFATTO. Flusso netto: 6.000000000000002, Demand: 6.0, percentage: 100.00000000000003
Sink 28 SODDISFATTO. Flusso netto: 0.4, Demand: 0.4, percentage: 100.0
Sink 30 SODDISFATTO. Flusso netto: 0.9799999999999986, Demand: 0.98, percentage: 99.99999999999987
Sink 31 SODDISFATTO. Flusso netto: 0.4, Demand: 0.4, percentage: 100.0
Sink 32 SODDISFATTO. Flusso netto: 0.9999999999999996, Demand: 1.0, percentage: 99.99999999999996
Sink 34 SODDISFATTO. Flusso netto: 1.74, Demand: 1.74, percentage: 100.0
Sink 35 SODDISFATTO. Flusso netto: 1.3, Demand: 1.3, percentage: 100.0
Sink 37 SODDISFATTO. Flusso netto: 1.0, Demand: 1.0, percentage: 100.0
Sink 39 SODDISFATTO. Flusso netto: 0.4, Demand: 0.4, percentage: 100.0
Sink 40 SODDISFATTO. Flusso netto: 0.5, Demand: 0.5, percentage: 100.0
Sink 41 SODDISFATTO. Flusso netto: 1.06, Demand: 1.06, percentage: 100.0
Sink 42 SODDISFATTO. Flusso netto: 2.8199999999999994, Demand: 2.82, percentage: 99.99999999999999
Sink 45 SODDISFATTO. Flusso netto: 0.68, Demand: 0.68, percentage: 100.0
Sink 46 SODDISFATTO. Flusso netto: 1.17, Demand: 1.17, percentage: 100.0
Sink 49 non è soddisfatto. Flusso netto: 3.82, Demand: 7.0, percentage: 54.57142857142857
Flusso totale entrante nei SINK: 89.12
Flusso totale uscente nei SINK: 45.86000000000001
Flusso totale netto nei SINK: 43.26
Total DEMAND dei SINK: 46.44
Percentual di flusso ai SINK: 0.9315245478036176
Numero di Sink soddisfatti: 24.0, numero totale di sink: 25.0
Percentuale di Sink soddisfatti: 0.96

---------------------------------- DAY 234

Update Fixed Elements from Intrinsic Faults
Update Fixed Elements from Heavy Faults
Update Fixed Elements from Attack
Propagate Intrinsic Fault
Node NODO_10 has still failing due to Intrinsic Fault
pipeline ARCO_17 still has reduced capacity: 0.0 due to Intrinsic Fault
pipeline ARCO_88 still has reduced capacity: 0.0 due to Intrinsic Fault
pipeline ARCO_89 still has reduced capacity: 0.0 due to Intrinsic Fault
pipeline V_EDGE_53_8 still has reduced capacity: 0.0 due to Intrinsic Fault
pipeline ARCO_18 still has reduced capacity: 0.0 due to Intrinsic Fault
pipeline ARCO_19 still has reduced capacity: 0.0 due to Intrinsic Fault
pipeline ARCO_87 still has reduced capacity: 0.0 due to Intrinsic Fault
Propagate Heavy Faults
Propagate Attacks
Inject Intrinsic Failure To Source
Source NODO_2 is failing for an Intrinsic Fault in day: 234
pipeline ARCO_70 has reduced capacity due to NODO_2 Intrinsic fault
pipeline V_EDGE_53_0 has reduced capacity due to NODO_2 Intrinsic fault
pipeline ARCO_0 has reduced capacity due to NODO_2 Intrinsic fault
Inject Heavy Fault To Sources
Inject Attack Multiple To Source
Inject Intrinsic Fault To Pipeline
Inject Heavy Fault To Pipeline
Inject Attack To Pipeline
----------- Statistics ------------
	Sources Under Attack: 0
	Sources with Heavy Fault: 0
	Sources with Intrinsic Fault: 2
	Arcs with reduce capacity due to Attack: 0
	Arcs with reduce capacity due to Heavy Fault: 0
	Arcs with reduce capacity due to Intrinsic Fault: 10
	Arcs with Attacks: 0
	Arcs with Heavy Fault: 0
	Arcs with Intrinsic Fault: 0
--------- SOURCES STATISTICS ---------------
Demand del real Source[0]: -31.0, flusso erogato: 11.159999999999998, flusso entrante: 0.0, efficienza: 35.99999999999999 %
Demand del real Source[8]: -10.5, flusso erogato: 0.0, flusso entrante: 0.0, efficienza: 0.0 %
Demand del real Source[9]: -7.1, flusso erogato: 17.259999999999998, flusso entrante: 10.159999999999998, efficienza: 243.09859154929575 %
Demand del real Source[17]: -25.0, flusso erogato: 25.000000000000007, flusso entrante: 0.0, efficienza: 100.00000000000003 %
Flusso totale entrante nei Real Source: 10.159999999999998
Flusso totale uscente dai Real Source: 53.42
Flusso netto sui real Source: -43.260000000000005
--- SINKS STATISTICS ---
Sink 3 SODDISFATTO. Flusso netto: 3.43, Demand: 3.43, percentage: 100.0
Sink 4 SODDISFATTO. Flusso netto: 0.5700000000000003, Demand: 0.57, percentage: 100.00000000000007
Sink 5 SODDISFATTO. Flusso netto: 0.6599999999999997, Demand: 0.66, percentage: 99.99999999999994
Sink 11 SODDISFATTO. Flusso netto: 1.03, Demand: 1.03, percentage: 100.0
Sink 15 SODDISFATTO. Flusso netto: 0.46, Demand: 0.46, percentage: 100.0
Sink 16 SODDISFATTO. Flusso netto: 8.400000000000002, Demand: 8.4, percentage: 100.00000000000003
Sink 19 SODDISFATTO. Flusso netto: 0.5399999999999991, Demand: 0.54, percentage: 99.99999999999983
Sink 23 SODDISFATTO. Flusso netto: 0.5999999999999999, Demand: 0.6, percentage: 99.99999999999997
Sink 24 SODDISFATTO. Flusso netto: 0.8, Demand: 0.8, percentage: 100.0
Sink 25 SODDISFATTO. Flusso netto: 3.5, Demand: 3.5, percentage: 100.0
Sink 26 SODDISFATTO. Flusso netto: 6.000000000000002, Demand: 6.0, percentage: 100.00000000000003
Sink 28 SODDISFATTO. Flusso netto: 0.4, Demand: 0.4, percentage: 100.0
Sink 30 SODDISFATTO. Flusso netto: 0.9799999999999986, Demand: 0.98, percentage: 99.99999999999987
Sink 31 SODDISFATTO. Flusso netto: 0.4, Demand: 0.4, percentage: 100.0
Sink 32 SODDISFATTO. Flusso netto: 0.9999999999999996, Demand: 1.0, percentage: 99.99999999999996
Sink 34 SODDISFATTO. Flusso netto: 1.74, Demand: 1.74, percentage: 100.0
Sink 35 SODDISFATTO. Flusso netto: 1.3, Demand: 1.3, percentage: 100.0
Sink 37 SODDISFATTO. Flusso netto: 1.0, Demand: 1.0, percentage: 100.0
Sink 39 SODDISFATTO. Flusso netto: 0.4, Demand: 0.4, percentage: 100.0
Sink 40 SODDISFATTO. Flusso netto: 0.5, Demand: 0.5, percentage: 100.0
Sink 41 SODDISFATTO. Flusso netto: 1.06, Demand: 1.06, percentage: 100.0
Sink 42 SODDISFATTO. Flusso netto: 2.8199999999999994, Demand: 2.82, percentage: 99.99999999999999
Sink 45 SODDISFATTO. Flusso netto: 0.68, Demand: 0.68, percentage: 100.0
Sink 46 SODDISFATTO. Flusso netto: 1.17, Demand: 1.17, percentage: 100.0
Sink 49 non è soddisfatto. Flusso netto: 3.82, Demand: 7.0, percentage: 54.57142857142857
Flusso totale entrante nei SINK: 89.12
Flusso totale uscente nei SINK: 45.86000000000001
Flusso totale netto nei SINK: 43.26
Total DEMAND dei SINK: 46.44
Percentual di flusso ai SINK: 0.9315245478036176
Numero di Sink soddisfatti: 24.0, numero totale di sink: 25.0
Percentuale di Sink soddisfatti: 0.96

---------------------------------- DAY 235

Update Fixed Elements from Intrinsic Faults
Update Fixed Elements from Heavy Faults
Update Fixed Elements from Attack
Propagate Intrinsic Fault
Node NODO_10 has still failing due to Intrinsic Fault
Node NODO_2 has still failing due to Intrinsic Fault
pipeline ARCO_17 still has reduced capacity: 0.0 due to Intrinsic Fault
pipeline ARCO_88 still has reduced capacity: 0.0 due to Intrinsic Fault
pipeline ARCO_89 still has reduced capacity: 0.0 due to Intrinsic Fault
pipeline V_EDGE_53_8 still has reduced capacity: 0.0 due to Intrinsic Fault
pipeline ARCO_18 still has reduced capacity: 0.0 due to Intrinsic Fault
pipeline ARCO_19 still has reduced capacity: 0.0 due to Intrinsic Fault
pipeline ARCO_87 still has reduced capacity: 0.0 due to Intrinsic Fault
pipeline ARCO_70 still has reduced capacity: 24.8 due to Intrinsic Fault
pipeline V_EDGE_53_0 still has reduced capacity: 24.8 due to Intrinsic Fault
pipeline ARCO_0 still has reduced capacity: 24.8 due to Intrinsic Fault
Propagate Heavy Faults
Propagate Attacks
Inject Intrinsic Failure To Source
Inject Heavy Fault To Sources
Inject Attack Multiple To Source
Inject Intrinsic Fault To Pipeline
Inject Heavy Fault To Pipeline
Inject Attack To Pipeline
----------- Statistics ------------
	Sources Under Attack: 0
	Sources with Heavy Fault: 0
	Sources with Intrinsic Fault: 2
	Arcs with reduce capacity due to Attack: 0
	Arcs with reduce capacity due to Heavy Fault: 0
	Arcs with reduce capacity due to Intrinsic Fault: 10
	Arcs with Attacks: 0
	Arcs with Heavy Fault: 0
	Arcs with Intrinsic Fault: 0
--------- SOURCES STATISTICS ---------------
Demand del real Source[0]: -31.0, flusso erogato: 11.159999999999998, flusso entrante: 0.0, efficienza: 35.99999999999999 %
Demand del real Source[8]: -10.5, flusso erogato: 0.0, flusso entrante: 0.0, efficienza: 0.0 %
Demand del real Source[9]: -7.1, flusso erogato: 17.259999999999998, flusso entrante: 10.159999999999998, efficienza: 243.09859154929575 %
Demand del real Source[17]: -25.0, flusso erogato: 25.000000000000007, flusso entrante: 0.0, efficienza: 100.00000000000003 %
Flusso totale entrante nei Real Source: 10.159999999999998
Flusso totale uscente dai Real Source: 53.42
Flusso netto sui real Source: -43.260000000000005
--- SINKS STATISTICS ---
Sink 3 SODDISFATTO. Flusso netto: 3.43, Demand: 3.43, percentage: 100.0
Sink 4 SODDISFATTO. Flusso netto: 0.5700000000000003, Demand: 0.57, percentage: 100.00000000000007
Sink 5 SODDISFATTO. Flusso netto: 0.6599999999999997, Demand: 0.66, percentage: 99.99999999999994
Sink 11 SODDISFATTO. Flusso netto: 1.03, Demand: 1.03, percentage: 100.0
Sink 15 SODDISFATTO. Flusso netto: 0.46, Demand: 0.46, percentage: 100.0
Sink 16 SODDISFATTO. Flusso netto: 8.400000000000002, Demand: 8.4, percentage: 100.00000000000003
Sink 19 SODDISFATTO. Flusso netto: 0.5399999999999991, Demand: 0.54, percentage: 99.99999999999983
Sink 23 SODDISFATTO. Flusso netto: 0.5999999999999999, Demand: 0.6, percentage: 99.99999999999997
Sink 24 SODDISFATTO. Flusso netto: 0.8, Demand: 0.8, percentage: 100.0
Sink 25 SODDISFATTO. Flusso netto: 3.5, Demand: 3.5, percentage: 100.0
Sink 26 SODDISFATTO. Flusso netto: 6.000000000000002, Demand: 6.0, percentage: 100.00000000000003
Sink 28 SODDISFATTO. Flusso netto: 0.4, Demand: 0.4, percentage: 100.0
Sink 30 SODDISFATTO. Flusso netto: 0.9799999999999986, Demand: 0.98, percentage: 99.99999999999987
Sink 31 SODDISFATTO. Flusso netto: 0.4, Demand: 0.4, percentage: 100.0
Sink 32 SODDISFATTO. Flusso netto: 0.9999999999999996, Demand: 1.0, percentage: 99.99999999999996
Sink 34 SODDISFATTO. Flusso netto: 1.74, Demand: 1.74, percentage: 100.0
Sink 35 SODDISFATTO. Flusso netto: 1.3, Demand: 1.3, percentage: 100.0
Sink 37 SODDISFATTO. Flusso netto: 1.0, Demand: 1.0, percentage: 100.0
Sink 39 SODDISFATTO. Flusso netto: 0.4, Demand: 0.4, percentage: 100.0
Sink 40 SODDISFATTO. Flusso netto: 0.5, Demand: 0.5, percentage: 100.0
Sink 41 SODDISFATTO. Flusso netto: 1.06, Demand: 1.06, percentage: 100.0
Sink 42 SODDISFATTO. Flusso netto: 2.8199999999999994, Demand: 2.82, percentage: 99.99999999999999
Sink 45 SODDISFATTO. Flusso netto: 0.68, Demand: 0.68, percentage: 100.0
Sink 46 SODDISFATTO. Flusso netto: 1.17, Demand: 1.17, percentage: 100.0
Sink 49 non è soddisfatto. Flusso netto: 3.82, Demand: 7.0, percentage: 54.57142857142857
Flusso totale entrante nei SINK: 89.12
Flusso totale uscente nei SINK: 45.86000000000001
Flusso totale netto nei SINK: 43.26
Total DEMAND dei SINK: 46.44
Percentual di flusso ai SINK: 0.9315245478036176
Numero di Sink soddisfatti: 24.0, numero totale di sink: 25.0
Percentuale di Sink soddisfatti: 0.96

---------------------------------- DAY 236

Update Fixed Elements from Intrinsic Faults
Update Fixed Elements from Heavy Faults
Update Fixed Elements from Attack
Propagate Intrinsic Fault
Node NODO_10 has still failing due to Intrinsic Fault
Node NODO_2 has still failing due to Intrinsic Fault
pipeline ARCO_17 still has reduced capacity: 0.0 due to Intrinsic Fault
pipeline ARCO_88 still has reduced capacity: 0.0 due to Intrinsic Fault
pipeline ARCO_89 still has reduced capacity: 0.0 due to Intrinsic Fault
pipeline V_EDGE_53_8 still has reduced capacity: 0.0 due to Intrinsic Fault
pipeline ARCO_18 still has reduced capacity: 0.0 due to Intrinsic Fault
pipeline ARCO_19 still has reduced capacity: 0.0 due to Intrinsic Fault
pipeline ARCO_87 still has reduced capacity: 0.0 due to Intrinsic Fault
pipeline ARCO_70 still has reduced capacity: 24.8 due to Intrinsic Fault
pipeline V_EDGE_53_0 still has reduced capacity: 24.8 due to Intrinsic Fault
pipeline ARCO_0 still has reduced capacity: 24.8 due to Intrinsic Fault
Propagate Heavy Faults
Propagate Attacks
Inject Intrinsic Failure To Source
Inject Heavy Fault To Sources
Inject Attack Multiple To Source
Inject Intrinsic Fault To Pipeline
Inject Heavy Fault To Pipeline
Inject Attack To Pipeline
----------- Statistics ------------
	Sources Under Attack: 0
	Sources with Heavy Fault: 0
	Sources with Intrinsic Fault: 2
	Arcs with reduce capacity due to Attack: 0
	Arcs with reduce capacity due to Heavy Fault: 0
	Arcs with reduce capacity due to Intrinsic Fault: 10
	Arcs with Attacks: 0
	Arcs with Heavy Fault: 0
	Arcs with Intrinsic Fault: 0
--------- SOURCES STATISTICS ---------------
Demand del real Source[0]: -31.0, flusso erogato: 11.159999999999998, flusso entrante: 0.0, efficienza: 35.99999999999999 %
Demand del real Source[8]: -10.5, flusso erogato: 0.0, flusso entrante: 0.0, efficienza: 0.0 %
Demand del real Source[9]: -7.1, flusso erogato: 17.259999999999998, flusso entrante: 10.159999999999998, efficienza: 243.09859154929575 %
Demand del real Source[17]: -25.0, flusso erogato: 25.000000000000007, flusso entrante: 0.0, efficienza: 100.00000000000003 %
Flusso totale entrante nei Real Source: 10.159999999999998
Flusso totale uscente dai Real Source: 53.42
Flusso netto sui real Source: -43.260000000000005
--- SINKS STATISTICS ---
Sink 3 SODDISFATTO. Flusso netto: 3.43, Demand: 3.43, percentage: 100.0
Sink 4 SODDISFATTO. Flusso netto: 0.5700000000000003, Demand: 0.57, percentage: 100.00000000000007
Sink 5 SODDISFATTO. Flusso netto: 0.6599999999999997, Demand: 0.66, percentage: 99.99999999999994
Sink 11 SODDISFATTO. Flusso netto: 1.03, Demand: 1.03, percentage: 100.0
Sink 15 SODDISFATTO. Flusso netto: 0.46, Demand: 0.46, percentage: 100.0
Sink 16 SODDISFATTO. Flusso netto: 8.400000000000002, Demand: 8.4, percentage: 100.00000000000003
Sink 19 SODDISFATTO. Flusso netto: 0.5399999999999991, Demand: 0.54, percentage: 99.99999999999983
Sink 23 SODDISFATTO. Flusso netto: 0.5999999999999999, Demand: 0.6, percentage: 99.99999999999997
Sink 24 SODDISFATTO. Flusso netto: 0.8, Demand: 0.8, percentage: 100.0
Sink 25 SODDISFATTO. Flusso netto: 3.5, Demand: 3.5, percentage: 100.0
Sink 26 SODDISFATTO. Flusso netto: 6.000000000000002, Demand: 6.0, percentage: 100.00000000000003
Sink 28 SODDISFATTO. Flusso netto: 0.4, Demand: 0.4, percentage: 100.0
Sink 30 SODDISFATTO. Flusso netto: 0.9799999999999986, Demand: 0.98, percentage: 99.99999999999987
Sink 31 SODDISFATTO. Flusso netto: 0.4, Demand: 0.4, percentage: 100.0
Sink 32 SODDISFATTO. Flusso netto: 0.9999999999999996, Demand: 1.0, percentage: 99.99999999999996
Sink 34 SODDISFATTO. Flusso netto: 1.74, Demand: 1.74, percentage: 100.0
Sink 35 SODDISFATTO. Flusso netto: 1.3, Demand: 1.3, percentage: 100.0
Sink 37 SODDISFATTO. Flusso netto: 1.0, Demand: 1.0, percentage: 100.0
Sink 39 SODDISFATTO. Flusso netto: 0.4, Demand: 0.4, percentage: 100.0
Sink 40 SODDISFATTO. Flusso netto: 0.5, Demand: 0.5, percentage: 100.0
Sink 41 SODDISFATTO. Flusso netto: 1.06, Demand: 1.06, percentage: 100.0
Sink 42 SODDISFATTO. Flusso netto: 2.8199999999999994, Demand: 2.82, percentage: 99.99999999999999
Sink 45 SODDISFATTO. Flusso netto: 0.68, Demand: 0.68, percentage: 100.0
Sink 46 SODDISFATTO. Flusso netto: 1.17, Demand: 1.17, percentage: 100.0
Sink 49 non è soddisfatto. Flusso netto: 3.82, Demand: 7.0, percentage: 54.57142857142857
Flusso totale entrante nei SINK: 89.12
Flusso totale uscente nei SINK: 45.86000000000001
Flusso totale netto nei SINK: 43.26
Total DEMAND dei SINK: 46.44
Percentual di flusso ai SINK: 0.9315245478036176
Numero di Sink soddisfatti: 24.0, numero totale di sink: 25.0
Percentuale di Sink soddisfatti: 0.96

---------------------------------- DAY 237

Update Fixed Elements from Intrinsic Faults
Source NODO_10 fixed from Intrinsic Fault
Pipeline ARCO_17 fixed due to Source NODO_10 fixing from Intrinsic Fault
Pipeline ARCO_88 fixed due to Source NODO_10 fixing from Intrinsic Fault
Pipeline ARCO_89 fixed due to Source NODO_10 fixing from Intrinsic Fault
Pipeline V_EDGE_53_8 fixed due to Source NODO_10 fixing from Intrinsic Fault
Pipeline ARCO_18 fixed due to Source NODO_10 fixing from Intrinsic Fault
Pipeline ARCO_19 fixed due to Source NODO_10 fixing from Intrinsic Fault
Pipeline ARCO_87 fixed due to Source NODO_10 fixing from Intrinsic Fault
Source NODO_2 fixed from Intrinsic Fault
Pipeline ARCO_70 fixed due to Source NODO_2 fixing from Intrinsic Fault
Pipeline V_EDGE_53_0 fixed due to Source NODO_2 fixing from Intrinsic Fault
Pipeline ARCO_0 fixed due to Source NODO_2 fixing from Intrinsic Fault
Update Fixed Elements from Heavy Faults
Update Fixed Elements from Attack
Propagate Intrinsic Fault
Propagate Heavy Faults
Propagate Attacks
Inject Intrinsic Failure To Source
Inject Heavy Fault To Sources
Inject Attack Multiple To Source
Inject Intrinsic Fault To Pipeline
Inject Heavy Fault To Pipeline
Inject Attack To Pipeline
----------- Statistics ------------
	Sources Under Attack: 0
	Sources with Heavy Fault: 0
	Sources with Intrinsic Fault: 0
	Arcs with reduce capacity due to Attack: 0
	Arcs with reduce capacity due to Heavy Fault: 0
	Arcs with reduce capacity due to Intrinsic Fault: 0
	Arcs with Attacks: 0
	Arcs with Heavy Fault: 0
	Arcs with Intrinsic Fault: 0
--------- SOURCES STATISTICS ---------------
Demand del real Source[0]: -31.0, flusso erogato: 10.129999999999997, flusso entrante: 0.0, efficienza: 32.6774193548387 %
Demand del real Source[8]: -10.5, flusso erogato: 3.8600000000000003, flusso entrante: 0.0, efficienza: 36.76190476190476 %
Demand del real Source[9]: -7.1, flusso erogato: 16.229999999999997, flusso entrante: 9.129999999999997, efficienza: 228.59154929577463 %
Demand del real Source[17]: -25.0, flusso erogato: 25.000000000000007, flusso entrante: 0.0, efficienza: 100.00000000000003 %
Flusso totale entrante nei Real Source: 9.129999999999997
Flusso totale uscente dai Real Source: 55.220000000000006
Flusso netto sui real Source: -46.09000000000001
--- SINKS STATISTICS ---
Sink 3 SODDISFATTO. Flusso netto: 3.43, Demand: 3.43, percentage: 100.0
Sink 4 SODDISFATTO. Flusso netto: 0.5700000000000003, Demand: 0.57, percentage: 100.00000000000007
Sink 5 SODDISFATTO. Flusso netto: 0.6600000000000001, Demand: 0.66, percentage: 100.00000000000003
Sink 11 SODDISFATTO. Flusso netto: 1.03, Demand: 1.03, percentage: 100.0
Sink 15 SODDISFATTO. Flusso netto: 0.46, Demand: 0.46, percentage: 100.0
Sink 16 SODDISFATTO. Flusso netto: 8.400000000000002, Demand: 8.4, percentage: 100.00000000000003
Sink 19 SODDISFATTO. Flusso netto: 0.5399999999999991, Demand: 0.54, percentage: 99.99999999999983
Sink 23 SODDISFATTO. Flusso netto: 0.5999999999999999, Demand: 0.6, percentage: 99.99999999999997
Sink 24 SODDISFATTO. Flusso netto: 0.8, Demand: 0.8, percentage: 100.0
Sink 25 SODDISFATTO. Flusso netto: 3.5, Demand: 3.5, percentage: 100.0
Sink 26 SODDISFATTO. Flusso netto: 6.000000000000002, Demand: 6.0, percentage: 100.00000000000003
Sink 28 SODDISFATTO. Flusso netto: 0.4, Demand: 0.4, percentage: 100.0
Sink 30 SODDISFATTO. Flusso netto: 0.9799999999999986, Demand: 0.98, percentage: 99.99999999999987
Sink 31 SODDISFATTO. Flusso netto: 0.4, Demand: 0.4, percentage: 100.0
Sink 32 SODDISFATTO. Flusso netto: 0.9999999999999996, Demand: 1.0, percentage: 99.99999999999996
Sink 34 SODDISFATTO. Flusso netto: 1.74, Demand: 1.74, percentage: 100.0
Sink 35 SODDISFATTO. Flusso netto: 1.3, Demand: 1.3, percentage: 100.0
Sink 37 SODDISFATTO. Flusso netto: 1.0, Demand: 1.0, percentage: 100.0
Sink 39 SODDISFATTO. Flusso netto: 0.4, Demand: 0.4, percentage: 100.0
Sink 40 SODDISFATTO. Flusso netto: 0.5, Demand: 0.5, percentage: 100.0
Sink 41 SODDISFATTO. Flusso netto: 1.06, Demand: 1.06, percentage: 100.0
Sink 42 SODDISFATTO. Flusso netto: 2.8199999999999994, Demand: 2.82, percentage: 99.99999999999999
Sink 45 SODDISFATTO. Flusso netto: 0.68, Demand: 0.68, percentage: 100.0
Sink 46 SODDISFATTO. Flusso netto: 1.17, Demand: 1.17, percentage: 100.0
Sink 49 non è soddisfatto. Flusso netto: 6.6499999999999995, Demand: 7.0, percentage: 95.0
Flusso totale entrante nei SINK: 92.61000000000001
Flusso totale uscente nei SINK: 46.52
Flusso totale netto nei SINK: 46.09000000000001
Total DEMAND dei SINK: 46.44
Percentual di flusso ai SINK: 0.9924633936261846
Numero di Sink soddisfatti: 24.0, numero totale di sink: 25.0
Percentuale di Sink soddisfatti: 0.96

---------------------------------- DAY 238

Update Fixed Elements from Intrinsic Faults
Update Fixed Elements from Heavy Faults
Update Fixed Elements from Attack
Propagate Intrinsic Fault
Propagate Heavy Faults
Propagate Attacks
Inject Intrinsic Failure To Source
Inject Heavy Fault To Sources
Inject Attack Multiple To Source
Inject Intrinsic Fault To Pipeline
Inject Heavy Fault To Pipeline
Inject Attack To Pipeline
----------- Statistics ------------
	Sources Under Attack: 0
	Sources with Heavy Fault: 0
	Sources with Intrinsic Fault: 0
	Arcs with reduce capacity due to Attack: 0
	Arcs with reduce capacity due to Heavy Fault: 0
	Arcs with reduce capacity due to Intrinsic Fault: 0
	Arcs with Attacks: 0
	Arcs with Heavy Fault: 0
	Arcs with Intrinsic Fault: 0
--------- SOURCES STATISTICS ---------------
Demand del real Source[0]: -31.0, flusso erogato: 10.129999999999997, flusso entrante: 0.0, efficienza: 32.6774193548387 %
Demand del real Source[8]: -10.5, flusso erogato: 3.8600000000000003, flusso entrante: 0.0, efficienza: 36.76190476190476 %
Demand del real Source[9]: -7.1, flusso erogato: 16.229999999999997, flusso entrante: 9.129999999999997, efficienza: 228.59154929577463 %
Demand del real Source[17]: -25.0, flusso erogato: 25.000000000000007, flusso entrante: 0.0, efficienza: 100.00000000000003 %
Flusso totale entrante nei Real Source: 9.129999999999997
Flusso totale uscente dai Real Source: 55.220000000000006
Flusso netto sui real Source: -46.09000000000001
--- SINKS STATISTICS ---
Sink 3 SODDISFATTO. Flusso netto: 3.43, Demand: 3.43, percentage: 100.0
Sink 4 SODDISFATTO. Flusso netto: 0.5700000000000003, Demand: 0.57, percentage: 100.00000000000007
Sink 5 SODDISFATTO. Flusso netto: 0.6600000000000001, Demand: 0.66, percentage: 100.00000000000003
Sink 11 SODDISFATTO. Flusso netto: 1.03, Demand: 1.03, percentage: 100.0
Sink 15 SODDISFATTO. Flusso netto: 0.46, Demand: 0.46, percentage: 100.0
Sink 16 SODDISFATTO. Flusso netto: 8.400000000000002, Demand: 8.4, percentage: 100.00000000000003
Sink 19 SODDISFATTO. Flusso netto: 0.5399999999999991, Demand: 0.54, percentage: 99.99999999999983
Sink 23 SODDISFATTO. Flusso netto: 0.5999999999999999, Demand: 0.6, percentage: 99.99999999999997
Sink 24 SODDISFATTO. Flusso netto: 0.8, Demand: 0.8, percentage: 100.0
Sink 25 SODDISFATTO. Flusso netto: 3.5, Demand: 3.5, percentage: 100.0
Sink 26 SODDISFATTO. Flusso netto: 6.000000000000002, Demand: 6.0, percentage: 100.00000000000003
Sink 28 SODDISFATTO. Flusso netto: 0.4, Demand: 0.4, percentage: 100.0
Sink 30 SODDISFATTO. Flusso netto: 0.9799999999999986, Demand: 0.98, percentage: 99.99999999999987
Sink 31 SODDISFATTO. Flusso netto: 0.4, Demand: 0.4, percentage: 100.0
Sink 32 SODDISFATTO. Flusso netto: 0.9999999999999996, Demand: 1.0, percentage: 99.99999999999996
Sink 34 SODDISFATTO. Flusso netto: 1.74, Demand: 1.74, percentage: 100.0
Sink 35 SODDISFATTO. Flusso netto: 1.3, Demand: 1.3, percentage: 100.0
Sink 37 SODDISFATTO. Flusso netto: 1.0, Demand: 1.0, percentage: 100.0
Sink 39 SODDISFATTO. Flusso netto: 0.4, Demand: 0.4, percentage: 100.0
Sink 40 SODDISFATTO. Flusso netto: 0.5, Demand: 0.5, percentage: 100.0
Sink 41 SODDISFATTO. Flusso netto: 1.06, Demand: 1.06, percentage: 100.0
Sink 42 SODDISFATTO. Flusso netto: 2.8199999999999994, Demand: 2.82, percentage: 99.99999999999999
Sink 45 SODDISFATTO. Flusso netto: 0.68, Demand: 0.68, percentage: 100.0
Sink 46 SODDISFATTO. Flusso netto: 1.17, Demand: 1.17, percentage: 100.0
Sink 49 non è soddisfatto. Flusso netto: 6.6499999999999995, Demand: 7.0, percentage: 95.0
Flusso totale entrante nei SINK: 92.61000000000001
Flusso totale uscente nei SINK: 46.52
Flusso totale netto nei SINK: 46.09000000000001
Total DEMAND dei SINK: 46.44
Percentual di flusso ai SINK: 0.9924633936261846
Numero di Sink soddisfatti: 24.0, numero totale di sink: 25.0
Percentuale di Sink soddisfatti: 0.96

---------------------------------- DAY 239

Update Fixed Elements from Intrinsic Faults
Update Fixed Elements from Heavy Faults
Update Fixed Elements from Attack
Propagate Intrinsic Fault
Propagate Heavy Faults
Propagate Attacks
Inject Intrinsic Failure To Source
Source NODO_2 is failing for an Intrinsic Fault in day: 239
pipeline ARCO_70 has reduced capacity due to NODO_2 Intrinsic fault
pipeline V_EDGE_53_0 has reduced capacity due to NODO_2 Intrinsic fault
pipeline ARCO_0 has reduced capacity due to NODO_2 Intrinsic fault
Inject Heavy Fault To Sources
Inject Attack Multiple To Source
Inject Intrinsic Fault To Pipeline
Inject Heavy Fault To Pipeline
Inject Attack To Pipeline
----------- Statistics ------------
	Sources Under Attack: 0
	Sources with Heavy Fault: 0
	Sources with Intrinsic Fault: 1
	Arcs with reduce capacity due to Attack: 0
	Arcs with reduce capacity due to Heavy Fault: 0
	Arcs with reduce capacity due to Intrinsic Fault: 3
	Arcs with Attacks: 0
	Arcs with Heavy Fault: 0
	Arcs with Intrinsic Fault: 0
--------- SOURCES STATISTICS ---------------
Demand del real Source[0]: -31.0, flusso erogato: 10.129999999999997, flusso entrante: 0.0, efficienza: 32.6774193548387 %
Demand del real Source[8]: -10.5, flusso erogato: 3.8600000000000003, flusso entrante: 0.0, efficienza: 36.76190476190476 %
Demand del real Source[9]: -7.1, flusso erogato: 16.229999999999997, flusso entrante: 9.129999999999997, efficienza: 228.59154929577463 %
Demand del real Source[17]: -25.0, flusso erogato: 25.000000000000007, flusso entrante: 0.0, efficienza: 100.00000000000003 %
Flusso totale entrante nei Real Source: 9.129999999999997
Flusso totale uscente dai Real Source: 55.220000000000006
Flusso netto sui real Source: -46.09000000000001
--- SINKS STATISTICS ---
Sink 3 SODDISFATTO. Flusso netto: 3.43, Demand: 3.43, percentage: 100.0
Sink 4 SODDISFATTO. Flusso netto: 0.5700000000000003, Demand: 0.57, percentage: 100.00000000000007
Sink 5 SODDISFATTO. Flusso netto: 0.6600000000000001, Demand: 0.66, percentage: 100.00000000000003
Sink 11 SODDISFATTO. Flusso netto: 1.03, Demand: 1.03, percentage: 100.0
Sink 15 SODDISFATTO. Flusso netto: 0.46, Demand: 0.46, percentage: 100.0
Sink 16 SODDISFATTO. Flusso netto: 8.400000000000002, Demand: 8.4, percentage: 100.00000000000003
Sink 19 SODDISFATTO. Flusso netto: 0.5399999999999991, Demand: 0.54, percentage: 99.99999999999983
Sink 23 SODDISFATTO. Flusso netto: 0.5999999999999999, Demand: 0.6, percentage: 99.99999999999997
Sink 24 SODDISFATTO. Flusso netto: 0.8, Demand: 0.8, percentage: 100.0
Sink 25 SODDISFATTO. Flusso netto: 3.5, Demand: 3.5, percentage: 100.0
Sink 26 SODDISFATTO. Flusso netto: 6.000000000000002, Demand: 6.0, percentage: 100.00000000000003
Sink 28 SODDISFATTO. Flusso netto: 0.4, Demand: 0.4, percentage: 100.0
Sink 30 SODDISFATTO. Flusso netto: 0.9799999999999986, Demand: 0.98, percentage: 99.99999999999987
Sink 31 SODDISFATTO. Flusso netto: 0.4, Demand: 0.4, percentage: 100.0
Sink 32 SODDISFATTO. Flusso netto: 0.9999999999999996, Demand: 1.0, percentage: 99.99999999999996
Sink 34 SODDISFATTO. Flusso netto: 1.74, Demand: 1.74, percentage: 100.0
Sink 35 SODDISFATTO. Flusso netto: 1.3, Demand: 1.3, percentage: 100.0
Sink 37 SODDISFATTO. Flusso netto: 1.0, Demand: 1.0, percentage: 100.0
Sink 39 SODDISFATTO. Flusso netto: 0.4, Demand: 0.4, percentage: 100.0
Sink 40 SODDISFATTO. Flusso netto: 0.5, Demand: 0.5, percentage: 100.0
Sink 41 SODDISFATTO. Flusso netto: 1.06, Demand: 1.06, percentage: 100.0
Sink 42 SODDISFATTO. Flusso netto: 2.8199999999999994, Demand: 2.82, percentage: 99.99999999999999
Sink 45 SODDISFATTO. Flusso netto: 0.68, Demand: 0.68, percentage: 100.0
Sink 46 SODDISFATTO. Flusso netto: 1.17, Demand: 1.17, percentage: 100.0
Sink 49 non è soddisfatto. Flusso netto: 6.6499999999999995, Demand: 7.0, percentage: 95.0
Flusso totale entrante nei SINK: 92.61000000000001
Flusso totale uscente nei SINK: 46.52
Flusso totale netto nei SINK: 46.09000000000001
Total DEMAND dei SINK: 46.44
Percentual di flusso ai SINK: 0.9924633936261846
Numero di Sink soddisfatti: 24.0, numero totale di sink: 25.0
Percentuale di Sink soddisfatti: 0.96

---------------------------------- DAY 240

Update Fixed Elements from Intrinsic Faults
Update Fixed Elements from Heavy Faults
Update Fixed Elements from Attack
Propagate Intrinsic Fault
Node NODO_2 has still failing due to Intrinsic Fault
pipeline ARCO_70 still has reduced capacity: 24.8 due to Intrinsic Fault
pipeline V_EDGE_53_0 still has reduced capacity: 24.8 due to Intrinsic Fault
pipeline ARCO_0 still has reduced capacity: 24.8 due to Intrinsic Fault
Propagate Heavy Faults
Propagate Attacks
Inject Intrinsic Failure To Source
Source NODO_10 is failing for an Intrinsic Fault in day: 240
pipeline ARCO_17 has reduced capacity due to NODO_10 Intrinsic fault
pipeline ARCO_88 has reduced capacity due to NODO_10 Intrinsic fault
pipeline ARCO_89 has reduced capacity due to NODO_10 Intrinsic fault
pipeline V_EDGE_53_8 has reduced capacity due to NODO_10 Intrinsic fault
pipeline ARCO_18 has reduced capacity due to NODO_10 Intrinsic fault
pipeline ARCO_19 has reduced capacity due to NODO_10 Intrinsic fault
pipeline ARCO_87 has reduced capacity due to NODO_10 Intrinsic fault
Inject Heavy Fault To Sources
Inject Attack Multiple To Source
Inject Intrinsic Fault To Pipeline
Inject Heavy Fault To Pipeline
Inject Attack To Pipeline
----------- Statistics ------------
	Sources Under Attack: 0
	Sources with Heavy Fault: 0
	Sources with Intrinsic Fault: 2
	Arcs with reduce capacity due to Attack: 0
	Arcs with reduce capacity due to Heavy Fault: 0
	Arcs with reduce capacity due to Intrinsic Fault: 10
	Arcs with Attacks: 0
	Arcs with Heavy Fault: 0
	Arcs with Intrinsic Fault: 0
--------- SOURCES STATISTICS ---------------
Demand del real Source[0]: -31.0, flusso erogato: 11.159999999999998, flusso entrante: 0.0, efficienza: 35.99999999999999 %
Demand del real Source[8]: -10.5, flusso erogato: 0.0, flusso entrante: 0.0, efficienza: 0.0 %
Demand del real Source[9]: -7.1, flusso erogato: 17.259999999999998, flusso entrante: 10.159999999999998, efficienza: 243.09859154929575 %
Demand del real Source[17]: -25.0, flusso erogato: 25.000000000000007, flusso entrante: 0.0, efficienza: 100.00000000000003 %
Flusso totale entrante nei Real Source: 10.159999999999998
Flusso totale uscente dai Real Source: 53.42
Flusso netto sui real Source: -43.260000000000005
--- SINKS STATISTICS ---
Sink 3 SODDISFATTO. Flusso netto: 3.43, Demand: 3.43, percentage: 100.0
Sink 4 SODDISFATTO. Flusso netto: 0.5700000000000003, Demand: 0.57, percentage: 100.00000000000007
Sink 5 SODDISFATTO. Flusso netto: 0.6599999999999997, Demand: 0.66, percentage: 99.99999999999994
Sink 11 SODDISFATTO. Flusso netto: 1.03, Demand: 1.03, percentage: 100.0
Sink 15 SODDISFATTO. Flusso netto: 0.46, Demand: 0.46, percentage: 100.0
Sink 16 SODDISFATTO. Flusso netto: 8.400000000000002, Demand: 8.4, percentage: 100.00000000000003
Sink 19 SODDISFATTO. Flusso netto: 0.5399999999999991, Demand: 0.54, percentage: 99.99999999999983
Sink 23 SODDISFATTO. Flusso netto: 0.5999999999999999, Demand: 0.6, percentage: 99.99999999999997
Sink 24 SODDISFATTO. Flusso netto: 0.8, Demand: 0.8, percentage: 100.0
Sink 25 SODDISFATTO. Flusso netto: 3.5, Demand: 3.5, percentage: 100.0
Sink 26 SODDISFATTO. Flusso netto: 6.000000000000002, Demand: 6.0, percentage: 100.00000000000003
Sink 28 SODDISFATTO. Flusso netto: 0.4, Demand: 0.4, percentage: 100.0
Sink 30 SODDISFATTO. Flusso netto: 0.9799999999999986, Demand: 0.98, percentage: 99.99999999999987
Sink 31 SODDISFATTO. Flusso netto: 0.4, Demand: 0.4, percentage: 100.0
Sink 32 SODDISFATTO. Flusso netto: 0.9999999999999996, Demand: 1.0, percentage: 99.99999999999996
Sink 34 SODDISFATTO. Flusso netto: 1.74, Demand: 1.74, percentage: 100.0
Sink 35 SODDISFATTO. Flusso netto: 1.3, Demand: 1.3, percentage: 100.0
Sink 37 SODDISFATTO. Flusso netto: 1.0, Demand: 1.0, percentage: 100.0
Sink 39 SODDISFATTO. Flusso netto: 0.4, Demand: 0.4, percentage: 100.0
Sink 40 SODDISFATTO. Flusso netto: 0.5, Demand: 0.5, percentage: 100.0
Sink 41 SODDISFATTO. Flusso netto: 1.06, Demand: 1.06, percentage: 100.0
Sink 42 SODDISFATTO. Flusso netto: 2.8199999999999994, Demand: 2.82, percentage: 99.99999999999999
Sink 45 SODDISFATTO. Flusso netto: 0.68, Demand: 0.68, percentage: 100.0
Sink 46 SODDISFATTO. Flusso netto: 1.17, Demand: 1.17, percentage: 100.0
Sink 49 non è soddisfatto. Flusso netto: 3.82, Demand: 7.0, percentage: 54.57142857142857
Flusso totale entrante nei SINK: 89.12
Flusso totale uscente nei SINK: 45.86000000000001
Flusso totale netto nei SINK: 43.26
Total DEMAND dei SINK: 46.44
Percentual di flusso ai SINK: 0.9315245478036176
Numero di Sink soddisfatti: 24.0, numero totale di sink: 25.0
Percentuale di Sink soddisfatti: 0.96

---------------------------------- DAY 241

Update Fixed Elements from Intrinsic Faults
Update Fixed Elements from Heavy Faults
Update Fixed Elements from Attack
Propagate Intrinsic Fault
Node NODO_2 has still failing due to Intrinsic Fault
Node NODO_10 has still failing due to Intrinsic Fault
pipeline ARCO_70 still has reduced capacity: 24.8 due to Intrinsic Fault
pipeline V_EDGE_53_0 still has reduced capacity: 24.8 due to Intrinsic Fault
pipeline ARCO_0 still has reduced capacity: 24.8 due to Intrinsic Fault
pipeline ARCO_17 still has reduced capacity: 0.0 due to Intrinsic Fault
pipeline ARCO_88 still has reduced capacity: 0.0 due to Intrinsic Fault
pipeline ARCO_89 still has reduced capacity: 0.0 due to Intrinsic Fault
pipeline V_EDGE_53_8 still has reduced capacity: 0.0 due to Intrinsic Fault
pipeline ARCO_18 still has reduced capacity: 0.0 due to Intrinsic Fault
pipeline ARCO_19 still has reduced capacity: 0.0 due to Intrinsic Fault
pipeline ARCO_87 still has reduced capacity: 0.0 due to Intrinsic Fault
Propagate Heavy Faults
Propagate Attacks
Inject Intrinsic Failure To Source
Inject Heavy Fault To Sources
Inject Attack Multiple To Source
Inject Intrinsic Fault To Pipeline
Inject Heavy Fault To Pipeline
Inject Attack To Pipeline
----------- Statistics ------------
	Sources Under Attack: 0
	Sources with Heavy Fault: 0
	Sources with Intrinsic Fault: 2
	Arcs with reduce capacity due to Attack: 0
	Arcs with reduce capacity due to Heavy Fault: 0
	Arcs with reduce capacity due to Intrinsic Fault: 10
	Arcs with Attacks: 0
	Arcs with Heavy Fault: 0
	Arcs with Intrinsic Fault: 0
--------- SOURCES STATISTICS ---------------
Demand del real Source[0]: -31.0, flusso erogato: 11.159999999999998, flusso entrante: 0.0, efficienza: 35.99999999999999 %
Demand del real Source[8]: -10.5, flusso erogato: 0.0, flusso entrante: 0.0, efficienza: 0.0 %
Demand del real Source[9]: -7.1, flusso erogato: 17.259999999999998, flusso entrante: 10.159999999999998, efficienza: 243.09859154929575 %
Demand del real Source[17]: -25.0, flusso erogato: 25.000000000000007, flusso entrante: 0.0, efficienza: 100.00000000000003 %
Flusso totale entrante nei Real Source: 10.159999999999998
Flusso totale uscente dai Real Source: 53.42
Flusso netto sui real Source: -43.260000000000005
--- SINKS STATISTICS ---
Sink 3 SODDISFATTO. Flusso netto: 3.43, Demand: 3.43, percentage: 100.0
Sink 4 SODDISFATTO. Flusso netto: 0.5700000000000003, Demand: 0.57, percentage: 100.00000000000007
Sink 5 SODDISFATTO. Flusso netto: 0.6599999999999997, Demand: 0.66, percentage: 99.99999999999994
Sink 11 SODDISFATTO. Flusso netto: 1.03, Demand: 1.03, percentage: 100.0
Sink 15 SODDISFATTO. Flusso netto: 0.46, Demand: 0.46, percentage: 100.0
Sink 16 SODDISFATTO. Flusso netto: 8.400000000000002, Demand: 8.4, percentage: 100.00000000000003
Sink 19 SODDISFATTO. Flusso netto: 0.5399999999999991, Demand: 0.54, percentage: 99.99999999999983
Sink 23 SODDISFATTO. Flusso netto: 0.5999999999999999, Demand: 0.6, percentage: 99.99999999999997
Sink 24 SODDISFATTO. Flusso netto: 0.8, Demand: 0.8, percentage: 100.0
Sink 25 SODDISFATTO. Flusso netto: 3.5, Demand: 3.5, percentage: 100.0
Sink 26 SODDISFATTO. Flusso netto: 6.000000000000002, Demand: 6.0, percentage: 100.00000000000003
Sink 28 SODDISFATTO. Flusso netto: 0.4, Demand: 0.4, percentage: 100.0
Sink 30 SODDISFATTO. Flusso netto: 0.9799999999999986, Demand: 0.98, percentage: 99.99999999999987
Sink 31 SODDISFATTO. Flusso netto: 0.4, Demand: 0.4, percentage: 100.0
Sink 32 SODDISFATTO. Flusso netto: 0.9999999999999996, Demand: 1.0, percentage: 99.99999999999996
Sink 34 SODDISFATTO. Flusso netto: 1.74, Demand: 1.74, percentage: 100.0
Sink 35 SODDISFATTO. Flusso netto: 1.3, Demand: 1.3, percentage: 100.0
Sink 37 SODDISFATTO. Flusso netto: 1.0, Demand: 1.0, percentage: 100.0
Sink 39 SODDISFATTO. Flusso netto: 0.4, Demand: 0.4, percentage: 100.0
Sink 40 SODDISFATTO. Flusso netto: 0.5, Demand: 0.5, percentage: 100.0
Sink 41 SODDISFATTO. Flusso netto: 1.06, Demand: 1.06, percentage: 100.0
Sink 42 SODDISFATTO. Flusso netto: 2.8199999999999994, Demand: 2.82, percentage: 99.99999999999999
Sink 45 SODDISFATTO. Flusso netto: 0.68, Demand: 0.68, percentage: 100.0
Sink 46 SODDISFATTO. Flusso netto: 1.17, Demand: 1.17, percentage: 100.0
Sink 49 non è soddisfatto. Flusso netto: 3.82, Demand: 7.0, percentage: 54.57142857142857
Flusso totale entrante nei SINK: 89.12
Flusso totale uscente nei SINK: 45.86000000000001
Flusso totale netto nei SINK: 43.26
Total DEMAND dei SINK: 46.44
Percentual di flusso ai SINK: 0.9315245478036176
Numero di Sink soddisfatti: 24.0, numero totale di sink: 25.0
Percentuale di Sink soddisfatti: 0.96

---------------------------------- DAY 242

Update Fixed Elements from Intrinsic Faults
Source NODO_2 fixed from Intrinsic Fault
Pipeline ARCO_70 fixed due to Source NODO_2 fixing from Intrinsic Fault
Pipeline V_EDGE_53_0 fixed due to Source NODO_2 fixing from Intrinsic Fault
Pipeline ARCO_0 fixed due to Source NODO_2 fixing from Intrinsic Fault
Update Fixed Elements from Heavy Faults
Update Fixed Elements from Attack
Propagate Intrinsic Fault
Node NODO_10 has still failing due to Intrinsic Fault
pipeline ARCO_17 still has reduced capacity: 0.0 due to Intrinsic Fault
pipeline ARCO_88 still has reduced capacity: 0.0 due to Intrinsic Fault
pipeline ARCO_89 still has reduced capacity: 0.0 due to Intrinsic Fault
pipeline V_EDGE_53_8 still has reduced capacity: 0.0 due to Intrinsic Fault
pipeline ARCO_18 still has reduced capacity: 0.0 due to Intrinsic Fault
pipeline ARCO_19 still has reduced capacity: 0.0 due to Intrinsic Fault
pipeline ARCO_87 still has reduced capacity: 0.0 due to Intrinsic Fault
Propagate Heavy Faults
Propagate Attacks
Inject Intrinsic Failure To Source
Inject Heavy Fault To Sources
Inject Attack Multiple To Source
Inject Intrinsic Fault To Pipeline
Inject Heavy Fault To Pipeline
Inject Attack To Pipeline
----------- Statistics ------------
	Sources Under Attack: 0
	Sources with Heavy Fault: 0
	Sources with Intrinsic Fault: 1
	Arcs with reduce capacity due to Attack: 0
	Arcs with reduce capacity due to Heavy Fault: 0
	Arcs with reduce capacity due to Intrinsic Fault: 7
	Arcs with Attacks: 0
	Arcs with Heavy Fault: 0
	Arcs with Intrinsic Fault: 0
--------- SOURCES STATISTICS ---------------
Demand del real Source[0]: -31.0, flusso erogato: 11.159999999999998, flusso entrante: 0.0, efficienza: 35.99999999999999 %
Demand del real Source[8]: -10.5, flusso erogato: 0.0, flusso entrante: 0.0, efficienza: 0.0 %
Demand del real Source[9]: -7.1, flusso erogato: 17.259999999999998, flusso entrante: 10.159999999999998, efficienza: 243.09859154929575 %
Demand del real Source[17]: -25.0, flusso erogato: 25.000000000000007, flusso entrante: 0.0, efficienza: 100.00000000000003 %
Flusso totale entrante nei Real Source: 10.159999999999998
Flusso totale uscente dai Real Source: 53.42
Flusso netto sui real Source: -43.260000000000005
--- SINKS STATISTICS ---
Sink 3 SODDISFATTO. Flusso netto: 3.43, Demand: 3.43, percentage: 100.0
Sink 4 SODDISFATTO. Flusso netto: 0.5700000000000003, Demand: 0.57, percentage: 100.00000000000007
Sink 5 SODDISFATTO. Flusso netto: 0.6599999999999997, Demand: 0.66, percentage: 99.99999999999994
Sink 11 SODDISFATTO. Flusso netto: 1.03, Demand: 1.03, percentage: 100.0
Sink 15 SODDISFATTO. Flusso netto: 0.46, Demand: 0.46, percentage: 100.0
Sink 16 SODDISFATTO. Flusso netto: 8.400000000000002, Demand: 8.4, percentage: 100.00000000000003
Sink 19 SODDISFATTO. Flusso netto: 0.5399999999999991, Demand: 0.54, percentage: 99.99999999999983
Sink 23 SODDISFATTO. Flusso netto: 0.5999999999999999, Demand: 0.6, percentage: 99.99999999999997
Sink 24 SODDISFATTO. Flusso netto: 0.8, Demand: 0.8, percentage: 100.0
Sink 25 SODDISFATTO. Flusso netto: 3.5, Demand: 3.5, percentage: 100.0
Sink 26 SODDISFATTO. Flusso netto: 6.000000000000002, Demand: 6.0, percentage: 100.00000000000003
Sink 28 SODDISFATTO. Flusso netto: 0.4, Demand: 0.4, percentage: 100.0
Sink 30 SODDISFATTO. Flusso netto: 0.9799999999999986, Demand: 0.98, percentage: 99.99999999999987
Sink 31 SODDISFATTO. Flusso netto: 0.4, Demand: 0.4, percentage: 100.0
Sink 32 SODDISFATTO. Flusso netto: 0.9999999999999996, Demand: 1.0, percentage: 99.99999999999996
Sink 34 SODDISFATTO. Flusso netto: 1.74, Demand: 1.74, percentage: 100.0
Sink 35 SODDISFATTO. Flusso netto: 1.3, Demand: 1.3, percentage: 100.0
Sink 37 SODDISFATTO. Flusso netto: 1.0, Demand: 1.0, percentage: 100.0
Sink 39 SODDISFATTO. Flusso netto: 0.4, Demand: 0.4, percentage: 100.0
Sink 40 SODDISFATTO. Flusso netto: 0.5, Demand: 0.5, percentage: 100.0
Sink 41 SODDISFATTO. Flusso netto: 1.06, Demand: 1.06, percentage: 100.0
Sink 42 SODDISFATTO. Flusso netto: 2.8199999999999994, Demand: 2.82, percentage: 99.99999999999999
Sink 45 SODDISFATTO. Flusso netto: 0.68, Demand: 0.68, percentage: 100.0
Sink 46 SODDISFATTO. Flusso netto: 1.17, Demand: 1.17, percentage: 100.0
Sink 49 non è soddisfatto. Flusso netto: 3.82, Demand: 7.0, percentage: 54.57142857142857
Flusso totale entrante nei SINK: 89.12
Flusso totale uscente nei SINK: 45.86000000000001
Flusso totale netto nei SINK: 43.26
Total DEMAND dei SINK: 46.44
Percentual di flusso ai SINK: 0.9315245478036176
Numero di Sink soddisfatti: 24.0, numero totale di sink: 25.0
Percentuale di Sink soddisfatti: 0.96

---------------------------------- DAY 243

Update Fixed Elements from Intrinsic Faults
Update Fixed Elements from Heavy Faults
Update Fixed Elements from Attack
Propagate Intrinsic Fault
Node NODO_10 has still failing due to Intrinsic Fault
pipeline ARCO_17 still has reduced capacity: 0.0 due to Intrinsic Fault
pipeline ARCO_88 still has reduced capacity: 0.0 due to Intrinsic Fault
pipeline ARCO_89 still has reduced capacity: 0.0 due to Intrinsic Fault
pipeline V_EDGE_53_8 still has reduced capacity: 0.0 due to Intrinsic Fault
pipeline ARCO_18 still has reduced capacity: 0.0 due to Intrinsic Fault
pipeline ARCO_19 still has reduced capacity: 0.0 due to Intrinsic Fault
pipeline ARCO_87 still has reduced capacity: 0.0 due to Intrinsic Fault
Propagate Heavy Faults
Propagate Attacks
Inject Intrinsic Failure To Source
Inject Heavy Fault To Sources
Inject Attack Multiple To Source
Inject Intrinsic Fault To Pipeline
Inject Heavy Fault To Pipeline
Inject Attack To Pipeline
----------- Statistics ------------
	Sources Under Attack: 0
	Sources with Heavy Fault: 0
	Sources with Intrinsic Fault: 1
	Arcs with reduce capacity due to Attack: 0
	Arcs with reduce capacity due to Heavy Fault: 0
	Arcs with reduce capacity due to Intrinsic Fault: 7
	Arcs with Attacks: 0
	Arcs with Heavy Fault: 0
	Arcs with Intrinsic Fault: 0
--------- SOURCES STATISTICS ---------------
Demand del real Source[0]: -31.0, flusso erogato: 11.159999999999998, flusso entrante: 0.0, efficienza: 35.99999999999999 %
Demand del real Source[8]: -10.5, flusso erogato: 0.0, flusso entrante: 0.0, efficienza: 0.0 %
Demand del real Source[9]: -7.1, flusso erogato: 17.259999999999998, flusso entrante: 10.159999999999998, efficienza: 243.09859154929575 %
Demand del real Source[17]: -25.0, flusso erogato: 25.000000000000007, flusso entrante: 0.0, efficienza: 100.00000000000003 %
Flusso totale entrante nei Real Source: 10.159999999999998
Flusso totale uscente dai Real Source: 53.42
Flusso netto sui real Source: -43.260000000000005
--- SINKS STATISTICS ---
Sink 3 SODDISFATTO. Flusso netto: 3.43, Demand: 3.43, percentage: 100.0
Sink 4 SODDISFATTO. Flusso netto: 0.5700000000000003, Demand: 0.57, percentage: 100.00000000000007
Sink 5 SODDISFATTO. Flusso netto: 0.6599999999999997, Demand: 0.66, percentage: 99.99999999999994
Sink 11 SODDISFATTO. Flusso netto: 1.03, Demand: 1.03, percentage: 100.0
Sink 15 SODDISFATTO. Flusso netto: 0.46, Demand: 0.46, percentage: 100.0
Sink 16 SODDISFATTO. Flusso netto: 8.400000000000002, Demand: 8.4, percentage: 100.00000000000003
Sink 19 SODDISFATTO. Flusso netto: 0.5399999999999991, Demand: 0.54, percentage: 99.99999999999983
Sink 23 SODDISFATTO. Flusso netto: 0.5999999999999999, Demand: 0.6, percentage: 99.99999999999997
Sink 24 SODDISFATTO. Flusso netto: 0.8, Demand: 0.8, percentage: 100.0
Sink 25 SODDISFATTO. Flusso netto: 3.5, Demand: 3.5, percentage: 100.0
Sink 26 SODDISFATTO. Flusso netto: 6.000000000000002, Demand: 6.0, percentage: 100.00000000000003
Sink 28 SODDISFATTO. Flusso netto: 0.4, Demand: 0.4, percentage: 100.0
Sink 30 SODDISFATTO. Flusso netto: 0.9799999999999986, Demand: 0.98, percentage: 99.99999999999987
Sink 31 SODDISFATTO. Flusso netto: 0.4, Demand: 0.4, percentage: 100.0
Sink 32 SODDISFATTO. Flusso netto: 0.9999999999999996, Demand: 1.0, percentage: 99.99999999999996
Sink 34 SODDISFATTO. Flusso netto: 1.74, Demand: 1.74, percentage: 100.0
Sink 35 SODDISFATTO. Flusso netto: 1.3, Demand: 1.3, percentage: 100.0
Sink 37 SODDISFATTO. Flusso netto: 1.0, Demand: 1.0, percentage: 100.0
Sink 39 SODDISFATTO. Flusso netto: 0.4, Demand: 0.4, percentage: 100.0
Sink 40 SODDISFATTO. Flusso netto: 0.5, Demand: 0.5, percentage: 100.0
Sink 41 SODDISFATTO. Flusso netto: 1.06, Demand: 1.06, percentage: 100.0
Sink 42 SODDISFATTO. Flusso netto: 2.8199999999999994, Demand: 2.82, percentage: 99.99999999999999
Sink 45 SODDISFATTO. Flusso netto: 0.68, Demand: 0.68, percentage: 100.0
Sink 46 SODDISFATTO. Flusso netto: 1.17, Demand: 1.17, percentage: 100.0
Sink 49 non è soddisfatto. Flusso netto: 3.82, Demand: 7.0, percentage: 54.57142857142857
Flusso totale entrante nei SINK: 89.12
Flusso totale uscente nei SINK: 45.86000000000001
Flusso totale netto nei SINK: 43.26
Total DEMAND dei SINK: 46.44
Percentual di flusso ai SINK: 0.9315245478036176
Numero di Sink soddisfatti: 24.0, numero totale di sink: 25.0
Percentuale di Sink soddisfatti: 0.96

---------------------------------- DAY 244

Update Fixed Elements from Intrinsic Faults
Update Fixed Elements from Heavy Faults
Update Fixed Elements from Attack
Propagate Intrinsic Fault
Node NODO_10 has still failing due to Intrinsic Fault
pipeline ARCO_17 still has reduced capacity: 0.0 due to Intrinsic Fault
pipeline ARCO_88 still has reduced capacity: 0.0 due to Intrinsic Fault
pipeline ARCO_89 still has reduced capacity: 0.0 due to Intrinsic Fault
pipeline V_EDGE_53_8 still has reduced capacity: 0.0 due to Intrinsic Fault
pipeline ARCO_18 still has reduced capacity: 0.0 due to Intrinsic Fault
pipeline ARCO_19 still has reduced capacity: 0.0 due to Intrinsic Fault
pipeline ARCO_87 still has reduced capacity: 0.0 due to Intrinsic Fault
Propagate Heavy Faults
Propagate Attacks
Inject Intrinsic Failure To Source
Inject Heavy Fault To Sources
Inject Attack Multiple To Source
Inject Intrinsic Fault To Pipeline
Inject Heavy Fault To Pipeline
Inject Attack To Pipeline
----------- Statistics ------------
	Sources Under Attack: 0
	Sources with Heavy Fault: 0
	Sources with Intrinsic Fault: 1
	Arcs with reduce capacity due to Attack: 0
	Arcs with reduce capacity due to Heavy Fault: 0
	Arcs with reduce capacity due to Intrinsic Fault: 7
	Arcs with Attacks: 0
	Arcs with Heavy Fault: 0
	Arcs with Intrinsic Fault: 0
--------- SOURCES STATISTICS ---------------
Demand del real Source[0]: -31.0, flusso erogato: 11.159999999999998, flusso entrante: 0.0, efficienza: 35.99999999999999 %
Demand del real Source[8]: -10.5, flusso erogato: 0.0, flusso entrante: 0.0, efficienza: 0.0 %
Demand del real Source[9]: -7.1, flusso erogato: 17.259999999999998, flusso entrante: 10.159999999999998, efficienza: 243.09859154929575 %
Demand del real Source[17]: -25.0, flusso erogato: 25.000000000000007, flusso entrante: 0.0, efficienza: 100.00000000000003 %
Flusso totale entrante nei Real Source: 10.159999999999998
Flusso totale uscente dai Real Source: 53.42
Flusso netto sui real Source: -43.260000000000005
--- SINKS STATISTICS ---
Sink 3 SODDISFATTO. Flusso netto: 3.43, Demand: 3.43, percentage: 100.0
Sink 4 SODDISFATTO. Flusso netto: 0.5700000000000003, Demand: 0.57, percentage: 100.00000000000007
Sink 5 SODDISFATTO. Flusso netto: 0.6599999999999997, Demand: 0.66, percentage: 99.99999999999994
Sink 11 SODDISFATTO. Flusso netto: 1.03, Demand: 1.03, percentage: 100.0
Sink 15 SODDISFATTO. Flusso netto: 0.46, Demand: 0.46, percentage: 100.0
Sink 16 SODDISFATTO. Flusso netto: 8.400000000000002, Demand: 8.4, percentage: 100.00000000000003
Sink 19 SODDISFATTO. Flusso netto: 0.5399999999999991, Demand: 0.54, percentage: 99.99999999999983
Sink 23 SODDISFATTO. Flusso netto: 0.5999999999999999, Demand: 0.6, percentage: 99.99999999999997
Sink 24 SODDISFATTO. Flusso netto: 0.8, Demand: 0.8, percentage: 100.0
Sink 25 SODDISFATTO. Flusso netto: 3.5, Demand: 3.5, percentage: 100.0
Sink 26 SODDISFATTO. Flusso netto: 6.000000000000002, Demand: 6.0, percentage: 100.00000000000003
Sink 28 SODDISFATTO. Flusso netto: 0.4, Demand: 0.4, percentage: 100.0
Sink 30 SODDISFATTO. Flusso netto: 0.9799999999999986, Demand: 0.98, percentage: 99.99999999999987
Sink 31 SODDISFATTO. Flusso netto: 0.4, Demand: 0.4, percentage: 100.0
Sink 32 SODDISFATTO. Flusso netto: 0.9999999999999996, Demand: 1.0, percentage: 99.99999999999996
Sink 34 SODDISFATTO. Flusso netto: 1.74, Demand: 1.74, percentage: 100.0
Sink 35 SODDISFATTO. Flusso netto: 1.3, Demand: 1.3, percentage: 100.0
Sink 37 SODDISFATTO. Flusso netto: 1.0, Demand: 1.0, percentage: 100.0
Sink 39 SODDISFATTO. Flusso netto: 0.4, Demand: 0.4, percentage: 100.0
Sink 40 SODDISFATTO. Flusso netto: 0.5, Demand: 0.5, percentage: 100.0
Sink 41 SODDISFATTO. Flusso netto: 1.06, Demand: 1.06, percentage: 100.0
Sink 42 SODDISFATTO. Flusso netto: 2.8199999999999994, Demand: 2.82, percentage: 99.99999999999999
Sink 45 SODDISFATTO. Flusso netto: 0.68, Demand: 0.68, percentage: 100.0
Sink 46 SODDISFATTO. Flusso netto: 1.17, Demand: 1.17, percentage: 100.0
Sink 49 non è soddisfatto. Flusso netto: 3.82, Demand: 7.0, percentage: 54.57142857142857
Flusso totale entrante nei SINK: 89.12
Flusso totale uscente nei SINK: 45.86000000000001
Flusso totale netto nei SINK: 43.26
Total DEMAND dei SINK: 46.44
Percentual di flusso ai SINK: 0.9315245478036176
Numero di Sink soddisfatti: 24.0, numero totale di sink: 25.0
Percentuale di Sink soddisfatti: 0.96

---------------------------------- DAY 245

Update Fixed Elements from Intrinsic Faults
Source NODO_10 fixed from Intrinsic Fault
Pipeline ARCO_17 fixed due to Source NODO_10 fixing from Intrinsic Fault
Pipeline ARCO_88 fixed due to Source NODO_10 fixing from Intrinsic Fault
Pipeline ARCO_89 fixed due to Source NODO_10 fixing from Intrinsic Fault
Pipeline V_EDGE_53_8 fixed due to Source NODO_10 fixing from Intrinsic Fault
Pipeline ARCO_18 fixed due to Source NODO_10 fixing from Intrinsic Fault
Pipeline ARCO_19 fixed due to Source NODO_10 fixing from Intrinsic Fault
Pipeline ARCO_87 fixed due to Source NODO_10 fixing from Intrinsic Fault
Update Fixed Elements from Heavy Faults
Update Fixed Elements from Attack
Propagate Intrinsic Fault
Propagate Heavy Faults
Propagate Attacks
Inject Intrinsic Failure To Source
Inject Heavy Fault To Sources
Inject Attack Multiple To Source
Inject Intrinsic Fault To Pipeline
Inject Heavy Fault To Pipeline
Inject Attack To Pipeline
----------- Statistics ------------
	Sources Under Attack: 0
	Sources with Heavy Fault: 0
	Sources with Intrinsic Fault: 0
	Arcs with reduce capacity due to Attack: 0
	Arcs with reduce capacity due to Heavy Fault: 0
	Arcs with reduce capacity due to Intrinsic Fault: 0
	Arcs with Attacks: 0
	Arcs with Heavy Fault: 0
	Arcs with Intrinsic Fault: 0
--------- SOURCES STATISTICS ---------------
Demand del real Source[0]: -31.0, flusso erogato: 10.129999999999997, flusso entrante: 0.0, efficienza: 32.6774193548387 %
Demand del real Source[8]: -10.5, flusso erogato: 3.8600000000000003, flusso entrante: 0.0, efficienza: 36.76190476190476 %
Demand del real Source[9]: -7.1, flusso erogato: 16.229999999999997, flusso entrante: 9.129999999999997, efficienza: 228.59154929577463 %
Demand del real Source[17]: -25.0, flusso erogato: 25.000000000000007, flusso entrante: 0.0, efficienza: 100.00000000000003 %
Flusso totale entrante nei Real Source: 9.129999999999997
Flusso totale uscente dai Real Source: 55.220000000000006
Flusso netto sui real Source: -46.09000000000001
--- SINKS STATISTICS ---
Sink 3 SODDISFATTO. Flusso netto: 3.43, Demand: 3.43, percentage: 100.0
Sink 4 SODDISFATTO. Flusso netto: 0.5700000000000003, Demand: 0.57, percentage: 100.00000000000007
Sink 5 SODDISFATTO. Flusso netto: 0.6600000000000001, Demand: 0.66, percentage: 100.00000000000003
Sink 11 SODDISFATTO. Flusso netto: 1.03, Demand: 1.03, percentage: 100.0
Sink 15 SODDISFATTO. Flusso netto: 0.46, Demand: 0.46, percentage: 100.0
Sink 16 SODDISFATTO. Flusso netto: 8.400000000000002, Demand: 8.4, percentage: 100.00000000000003
Sink 19 SODDISFATTO. Flusso netto: 0.5399999999999991, Demand: 0.54, percentage: 99.99999999999983
Sink 23 SODDISFATTO. Flusso netto: 0.5999999999999999, Demand: 0.6, percentage: 99.99999999999997
Sink 24 SODDISFATTO. Flusso netto: 0.8, Demand: 0.8, percentage: 100.0
Sink 25 SODDISFATTO. Flusso netto: 3.5, Demand: 3.5, percentage: 100.0
Sink 26 SODDISFATTO. Flusso netto: 6.000000000000002, Demand: 6.0, percentage: 100.00000000000003
Sink 28 SODDISFATTO. Flusso netto: 0.4, Demand: 0.4, percentage: 100.0
Sink 30 SODDISFATTO. Flusso netto: 0.9799999999999986, Demand: 0.98, percentage: 99.99999999999987
Sink 31 SODDISFATTO. Flusso netto: 0.4, Demand: 0.4, percentage: 100.0
Sink 32 SODDISFATTO. Flusso netto: 0.9999999999999996, Demand: 1.0, percentage: 99.99999999999996
Sink 34 SODDISFATTO. Flusso netto: 1.74, Demand: 1.74, percentage: 100.0
Sink 35 SODDISFATTO. Flusso netto: 1.3, Demand: 1.3, percentage: 100.0
Sink 37 SODDISFATTO. Flusso netto: 1.0, Demand: 1.0, percentage: 100.0
Sink 39 SODDISFATTO. Flusso netto: 0.4, Demand: 0.4, percentage: 100.0
Sink 40 SODDISFATTO. Flusso netto: 0.5, Demand: 0.5, percentage: 100.0
Sink 41 SODDISFATTO. Flusso netto: 1.06, Demand: 1.06, percentage: 100.0
Sink 42 SODDISFATTO. Flusso netto: 2.8199999999999994, Demand: 2.82, percentage: 99.99999999999999
Sink 45 SODDISFATTO. Flusso netto: 0.68, Demand: 0.68, percentage: 100.0
Sink 46 SODDISFATTO. Flusso netto: 1.17, Demand: 1.17, percentage: 100.0
Sink 49 non è soddisfatto. Flusso netto: 6.6499999999999995, Demand: 7.0, percentage: 95.0
Flusso totale entrante nei SINK: 92.61000000000001
Flusso totale uscente nei SINK: 46.52
Flusso totale netto nei SINK: 46.09000000000001
Total DEMAND dei SINK: 46.44
Percentual di flusso ai SINK: 0.9924633936261846
Numero di Sink soddisfatti: 24.0, numero totale di sink: 25.0
Percentuale di Sink soddisfatti: 0.96

---------------------------------- DAY 246

Update Fixed Elements from Intrinsic Faults
Update Fixed Elements from Heavy Faults
Update Fixed Elements from Attack
Propagate Intrinsic Fault
Propagate Heavy Faults
Propagate Attacks
Inject Intrinsic Failure To Source
Inject Heavy Fault To Sources
Inject Attack Multiple To Source
Inject Intrinsic Fault To Pipeline
Inject Heavy Fault To Pipeline
Inject Attack To Pipeline
----------- Statistics ------------
	Sources Under Attack: 0
	Sources with Heavy Fault: 0
	Sources with Intrinsic Fault: 0
	Arcs with reduce capacity due to Attack: 0
	Arcs with reduce capacity due to Heavy Fault: 0
	Arcs with reduce capacity due to Intrinsic Fault: 0
	Arcs with Attacks: 0
	Arcs with Heavy Fault: 0
	Arcs with Intrinsic Fault: 0
--------- SOURCES STATISTICS ---------------
Demand del real Source[0]: -31.0, flusso erogato: 10.129999999999997, flusso entrante: 0.0, efficienza: 32.6774193548387 %
Demand del real Source[8]: -10.5, flusso erogato: 3.8600000000000003, flusso entrante: 0.0, efficienza: 36.76190476190476 %
Demand del real Source[9]: -7.1, flusso erogato: 16.229999999999997, flusso entrante: 9.129999999999997, efficienza: 228.59154929577463 %
Demand del real Source[17]: -25.0, flusso erogato: 25.000000000000007, flusso entrante: 0.0, efficienza: 100.00000000000003 %
Flusso totale entrante nei Real Source: 9.129999999999997
Flusso totale uscente dai Real Source: 55.220000000000006
Flusso netto sui real Source: -46.09000000000001
--- SINKS STATISTICS ---
Sink 3 SODDISFATTO. Flusso netto: 3.43, Demand: 3.43, percentage: 100.0
Sink 4 SODDISFATTO. Flusso netto: 0.5700000000000003, Demand: 0.57, percentage: 100.00000000000007
Sink 5 SODDISFATTO. Flusso netto: 0.6600000000000001, Demand: 0.66, percentage: 100.00000000000003
Sink 11 SODDISFATTO. Flusso netto: 1.03, Demand: 1.03, percentage: 100.0
Sink 15 SODDISFATTO. Flusso netto: 0.46, Demand: 0.46, percentage: 100.0
Sink 16 SODDISFATTO. Flusso netto: 8.400000000000002, Demand: 8.4, percentage: 100.00000000000003
Sink 19 SODDISFATTO. Flusso netto: 0.5399999999999991, Demand: 0.54, percentage: 99.99999999999983
Sink 23 SODDISFATTO. Flusso netto: 0.5999999999999999, Demand: 0.6, percentage: 99.99999999999997
Sink 24 SODDISFATTO. Flusso netto: 0.8, Demand: 0.8, percentage: 100.0
Sink 25 SODDISFATTO. Flusso netto: 3.5, Demand: 3.5, percentage: 100.0
Sink 26 SODDISFATTO. Flusso netto: 6.000000000000002, Demand: 6.0, percentage: 100.00000000000003
Sink 28 SODDISFATTO. Flusso netto: 0.4, Demand: 0.4, percentage: 100.0
Sink 30 SODDISFATTO. Flusso netto: 0.9799999999999986, Demand: 0.98, percentage: 99.99999999999987
Sink 31 SODDISFATTO. Flusso netto: 0.4, Demand: 0.4, percentage: 100.0
Sink 32 SODDISFATTO. Flusso netto: 0.9999999999999996, Demand: 1.0, percentage: 99.99999999999996
Sink 34 SODDISFATTO. Flusso netto: 1.74, Demand: 1.74, percentage: 100.0
Sink 35 SODDISFATTO. Flusso netto: 1.3, Demand: 1.3, percentage: 100.0
Sink 37 SODDISFATTO. Flusso netto: 1.0, Demand: 1.0, percentage: 100.0
Sink 39 SODDISFATTO. Flusso netto: 0.4, Demand: 0.4, percentage: 100.0
Sink 40 SODDISFATTO. Flusso netto: 0.5, Demand: 0.5, percentage: 100.0
Sink 41 SODDISFATTO. Flusso netto: 1.06, Demand: 1.06, percentage: 100.0
Sink 42 SODDISFATTO. Flusso netto: 2.8199999999999994, Demand: 2.82, percentage: 99.99999999999999
Sink 45 SODDISFATTO. Flusso netto: 0.68, Demand: 0.68, percentage: 100.0
Sink 46 SODDISFATTO. Flusso netto: 1.17, Demand: 1.17, percentage: 100.0
Sink 49 non è soddisfatto. Flusso netto: 6.6499999999999995, Demand: 7.0, percentage: 95.0
Flusso totale entrante nei SINK: 92.61000000000001
Flusso totale uscente nei SINK: 46.52
Flusso totale netto nei SINK: 46.09000000000001
Total DEMAND dei SINK: 46.44
Percentual di flusso ai SINK: 0.9924633936261846
Numero di Sink soddisfatti: 24.0, numero totale di sink: 25.0
Percentuale di Sink soddisfatti: 0.96

---------------------------------- DAY 247

Update Fixed Elements from Intrinsic Faults
Update Fixed Elements from Heavy Faults
Update Fixed Elements from Attack
Propagate Intrinsic Fault
Propagate Heavy Faults
Propagate Attacks
Inject Intrinsic Failure To Source
Inject Heavy Fault To Sources
Inject Attack Multiple To Source
Inject Intrinsic Fault To Pipeline
Inject Heavy Fault To Pipeline
Inject Attack To Pipeline
----------- Statistics ------------
	Sources Under Attack: 0
	Sources with Heavy Fault: 0
	Sources with Intrinsic Fault: 0
	Arcs with reduce capacity due to Attack: 0
	Arcs with reduce capacity due to Heavy Fault: 0
	Arcs with reduce capacity due to Intrinsic Fault: 0
	Arcs with Attacks: 0
	Arcs with Heavy Fault: 0
	Arcs with Intrinsic Fault: 0
--------- SOURCES STATISTICS ---------------
Demand del real Source[0]: -31.0, flusso erogato: 10.129999999999997, flusso entrante: 0.0, efficienza: 32.6774193548387 %
Demand del real Source[8]: -10.5, flusso erogato: 3.8600000000000003, flusso entrante: 0.0, efficienza: 36.76190476190476 %
Demand del real Source[9]: -7.1, flusso erogato: 16.229999999999997, flusso entrante: 9.129999999999997, efficienza: 228.59154929577463 %
Demand del real Source[17]: -25.0, flusso erogato: 25.000000000000007, flusso entrante: 0.0, efficienza: 100.00000000000003 %
Flusso totale entrante nei Real Source: 9.129999999999997
Flusso totale uscente dai Real Source: 55.220000000000006
Flusso netto sui real Source: -46.09000000000001
--- SINKS STATISTICS ---
Sink 3 SODDISFATTO. Flusso netto: 3.43, Demand: 3.43, percentage: 100.0
Sink 4 SODDISFATTO. Flusso netto: 0.5700000000000003, Demand: 0.57, percentage: 100.00000000000007
Sink 5 SODDISFATTO. Flusso netto: 0.6600000000000001, Demand: 0.66, percentage: 100.00000000000003
Sink 11 SODDISFATTO. Flusso netto: 1.03, Demand: 1.03, percentage: 100.0
Sink 15 SODDISFATTO. Flusso netto: 0.46, Demand: 0.46, percentage: 100.0
Sink 16 SODDISFATTO. Flusso netto: 8.400000000000002, Demand: 8.4, percentage: 100.00000000000003
Sink 19 SODDISFATTO. Flusso netto: 0.5399999999999991, Demand: 0.54, percentage: 99.99999999999983
Sink 23 SODDISFATTO. Flusso netto: 0.5999999999999999, Demand: 0.6, percentage: 99.99999999999997
Sink 24 SODDISFATTO. Flusso netto: 0.8, Demand: 0.8, percentage: 100.0
Sink 25 SODDISFATTO. Flusso netto: 3.5, Demand: 3.5, percentage: 100.0
Sink 26 SODDISFATTO. Flusso netto: 6.000000000000002, Demand: 6.0, percentage: 100.00000000000003
Sink 28 SODDISFATTO. Flusso netto: 0.4, Demand: 0.4, percentage: 100.0
Sink 30 SODDISFATTO. Flusso netto: 0.9799999999999986, Demand: 0.98, percentage: 99.99999999999987
Sink 31 SODDISFATTO. Flusso netto: 0.4, Demand: 0.4, percentage: 100.0
Sink 32 SODDISFATTO. Flusso netto: 0.9999999999999996, Demand: 1.0, percentage: 99.99999999999996
Sink 34 SODDISFATTO. Flusso netto: 1.74, Demand: 1.74, percentage: 100.0
Sink 35 SODDISFATTO. Flusso netto: 1.3, Demand: 1.3, percentage: 100.0
Sink 37 SODDISFATTO. Flusso netto: 1.0, Demand: 1.0, percentage: 100.0
Sink 39 SODDISFATTO. Flusso netto: 0.4, Demand: 0.4, percentage: 100.0
Sink 40 SODDISFATTO. Flusso netto: 0.5, Demand: 0.5, percentage: 100.0
Sink 41 SODDISFATTO. Flusso netto: 1.06, Demand: 1.06, percentage: 100.0
Sink 42 SODDISFATTO. Flusso netto: 2.8199999999999994, Demand: 2.82, percentage: 99.99999999999999
Sink 45 SODDISFATTO. Flusso netto: 0.68, Demand: 0.68, percentage: 100.0
Sink 46 SODDISFATTO. Flusso netto: 1.17, Demand: 1.17, percentage: 100.0
Sink 49 non è soddisfatto. Flusso netto: 6.6499999999999995, Demand: 7.0, percentage: 95.0
Flusso totale entrante nei SINK: 92.61000000000001
Flusso totale uscente nei SINK: 46.52
Flusso totale netto nei SINK: 46.09000000000001
Total DEMAND dei SINK: 46.44
Percentual di flusso ai SINK: 0.9924633936261846
Numero di Sink soddisfatti: 24.0, numero totale di sink: 25.0
Percentuale di Sink soddisfatti: 0.96

---------------------------------- DAY 248

Update Fixed Elements from Intrinsic Faults
Update Fixed Elements from Heavy Faults
Update Fixed Elements from Attack
Propagate Intrinsic Fault
Propagate Heavy Faults
Propagate Attacks
Inject Intrinsic Failure To Source
Inject Heavy Fault To Sources
Inject Attack Multiple To Source
Inject Intrinsic Fault To Pipeline
Inject Heavy Fault To Pipeline
Inject Attack To Pipeline
----------- Statistics ------------
	Sources Under Attack: 0
	Sources with Heavy Fault: 0
	Sources with Intrinsic Fault: 0
	Arcs with reduce capacity due to Attack: 0
	Arcs with reduce capacity due to Heavy Fault: 0
	Arcs with reduce capacity due to Intrinsic Fault: 0
	Arcs with Attacks: 0
	Arcs with Heavy Fault: 0
	Arcs with Intrinsic Fault: 0
--------- SOURCES STATISTICS ---------------
Demand del real Source[0]: -31.0, flusso erogato: 10.129999999999997, flusso entrante: 0.0, efficienza: 32.6774193548387 %
Demand del real Source[8]: -10.5, flusso erogato: 3.8600000000000003, flusso entrante: 0.0, efficienza: 36.76190476190476 %
Demand del real Source[9]: -7.1, flusso erogato: 16.229999999999997, flusso entrante: 9.129999999999997, efficienza: 228.59154929577463 %
Demand del real Source[17]: -25.0, flusso erogato: 25.000000000000007, flusso entrante: 0.0, efficienza: 100.00000000000003 %
Flusso totale entrante nei Real Source: 9.129999999999997
Flusso totale uscente dai Real Source: 55.220000000000006
Flusso netto sui real Source: -46.09000000000001
--- SINKS STATISTICS ---
Sink 3 SODDISFATTO. Flusso netto: 3.43, Demand: 3.43, percentage: 100.0
Sink 4 SODDISFATTO. Flusso netto: 0.5700000000000003, Demand: 0.57, percentage: 100.00000000000007
Sink 5 SODDISFATTO. Flusso netto: 0.6600000000000001, Demand: 0.66, percentage: 100.00000000000003
Sink 11 SODDISFATTO. Flusso netto: 1.03, Demand: 1.03, percentage: 100.0
Sink 15 SODDISFATTO. Flusso netto: 0.46, Demand: 0.46, percentage: 100.0
Sink 16 SODDISFATTO. Flusso netto: 8.400000000000002, Demand: 8.4, percentage: 100.00000000000003
Sink 19 SODDISFATTO. Flusso netto: 0.5399999999999991, Demand: 0.54, percentage: 99.99999999999983
Sink 23 SODDISFATTO. Flusso netto: 0.5999999999999999, Demand: 0.6, percentage: 99.99999999999997
Sink 24 SODDISFATTO. Flusso netto: 0.8, Demand: 0.8, percentage: 100.0
Sink 25 SODDISFATTO. Flusso netto: 3.5, Demand: 3.5, percentage: 100.0
Sink 26 SODDISFATTO. Flusso netto: 6.000000000000002, Demand: 6.0, percentage: 100.00000000000003
Sink 28 SODDISFATTO. Flusso netto: 0.4, Demand: 0.4, percentage: 100.0
Sink 30 SODDISFATTO. Flusso netto: 0.9799999999999986, Demand: 0.98, percentage: 99.99999999999987
Sink 31 SODDISFATTO. Flusso netto: 0.4, Demand: 0.4, percentage: 100.0
Sink 32 SODDISFATTO. Flusso netto: 0.9999999999999996, Demand: 1.0, percentage: 99.99999999999996
Sink 34 SODDISFATTO. Flusso netto: 1.74, Demand: 1.74, percentage: 100.0
Sink 35 SODDISFATTO. Flusso netto: 1.3, Demand: 1.3, percentage: 100.0
Sink 37 SODDISFATTO. Flusso netto: 1.0, Demand: 1.0, percentage: 100.0
Sink 39 SODDISFATTO. Flusso netto: 0.4, Demand: 0.4, percentage: 100.0
Sink 40 SODDISFATTO. Flusso netto: 0.5, Demand: 0.5, percentage: 100.0
Sink 41 SODDISFATTO. Flusso netto: 1.06, Demand: 1.06, percentage: 100.0
Sink 42 SODDISFATTO. Flusso netto: 2.8199999999999994, Demand: 2.82, percentage: 99.99999999999999
Sink 45 SODDISFATTO. Flusso netto: 0.68, Demand: 0.68, percentage: 100.0
Sink 46 SODDISFATTO. Flusso netto: 1.17, Demand: 1.17, percentage: 100.0
Sink 49 non è soddisfatto. Flusso netto: 6.6499999999999995, Demand: 7.0, percentage: 95.0
Flusso totale entrante nei SINK: 92.61000000000001
Flusso totale uscente nei SINK: 46.52
Flusso totale netto nei SINK: 46.09000000000001
Total DEMAND dei SINK: 46.44
Percentual di flusso ai SINK: 0.9924633936261846
Numero di Sink soddisfatti: 24.0, numero totale di sink: 25.0
Percentuale di Sink soddisfatti: 0.96

---------------------------------- DAY 249

Update Fixed Elements from Intrinsic Faults
Update Fixed Elements from Heavy Faults
Update Fixed Elements from Attack
Propagate Intrinsic Fault
Propagate Heavy Faults
Propagate Attacks
Inject Intrinsic Failure To Source
Source NODO_19 is failing for an Intrinsic Fault in day: 249
pipeline ARCO_35 has reduced capacity due to NODO_19 Intrinsic fault
pipeline ARCO_109 has reduced capacity due to NODO_19 Intrinsic fault
pipeline ARCO_110 has reduced capacity due to NODO_19 Intrinsic fault
pipeline V_EDGE_53_17 has reduced capacity due to NODO_19 Intrinsic fault
pipeline ARCO_39 has reduced capacity due to NODO_19 Intrinsic fault
pipeline ARCO_40 has reduced capacity due to NODO_19 Intrinsic fault
pipeline ARCO_105 has reduced capacity due to NODO_19 Intrinsic fault
Source NODO_11 is failing for an Intrinsic Fault in day: 249
pipeline ARCO_3 has reduced capacity due to NODO_11 Intrinsic fault
pipeline ARCO_90 has reduced capacity due to NODO_11 Intrinsic fault
pipeline ARCO_91 has reduced capacity due to NODO_11 Intrinsic fault
pipeline ARCO_92 has reduced capacity due to NODO_11 Intrinsic fault
pipeline V_EDGE_53_9 has reduced capacity due to NODO_11 Intrinsic fault
pipeline ARCO_20 has reduced capacity due to NODO_11 Intrinsic fault
pipeline ARCO_21 has reduced capacity due to NODO_11 Intrinsic fault
pipeline ARCO_22 has reduced capacity due to NODO_11 Intrinsic fault
pipeline ARCO_73 has reduced capacity due to NODO_11 Intrinsic fault
Inject Heavy Fault To Sources
Inject Attack Multiple To Source
Inject Intrinsic Fault To Pipeline
Inject Heavy Fault To Pipeline
Inject Attack To Pipeline
----------- Statistics ------------
	Sources Under Attack: 0
	Sources with Heavy Fault: 0
	Sources with Intrinsic Fault: 2
	Arcs with reduce capacity due to Attack: 0
	Arcs with reduce capacity due to Heavy Fault: 0
	Arcs with reduce capacity due to Intrinsic Fault: 16
	Arcs with Attacks: 0
	Arcs with Heavy Fault: 0
	Arcs with Intrinsic Fault: 0
--------- SOURCES STATISTICS ---------------
Demand del real Source[0]: -31.0, flusso erogato: 16.296, flusso entrante: 0.0, efficienza: 52.567741935483866 %
Demand del real Source[8]: -10.5, flusso erogato: 4.2719999999999985, flusso entrante: 0.0, efficienza: 40.68571428571427 %
Demand del real Source[9]: -7.1, flusso erogato: 20.976, flusso entrante: 15.296000000000001, efficienza: 295.4366197183099 %
Demand del real Source[17]: -25.0, flusso erogato: 0.0, flusso entrante: 0.0, efficienza: 0.0 %
Flusso totale entrante nei Real Source: 15.296000000000001
Flusso totale uscente dai Real Source: 41.544000000000004
Flusso netto sui real Source: -26.248000000000005
--- SINKS STATISTICS ---
Sink 3 SODDISFATTO. Flusso netto: 3.43, Demand: 3.43, percentage: 100.0
Sink 4 SODDISFATTO. Flusso netto: 0.5700000000000003, Demand: 0.57, percentage: 100.00000000000007
Sink 5 SODDISFATTO. Flusso netto: 0.6600000000000001, Demand: 0.66, percentage: 100.00000000000003
Sink 11 SODDISFATTO. Flusso netto: 1.03, Demand: 1.03, percentage: 100.0
Sink 15 SODDISFATTO. Flusso netto: 0.45999999999999996, Demand: 0.46, percentage: 99.99999999999999
Sink 16 non è soddisfatto. Flusso netto: 2.83, Demand: 8.4, percentage: 33.69047619047619
Sink 19 non è soddisfatto. Flusso netto: 0.0, Demand: 0.54, percentage: 0.0
Sink 23 non è soddisfatto. Flusso netto: 0.0, Demand: 0.6, percentage: 0.0
Sink 24 non è soddisfatto. Flusso netto: 0.0, Demand: 0.8, percentage: 0.0
Sink 25 non è soddisfatto. Flusso netto: 0.0, Demand: 3.5, percentage: 0.0
Sink 26 non è soddisfatto. Flusso netto: 0.0, Demand: 6.0, percentage: 0.0
Sink 28 non è soddisfatto. Flusso netto: 0.0, Demand: 0.4, percentage: 0.0
Sink 30 non è soddisfatto. Flusso netto: 0.0, Demand: 0.98, percentage: 0.0
Sink 31 non è soddisfatto. Flusso netto: 0.0, Demand: 0.4, percentage: 0.0
Sink 32 SODDISFATTO. Flusso netto: 1.0000000000000009, Demand: 1.0, percentage: 100.00000000000009
Sink 34 SODDISFATTO. Flusso netto: 1.74, Demand: 1.74, percentage: 100.0
Sink 35 SODDISFATTO. Flusso netto: 1.3, Demand: 1.3, percentage: 100.0
Sink 37 SODDISFATTO. Flusso netto: 1.0, Demand: 1.0, percentage: 100.0
Sink 39 non è soddisfatto. Flusso netto: 0.0, Demand: 0.4, percentage: 0.0
Sink 40 non è soddisfatto. Flusso netto: 0.0, Demand: 0.5, percentage: 0.0
Sink 41 SODDISFATTO. Flusso netto: 1.0599999999999987, Demand: 1.06, percentage: 99.99999999999987
Sink 42 SODDISFATTO. Flusso netto: 2.8200000000000003, Demand: 2.82, percentage: 100.00000000000003
Sink 45 SODDISFATTO. Flusso netto: 0.68, Demand: 0.68, percentage: 100.0
Sink 46 SODDISFATTO. Flusso netto: 1.17, Demand: 1.17, percentage: 100.0
Sink 49 non è soddisfatto. Flusso netto: 6.497999999999999, Demand: 7.0, percentage: 92.82857142857142
Flusso totale entrante nei SINK: 55.32000000000001
Flusso totale uscente nei SINK: 29.072
Flusso totale netto nei SINK: 26.248000000000008
Total DEMAND dei SINK: 46.44
Percentual di flusso ai SINK: 0.5652024117140398
Numero di Sink soddisfatti: 13.0, numero totale di sink: 25.0
Percentuale di Sink soddisfatti: 0.52

---------------------------------- DAY 250

Update Fixed Elements from Intrinsic Faults
Update Fixed Elements from Heavy Faults
Update Fixed Elements from Attack
Propagate Intrinsic Fault
Node NODO_19 has still failing due to Intrinsic Fault
Node NODO_11 has still failing due to Intrinsic Fault
pipeline ARCO_35 still has reduced capacity: 0.0 due to Intrinsic Fault
pipeline ARCO_109 still has reduced capacity: 0.0 due to Intrinsic Fault
pipeline ARCO_110 still has reduced capacity: 0.0 due to Intrinsic Fault
pipeline V_EDGE_53_17 still has reduced capacity: 0.0 due to Intrinsic Fault
pipeline ARCO_39 still has reduced capacity: 0.0 due to Intrinsic Fault
pipeline ARCO_40 still has reduced capacity: 0.0 due to Intrinsic Fault
pipeline ARCO_105 still has reduced capacity: 0.0 due to Intrinsic Fault
pipeline ARCO_3 still has reduced capacity: 9.688 due to Intrinsic Fault
pipeline ARCO_90 still has reduced capacity: 1.6 due to Intrinsic Fault
pipeline ARCO_91 still has reduced capacity: 9.688 due to Intrinsic Fault
pipeline ARCO_92 still has reduced capacity: 39.328 due to Intrinsic Fault
pipeline V_EDGE_53_9 still has reduced capacity: 5.68 due to Intrinsic Fault
pipeline ARCO_20 still has reduced capacity: 1.6 due to Intrinsic Fault
pipeline ARCO_21 still has reduced capacity: 9.688 due to Intrinsic Fault
pipeline ARCO_22 still has reduced capacity: 39.328 due to Intrinsic Fault
pipeline ARCO_73 still has reduced capacity: 9.688 due to Intrinsic Fault
Propagate Heavy Faults
Propagate Attacks
Inject Intrinsic Failure To Source
Inject Heavy Fault To Sources
Inject Attack Multiple To Source
Inject Intrinsic Fault To Pipeline
Inject Heavy Fault To Pipeline
Inject Attack To Pipeline
----------- Statistics ------------
	Sources Under Attack: 0
	Sources with Heavy Fault: 0
	Sources with Intrinsic Fault: 2
	Arcs with reduce capacity due to Attack: 0
	Arcs with reduce capacity due to Heavy Fault: 0
	Arcs with reduce capacity due to Intrinsic Fault: 16
	Arcs with Attacks: 0
	Arcs with Heavy Fault: 0
	Arcs with Intrinsic Fault: 0
--------- SOURCES STATISTICS ---------------
Demand del real Source[0]: -31.0, flusso erogato: 16.296, flusso entrante: 0.0, efficienza: 52.567741935483866 %
Demand del real Source[8]: -10.5, flusso erogato: 4.2719999999999985, flusso entrante: 0.0, efficienza: 40.68571428571427 %
Demand del real Source[9]: -7.1, flusso erogato: 20.976, flusso entrante: 15.296000000000001, efficienza: 295.4366197183099 %
Demand del real Source[17]: -25.0, flusso erogato: 0.0, flusso entrante: 0.0, efficienza: 0.0 %
Flusso totale entrante nei Real Source: 15.296000000000001
Flusso totale uscente dai Real Source: 41.544000000000004
Flusso netto sui real Source: -26.248000000000005
--- SINKS STATISTICS ---
Sink 3 SODDISFATTO. Flusso netto: 3.43, Demand: 3.43, percentage: 100.0
Sink 4 SODDISFATTO. Flusso netto: 0.5700000000000003, Demand: 0.57, percentage: 100.00000000000007
Sink 5 SODDISFATTO. Flusso netto: 0.6600000000000001, Demand: 0.66, percentage: 100.00000000000003
Sink 11 SODDISFATTO. Flusso netto: 1.03, Demand: 1.03, percentage: 100.0
Sink 15 SODDISFATTO. Flusso netto: 0.45999999999999996, Demand: 0.46, percentage: 99.99999999999999
Sink 16 non è soddisfatto. Flusso netto: 2.83, Demand: 8.4, percentage: 33.69047619047619
Sink 19 non è soddisfatto. Flusso netto: 0.0, Demand: 0.54, percentage: 0.0
Sink 23 non è soddisfatto. Flusso netto: 0.0, Demand: 0.6, percentage: 0.0
Sink 24 non è soddisfatto. Flusso netto: 0.0, Demand: 0.8, percentage: 0.0
Sink 25 non è soddisfatto. Flusso netto: 0.0, Demand: 3.5, percentage: 0.0
Sink 26 non è soddisfatto. Flusso netto: 0.0, Demand: 6.0, percentage: 0.0
Sink 28 non è soddisfatto. Flusso netto: 0.0, Demand: 0.4, percentage: 0.0
Sink 30 non è soddisfatto. Flusso netto: 0.0, Demand: 0.98, percentage: 0.0
Sink 31 non è soddisfatto. Flusso netto: 0.0, Demand: 0.4, percentage: 0.0
Sink 32 SODDISFATTO. Flusso netto: 1.0000000000000009, Demand: 1.0, percentage: 100.00000000000009
Sink 34 SODDISFATTO. Flusso netto: 1.74, Demand: 1.74, percentage: 100.0
Sink 35 SODDISFATTO. Flusso netto: 1.3, Demand: 1.3, percentage: 100.0
Sink 37 SODDISFATTO. Flusso netto: 1.0, Demand: 1.0, percentage: 100.0
Sink 39 non è soddisfatto. Flusso netto: 0.0, Demand: 0.4, percentage: 0.0
Sink 40 non è soddisfatto. Flusso netto: 0.0, Demand: 0.5, percentage: 0.0
Sink 41 SODDISFATTO. Flusso netto: 1.0599999999999987, Demand: 1.06, percentage: 99.99999999999987
Sink 42 SODDISFATTO. Flusso netto: 2.8200000000000003, Demand: 2.82, percentage: 100.00000000000003
Sink 45 SODDISFATTO. Flusso netto: 0.68, Demand: 0.68, percentage: 100.0
Sink 46 SODDISFATTO. Flusso netto: 1.17, Demand: 1.17, percentage: 100.0
Sink 49 non è soddisfatto. Flusso netto: 6.497999999999999, Demand: 7.0, percentage: 92.82857142857142
Flusso totale entrante nei SINK: 55.32000000000001
Flusso totale uscente nei SINK: 29.072
Flusso totale netto nei SINK: 26.248000000000008
Total DEMAND dei SINK: 46.44
Percentual di flusso ai SINK: 0.5652024117140398
Numero di Sink soddisfatti: 13.0, numero totale di sink: 25.0
Percentuale di Sink soddisfatti: 0.52

---------------------------------- DAY 251

Update Fixed Elements from Intrinsic Faults
Update Fixed Elements from Heavy Faults
Update Fixed Elements from Attack
Propagate Intrinsic Fault
Node NODO_19 has still failing due to Intrinsic Fault
Node NODO_11 has still failing due to Intrinsic Fault
pipeline ARCO_35 still has reduced capacity: 0.0 due to Intrinsic Fault
pipeline ARCO_109 still has reduced capacity: 0.0 due to Intrinsic Fault
pipeline ARCO_110 still has reduced capacity: 0.0 due to Intrinsic Fault
pipeline V_EDGE_53_17 still has reduced capacity: 0.0 due to Intrinsic Fault
pipeline ARCO_39 still has reduced capacity: 0.0 due to Intrinsic Fault
pipeline ARCO_40 still has reduced capacity: 0.0 due to Intrinsic Fault
pipeline ARCO_105 still has reduced capacity: 0.0 due to Intrinsic Fault
pipeline ARCO_3 still has reduced capacity: 9.688 due to Intrinsic Fault
pipeline ARCO_90 still has reduced capacity: 1.6 due to Intrinsic Fault
pipeline ARCO_91 still has reduced capacity: 9.688 due to Intrinsic Fault
pipeline ARCO_92 still has reduced capacity: 39.328 due to Intrinsic Fault
pipeline V_EDGE_53_9 still has reduced capacity: 5.68 due to Intrinsic Fault
pipeline ARCO_20 still has reduced capacity: 1.6 due to Intrinsic Fault
pipeline ARCO_21 still has reduced capacity: 9.688 due to Intrinsic Fault
pipeline ARCO_22 still has reduced capacity: 39.328 due to Intrinsic Fault
pipeline ARCO_73 still has reduced capacity: 9.688 due to Intrinsic Fault
Propagate Heavy Faults
Propagate Attacks
Inject Intrinsic Failure To Source
Inject Heavy Fault To Sources
Inject Attack Multiple To Source
Inject Intrinsic Fault To Pipeline
Inject Heavy Fault To Pipeline
Inject Attack To Pipeline
----------- Statistics ------------
	Sources Under Attack: 0
	Sources with Heavy Fault: 0
	Sources with Intrinsic Fault: 2
	Arcs with reduce capacity due to Attack: 0
	Arcs with reduce capacity due to Heavy Fault: 0
	Arcs with reduce capacity due to Intrinsic Fault: 16
	Arcs with Attacks: 0
	Arcs with Heavy Fault: 0
	Arcs with Intrinsic Fault: 0
--------- SOURCES STATISTICS ---------------
Demand del real Source[0]: -31.0, flusso erogato: 16.296, flusso entrante: 0.0, efficienza: 52.567741935483866 %
Demand del real Source[8]: -10.5, flusso erogato: 4.2719999999999985, flusso entrante: 0.0, efficienza: 40.68571428571427 %
Demand del real Source[9]: -7.1, flusso erogato: 20.976, flusso entrante: 15.296000000000001, efficienza: 295.4366197183099 %
Demand del real Source[17]: -25.0, flusso erogato: 0.0, flusso entrante: 0.0, efficienza: 0.0 %
Flusso totale entrante nei Real Source: 15.296000000000001
Flusso totale uscente dai Real Source: 41.544000000000004
Flusso netto sui real Source: -26.248000000000005
--- SINKS STATISTICS ---
Sink 3 SODDISFATTO. Flusso netto: 3.43, Demand: 3.43, percentage: 100.0
Sink 4 SODDISFATTO. Flusso netto: 0.5700000000000003, Demand: 0.57, percentage: 100.00000000000007
Sink 5 SODDISFATTO. Flusso netto: 0.6600000000000001, Demand: 0.66, percentage: 100.00000000000003
Sink 11 SODDISFATTO. Flusso netto: 1.03, Demand: 1.03, percentage: 100.0
Sink 15 SODDISFATTO. Flusso netto: 0.45999999999999996, Demand: 0.46, percentage: 99.99999999999999
Sink 16 non è soddisfatto. Flusso netto: 2.83, Demand: 8.4, percentage: 33.69047619047619
Sink 19 non è soddisfatto. Flusso netto: 0.0, Demand: 0.54, percentage: 0.0
Sink 23 non è soddisfatto. Flusso netto: 0.0, Demand: 0.6, percentage: 0.0
Sink 24 non è soddisfatto. Flusso netto: 0.0, Demand: 0.8, percentage: 0.0
Sink 25 non è soddisfatto. Flusso netto: 0.0, Demand: 3.5, percentage: 0.0
Sink 26 non è soddisfatto. Flusso netto: 0.0, Demand: 6.0, percentage: 0.0
Sink 28 non è soddisfatto. Flusso netto: 0.0, Demand: 0.4, percentage: 0.0
Sink 30 non è soddisfatto. Flusso netto: 0.0, Demand: 0.98, percentage: 0.0
Sink 31 non è soddisfatto. Flusso netto: 0.0, Demand: 0.4, percentage: 0.0
Sink 32 SODDISFATTO. Flusso netto: 1.0000000000000009, Demand: 1.0, percentage: 100.00000000000009
Sink 34 SODDISFATTO. Flusso netto: 1.74, Demand: 1.74, percentage: 100.0
Sink 35 SODDISFATTO. Flusso netto: 1.3, Demand: 1.3, percentage: 100.0
Sink 37 SODDISFATTO. Flusso netto: 1.0, Demand: 1.0, percentage: 100.0
Sink 39 non è soddisfatto. Flusso netto: 0.0, Demand: 0.4, percentage: 0.0
Sink 40 non è soddisfatto. Flusso netto: 0.0, Demand: 0.5, percentage: 0.0
Sink 41 SODDISFATTO. Flusso netto: 1.0599999999999987, Demand: 1.06, percentage: 99.99999999999987
Sink 42 SODDISFATTO. Flusso netto: 2.8200000000000003, Demand: 2.82, percentage: 100.00000000000003
Sink 45 SODDISFATTO. Flusso netto: 0.68, Demand: 0.68, percentage: 100.0
Sink 46 SODDISFATTO. Flusso netto: 1.17, Demand: 1.17, percentage: 100.0
Sink 49 non è soddisfatto. Flusso netto: 6.497999999999999, Demand: 7.0, percentage: 92.82857142857142
Flusso totale entrante nei SINK: 55.32000000000001
Flusso totale uscente nei SINK: 29.072
Flusso totale netto nei SINK: 26.248000000000008
Total DEMAND dei SINK: 46.44
Percentual di flusso ai SINK: 0.5652024117140398
Numero di Sink soddisfatti: 13.0, numero totale di sink: 25.0
Percentuale di Sink soddisfatti: 0.52

---------------------------------- DAY 252

Update Fixed Elements from Intrinsic Faults
Source NODO_11 fixed from Intrinsic Fault
Pipeline ARCO_3 fixed due to Source NODO_11 fixing from Intrinsic Fault
Pipeline ARCO_90 fixed due to Source NODO_11 fixing from Intrinsic Fault
Pipeline ARCO_91 fixed due to Source NODO_11 fixing from Intrinsic Fault
Pipeline ARCO_92 fixed due to Source NODO_11 fixing from Intrinsic Fault
Pipeline V_EDGE_53_9 fixed due to Source NODO_11 fixing from Intrinsic Fault
Pipeline ARCO_20 fixed due to Source NODO_11 fixing from Intrinsic Fault
Pipeline ARCO_21 fixed due to Source NODO_11 fixing from Intrinsic Fault
Pipeline ARCO_22 fixed due to Source NODO_11 fixing from Intrinsic Fault
Pipeline ARCO_73 fixed due to Source NODO_11 fixing from Intrinsic Fault
Update Fixed Elements from Heavy Faults
Update Fixed Elements from Attack
Propagate Intrinsic Fault
Node NODO_19 has still failing due to Intrinsic Fault
pipeline ARCO_35 still has reduced capacity: 0.0 due to Intrinsic Fault
pipeline ARCO_109 still has reduced capacity: 0.0 due to Intrinsic Fault
pipeline ARCO_110 still has reduced capacity: 0.0 due to Intrinsic Fault
pipeline V_EDGE_53_17 still has reduced capacity: 0.0 due to Intrinsic Fault
pipeline ARCO_39 still has reduced capacity: 0.0 due to Intrinsic Fault
pipeline ARCO_40 still has reduced capacity: 0.0 due to Intrinsic Fault
pipeline ARCO_105 still has reduced capacity: 0.0 due to Intrinsic Fault
Propagate Heavy Faults
Propagate Attacks
Inject Intrinsic Failure To Source
Inject Heavy Fault To Sources
Inject Attack Multiple To Source
Inject Intrinsic Fault To Pipeline
Inject Heavy Fault To Pipeline
Inject Attack To Pipeline
----------- Statistics ------------
	Sources Under Attack: 0
	Sources with Heavy Fault: 0
	Sources with Intrinsic Fault: 1
	Arcs with reduce capacity due to Attack: 0
	Arcs with reduce capacity due to Heavy Fault: 0
	Arcs with reduce capacity due to Intrinsic Fault: 7
	Arcs with Attacks: 0
	Arcs with Heavy Fault: 0
	Arcs with Intrinsic Fault: 0
--------- SOURCES STATISTICS ---------------
Demand del real Source[0]: -31.0, flusso erogato: 15.440000000000001, flusso entrante: 0.0, efficienza: 49.80645161290323 %
Demand del real Source[8]: -10.5, flusso erogato: 3.8600000000000003, flusso entrante: 0.0, efficienza: 36.76190476190476 %
Demand del real Source[9]: -7.1, flusso erogato: 21.54, flusso entrante: 14.440000000000001, efficienza: 303.38028169014086 %
Demand del real Source[17]: -25.0, flusso erogato: 0.0, flusso entrante: 0.0, efficienza: 0.0 %
Flusso totale entrante nei Real Source: 14.440000000000001
Flusso totale uscente dai Real Source: 40.84
Flusso netto sui real Source: -26.400000000000002
--- SINKS STATISTICS ---
Sink 3 SODDISFATTO. Flusso netto: 3.43, Demand: 3.43, percentage: 100.0
Sink 4 SODDISFATTO. Flusso netto: 0.5700000000000003, Demand: 0.57, percentage: 100.00000000000007
Sink 5 SODDISFATTO. Flusso netto: 0.6600000000000001, Demand: 0.66, percentage: 100.00000000000003
Sink 11 SODDISFATTO. Flusso netto: 1.03, Demand: 1.03, percentage: 100.0
Sink 15 SODDISFATTO. Flusso netto: 0.45999999999999996, Demand: 0.46, percentage: 99.99999999999999
Sink 16 non è soddisfatto. Flusso netto: 2.83, Demand: 8.4, percentage: 33.69047619047619
Sink 19 non è soddisfatto. Flusso netto: 0.0, Demand: 0.54, percentage: 0.0
Sink 23 non è soddisfatto. Flusso netto: 0.0, Demand: 0.6, percentage: 0.0
Sink 24 non è soddisfatto. Flusso netto: 0.0, Demand: 0.8, percentage: 0.0
Sink 25 non è soddisfatto. Flusso netto: 0.0, Demand: 3.5, percentage: 0.0
Sink 26 non è soddisfatto. Flusso netto: 0.0, Demand: 6.0, percentage: 0.0
Sink 28 non è soddisfatto. Flusso netto: 0.0, Demand: 0.4, percentage: 0.0
Sink 30 non è soddisfatto. Flusso netto: 0.0, Demand: 0.98, percentage: 0.0
Sink 31 non è soddisfatto. Flusso netto: 0.0, Demand: 0.4, percentage: 0.0
Sink 32 SODDISFATTO. Flusso netto: 1.0, Demand: 1.0, percentage: 100.0
Sink 34 SODDISFATTO. Flusso netto: 1.74, Demand: 1.74, percentage: 100.0
Sink 35 SODDISFATTO. Flusso netto: 1.3, Demand: 1.3, percentage: 100.0
Sink 37 SODDISFATTO. Flusso netto: 1.0, Demand: 1.0, percentage: 100.0
Sink 39 non è soddisfatto. Flusso netto: 0.0, Demand: 0.4, percentage: 0.0
Sink 40 non è soddisfatto. Flusso netto: 0.0, Demand: 0.5, percentage: 0.0
Sink 41 SODDISFATTO. Flusso netto: 1.0600000000000005, Demand: 1.06, percentage: 100.00000000000004
Sink 42 SODDISFATTO. Flusso netto: 2.8199999999999994, Demand: 2.82, percentage: 99.99999999999999
Sink 45 SODDISFATTO. Flusso netto: 0.68, Demand: 0.68, percentage: 100.0
Sink 46 SODDISFATTO. Flusso netto: 1.17, Demand: 1.17, percentage: 100.0
Sink 49 non è soddisfatto. Flusso netto: 6.6499999999999995, Demand: 7.0, percentage: 95.0
Flusso totale entrante nei SINK: 53.099999999999994
Flusso totale uscente nei SINK: 26.7
Flusso totale netto nei SINK: 26.399999999999995
Total DEMAND dei SINK: 46.44
Percentual di flusso ai SINK: 0.5684754521963824
Numero di Sink soddisfatti: 13.0, numero totale di sink: 25.0
Percentuale di Sink soddisfatti: 0.52

---------------------------------- DAY 253

Update Fixed Elements from Intrinsic Faults
Source NODO_19 fixed from Intrinsic Fault
Pipeline ARCO_35 fixed due to Source NODO_19 fixing from Intrinsic Fault
Pipeline ARCO_109 fixed due to Source NODO_19 fixing from Intrinsic Fault
Pipeline ARCO_110 fixed due to Source NODO_19 fixing from Intrinsic Fault
Pipeline V_EDGE_53_17 fixed due to Source NODO_19 fixing from Intrinsic Fault
Pipeline ARCO_39 fixed due to Source NODO_19 fixing from Intrinsic Fault
Pipeline ARCO_40 fixed due to Source NODO_19 fixing from Intrinsic Fault
Pipeline ARCO_105 fixed due to Source NODO_19 fixing from Intrinsic Fault
Update Fixed Elements from Heavy Faults
Update Fixed Elements from Attack
Propagate Intrinsic Fault
Propagate Heavy Faults
Propagate Attacks
Inject Intrinsic Failure To Source
Inject Heavy Fault To Sources
Inject Attack Multiple To Source
Inject Intrinsic Fault To Pipeline
Inject Heavy Fault To Pipeline
Inject Attack To Pipeline
----------- Statistics ------------
	Sources Under Attack: 0
	Sources with Heavy Fault: 0
	Sources with Intrinsic Fault: 0
	Arcs with reduce capacity due to Attack: 0
	Arcs with reduce capacity due to Heavy Fault: 0
	Arcs with reduce capacity due to Intrinsic Fault: 0
	Arcs with Attacks: 0
	Arcs with Heavy Fault: 0
	Arcs with Intrinsic Fault: 0
--------- SOURCES STATISTICS ---------------
Demand del real Source[0]: -31.0, flusso erogato: 10.129999999999997, flusso entrante: 0.0, efficienza: 32.6774193548387 %
Demand del real Source[8]: -10.5, flusso erogato: 3.8600000000000003, flusso entrante: 0.0, efficienza: 36.76190476190476 %
Demand del real Source[9]: -7.1, flusso erogato: 16.229999999999997, flusso entrante: 9.129999999999997, efficienza: 228.59154929577463 %
Demand del real Source[17]: -25.0, flusso erogato: 25.000000000000007, flusso entrante: 0.0, efficienza: 100.00000000000003 %
Flusso totale entrante nei Real Source: 9.129999999999997
Flusso totale uscente dai Real Source: 55.220000000000006
Flusso netto sui real Source: -46.09000000000001
--- SINKS STATISTICS ---
Sink 3 SODDISFATTO. Flusso netto: 3.43, Demand: 3.43, percentage: 100.0
Sink 4 SODDISFATTO. Flusso netto: 0.5700000000000003, Demand: 0.57, percentage: 100.00000000000007
Sink 5 SODDISFATTO. Flusso netto: 0.6600000000000001, Demand: 0.66, percentage: 100.00000000000003
Sink 11 SODDISFATTO. Flusso netto: 1.03, Demand: 1.03, percentage: 100.0
Sink 15 SODDISFATTO. Flusso netto: 0.46, Demand: 0.46, percentage: 100.0
Sink 16 SODDISFATTO. Flusso netto: 8.400000000000002, Demand: 8.4, percentage: 100.00000000000003
Sink 19 SODDISFATTO. Flusso netto: 0.5399999999999991, Demand: 0.54, percentage: 99.99999999999983
Sink 23 SODDISFATTO. Flusso netto: 0.5999999999999999, Demand: 0.6, percentage: 99.99999999999997
Sink 24 SODDISFATTO. Flusso netto: 0.8, Demand: 0.8, percentage: 100.0
Sink 25 SODDISFATTO. Flusso netto: 3.5, Demand: 3.5, percentage: 100.0
Sink 26 SODDISFATTO. Flusso netto: 6.000000000000002, Demand: 6.0, percentage: 100.00000000000003
Sink 28 SODDISFATTO. Flusso netto: 0.4, Demand: 0.4, percentage: 100.0
Sink 30 SODDISFATTO. Flusso netto: 0.9799999999999986, Demand: 0.98, percentage: 99.99999999999987
Sink 31 SODDISFATTO. Flusso netto: 0.4, Demand: 0.4, percentage: 100.0
Sink 32 SODDISFATTO. Flusso netto: 0.9999999999999996, Demand: 1.0, percentage: 99.99999999999996
Sink 34 SODDISFATTO. Flusso netto: 1.74, Demand: 1.74, percentage: 100.0
Sink 35 SODDISFATTO. Flusso netto: 1.3, Demand: 1.3, percentage: 100.0
Sink 37 SODDISFATTO. Flusso netto: 1.0, Demand: 1.0, percentage: 100.0
Sink 39 SODDISFATTO. Flusso netto: 0.4, Demand: 0.4, percentage: 100.0
Sink 40 SODDISFATTO. Flusso netto: 0.5, Demand: 0.5, percentage: 100.0
Sink 41 SODDISFATTO. Flusso netto: 1.06, Demand: 1.06, percentage: 100.0
Sink 42 SODDISFATTO. Flusso netto: 2.8199999999999994, Demand: 2.82, percentage: 99.99999999999999
Sink 45 SODDISFATTO. Flusso netto: 0.68, Demand: 0.68, percentage: 100.0
Sink 46 SODDISFATTO. Flusso netto: 1.17, Demand: 1.17, percentage: 100.0
Sink 49 non è soddisfatto. Flusso netto: 6.6499999999999995, Demand: 7.0, percentage: 95.0
Flusso totale entrante nei SINK: 92.61000000000001
Flusso totale uscente nei SINK: 46.52
Flusso totale netto nei SINK: 46.09000000000001
Total DEMAND dei SINK: 46.44
Percentual di flusso ai SINK: 0.9924633936261846
Numero di Sink soddisfatti: 24.0, numero totale di sink: 25.0
Percentuale di Sink soddisfatti: 0.96

---------------------------------- DAY 254

Update Fixed Elements from Intrinsic Faults
Update Fixed Elements from Heavy Faults
Update Fixed Elements from Attack
Propagate Intrinsic Fault
Propagate Heavy Faults
Propagate Attacks
Inject Intrinsic Failure To Source
Inject Heavy Fault To Sources
Inject Attack Multiple To Source
Inject Intrinsic Fault To Pipeline
Inject Heavy Fault To Pipeline
Inject Attack To Pipeline
----------- Statistics ------------
	Sources Under Attack: 0
	Sources with Heavy Fault: 0
	Sources with Intrinsic Fault: 0
	Arcs with reduce capacity due to Attack: 0
	Arcs with reduce capacity due to Heavy Fault: 0
	Arcs with reduce capacity due to Intrinsic Fault: 0
	Arcs with Attacks: 0
	Arcs with Heavy Fault: 0
	Arcs with Intrinsic Fault: 0
--------- SOURCES STATISTICS ---------------
Demand del real Source[0]: -31.0, flusso erogato: 10.129999999999997, flusso entrante: 0.0, efficienza: 32.6774193548387 %
Demand del real Source[8]: -10.5, flusso erogato: 3.8600000000000003, flusso entrante: 0.0, efficienza: 36.76190476190476 %
Demand del real Source[9]: -7.1, flusso erogato: 16.229999999999997, flusso entrante: 9.129999999999997, efficienza: 228.59154929577463 %
Demand del real Source[17]: -25.0, flusso erogato: 25.000000000000007, flusso entrante: 0.0, efficienza: 100.00000000000003 %
Flusso totale entrante nei Real Source: 9.129999999999997
Flusso totale uscente dai Real Source: 55.220000000000006
Flusso netto sui real Source: -46.09000000000001
--- SINKS STATISTICS ---
Sink 3 SODDISFATTO. Flusso netto: 3.43, Demand: 3.43, percentage: 100.0
Sink 4 SODDISFATTO. Flusso netto: 0.5700000000000003, Demand: 0.57, percentage: 100.00000000000007
Sink 5 SODDISFATTO. Flusso netto: 0.6600000000000001, Demand: 0.66, percentage: 100.00000000000003
Sink 11 SODDISFATTO. Flusso netto: 1.03, Demand: 1.03, percentage: 100.0
Sink 15 SODDISFATTO. Flusso netto: 0.46, Demand: 0.46, percentage: 100.0
Sink 16 SODDISFATTO. Flusso netto: 8.400000000000002, Demand: 8.4, percentage: 100.00000000000003
Sink 19 SODDISFATTO. Flusso netto: 0.5399999999999991, Demand: 0.54, percentage: 99.99999999999983
Sink 23 SODDISFATTO. Flusso netto: 0.5999999999999999, Demand: 0.6, percentage: 99.99999999999997
Sink 24 SODDISFATTO. Flusso netto: 0.8, Demand: 0.8, percentage: 100.0
Sink 25 SODDISFATTO. Flusso netto: 3.5, Demand: 3.5, percentage: 100.0
Sink 26 SODDISFATTO. Flusso netto: 6.000000000000002, Demand: 6.0, percentage: 100.00000000000003
Sink 28 SODDISFATTO. Flusso netto: 0.4, Demand: 0.4, percentage: 100.0
Sink 30 SODDISFATTO. Flusso netto: 0.9799999999999986, Demand: 0.98, percentage: 99.99999999999987
Sink 31 SODDISFATTO. Flusso netto: 0.4, Demand: 0.4, percentage: 100.0
Sink 32 SODDISFATTO. Flusso netto: 0.9999999999999996, Demand: 1.0, percentage: 99.99999999999996
Sink 34 SODDISFATTO. Flusso netto: 1.74, Demand: 1.74, percentage: 100.0
Sink 35 SODDISFATTO. Flusso netto: 1.3, Demand: 1.3, percentage: 100.0
Sink 37 SODDISFATTO. Flusso netto: 1.0, Demand: 1.0, percentage: 100.0
Sink 39 SODDISFATTO. Flusso netto: 0.4, Demand: 0.4, percentage: 100.0
Sink 40 SODDISFATTO. Flusso netto: 0.5, Demand: 0.5, percentage: 100.0
Sink 41 SODDISFATTO. Flusso netto: 1.06, Demand: 1.06, percentage: 100.0
Sink 42 SODDISFATTO. Flusso netto: 2.8199999999999994, Demand: 2.82, percentage: 99.99999999999999
Sink 45 SODDISFATTO. Flusso netto: 0.68, Demand: 0.68, percentage: 100.0
Sink 46 SODDISFATTO. Flusso netto: 1.17, Demand: 1.17, percentage: 100.0
Sink 49 non è soddisfatto. Flusso netto: 6.6499999999999995, Demand: 7.0, percentage: 95.0
Flusso totale entrante nei SINK: 92.61000000000001
Flusso totale uscente nei SINK: 46.52
Flusso totale netto nei SINK: 46.09000000000001
Total DEMAND dei SINK: 46.44
Percentual di flusso ai SINK: 0.9924633936261846
Numero di Sink soddisfatti: 24.0, numero totale di sink: 25.0
Percentuale di Sink soddisfatti: 0.96

---------------------------------- DAY 255

Update Fixed Elements from Intrinsic Faults
Update Fixed Elements from Heavy Faults
Update Fixed Elements from Attack
Propagate Intrinsic Fault
Propagate Heavy Faults
Propagate Attacks
Inject Intrinsic Failure To Source
Inject Heavy Fault To Sources
Inject Attack Multiple To Source
Inject Intrinsic Fault To Pipeline
Inject Heavy Fault To Pipeline
Inject Attack To Pipeline
----------- Statistics ------------
	Sources Under Attack: 0
	Sources with Heavy Fault: 0
	Sources with Intrinsic Fault: 0
	Arcs with reduce capacity due to Attack: 0
	Arcs with reduce capacity due to Heavy Fault: 0
	Arcs with reduce capacity due to Intrinsic Fault: 0
	Arcs with Attacks: 0
	Arcs with Heavy Fault: 0
	Arcs with Intrinsic Fault: 0
--------- SOURCES STATISTICS ---------------
Demand del real Source[0]: -31.0, flusso erogato: 10.129999999999997, flusso entrante: 0.0, efficienza: 32.6774193548387 %
Demand del real Source[8]: -10.5, flusso erogato: 3.8600000000000003, flusso entrante: 0.0, efficienza: 36.76190476190476 %
Demand del real Source[9]: -7.1, flusso erogato: 16.229999999999997, flusso entrante: 9.129999999999997, efficienza: 228.59154929577463 %
Demand del real Source[17]: -25.0, flusso erogato: 25.000000000000007, flusso entrante: 0.0, efficienza: 100.00000000000003 %
Flusso totale entrante nei Real Source: 9.129999999999997
Flusso totale uscente dai Real Source: 55.220000000000006
Flusso netto sui real Source: -46.09000000000001
--- SINKS STATISTICS ---
Sink 3 SODDISFATTO. Flusso netto: 3.43, Demand: 3.43, percentage: 100.0
Sink 4 SODDISFATTO. Flusso netto: 0.5700000000000003, Demand: 0.57, percentage: 100.00000000000007
Sink 5 SODDISFATTO. Flusso netto: 0.6600000000000001, Demand: 0.66, percentage: 100.00000000000003
Sink 11 SODDISFATTO. Flusso netto: 1.03, Demand: 1.03, percentage: 100.0
Sink 15 SODDISFATTO. Flusso netto: 0.46, Demand: 0.46, percentage: 100.0
Sink 16 SODDISFATTO. Flusso netto: 8.400000000000002, Demand: 8.4, percentage: 100.00000000000003
Sink 19 SODDISFATTO. Flusso netto: 0.5399999999999991, Demand: 0.54, percentage: 99.99999999999983
Sink 23 SODDISFATTO. Flusso netto: 0.5999999999999999, Demand: 0.6, percentage: 99.99999999999997
Sink 24 SODDISFATTO. Flusso netto: 0.8, Demand: 0.8, percentage: 100.0
Sink 25 SODDISFATTO. Flusso netto: 3.5, Demand: 3.5, percentage: 100.0
Sink 26 SODDISFATTO. Flusso netto: 6.000000000000002, Demand: 6.0, percentage: 100.00000000000003
Sink 28 SODDISFATTO. Flusso netto: 0.4, Demand: 0.4, percentage: 100.0
Sink 30 SODDISFATTO. Flusso netto: 0.9799999999999986, Demand: 0.98, percentage: 99.99999999999987
Sink 31 SODDISFATTO. Flusso netto: 0.4, Demand: 0.4, percentage: 100.0
Sink 32 SODDISFATTO. Flusso netto: 0.9999999999999996, Demand: 1.0, percentage: 99.99999999999996
Sink 34 SODDISFATTO. Flusso netto: 1.74, Demand: 1.74, percentage: 100.0
Sink 35 SODDISFATTO. Flusso netto: 1.3, Demand: 1.3, percentage: 100.0
Sink 37 SODDISFATTO. Flusso netto: 1.0, Demand: 1.0, percentage: 100.0
Sink 39 SODDISFATTO. Flusso netto: 0.4, Demand: 0.4, percentage: 100.0
Sink 40 SODDISFATTO. Flusso netto: 0.5, Demand: 0.5, percentage: 100.0
Sink 41 SODDISFATTO. Flusso netto: 1.06, Demand: 1.06, percentage: 100.0
Sink 42 SODDISFATTO. Flusso netto: 2.8199999999999994, Demand: 2.82, percentage: 99.99999999999999
Sink 45 SODDISFATTO. Flusso netto: 0.68, Demand: 0.68, percentage: 100.0
Sink 46 SODDISFATTO. Flusso netto: 1.17, Demand: 1.17, percentage: 100.0
Sink 49 non è soddisfatto. Flusso netto: 6.6499999999999995, Demand: 7.0, percentage: 95.0
Flusso totale entrante nei SINK: 92.61000000000001
Flusso totale uscente nei SINK: 46.52
Flusso totale netto nei SINK: 46.09000000000001
Total DEMAND dei SINK: 46.44
Percentual di flusso ai SINK: 0.9924633936261846
Numero di Sink soddisfatti: 24.0, numero totale di sink: 25.0
Percentuale di Sink soddisfatti: 0.96

---------------------------------- DAY 256

Update Fixed Elements from Intrinsic Faults
Update Fixed Elements from Heavy Faults
Update Fixed Elements from Attack
Propagate Intrinsic Fault
Propagate Heavy Faults
Propagate Attacks
Inject Intrinsic Failure To Source
Inject Heavy Fault To Sources
Inject Attack Multiple To Source
Inject Intrinsic Fault To Pipeline
Inject Heavy Fault To Pipeline
Inject Attack To Pipeline
----------- Statistics ------------
	Sources Under Attack: 0
	Sources with Heavy Fault: 0
	Sources with Intrinsic Fault: 0
	Arcs with reduce capacity due to Attack: 0
	Arcs with reduce capacity due to Heavy Fault: 0
	Arcs with reduce capacity due to Intrinsic Fault: 0
	Arcs with Attacks: 0
	Arcs with Heavy Fault: 0
	Arcs with Intrinsic Fault: 0
--------- SOURCES STATISTICS ---------------
Demand del real Source[0]: -31.0, flusso erogato: 10.129999999999997, flusso entrante: 0.0, efficienza: 32.6774193548387 %
Demand del real Source[8]: -10.5, flusso erogato: 3.8600000000000003, flusso entrante: 0.0, efficienza: 36.76190476190476 %
Demand del real Source[9]: -7.1, flusso erogato: 16.229999999999997, flusso entrante: 9.129999999999997, efficienza: 228.59154929577463 %
Demand del real Source[17]: -25.0, flusso erogato: 25.000000000000007, flusso entrante: 0.0, efficienza: 100.00000000000003 %
Flusso totale entrante nei Real Source: 9.129999999999997
Flusso totale uscente dai Real Source: 55.220000000000006
Flusso netto sui real Source: -46.09000000000001
--- SINKS STATISTICS ---
Sink 3 SODDISFATTO. Flusso netto: 3.43, Demand: 3.43, percentage: 100.0
Sink 4 SODDISFATTO. Flusso netto: 0.5700000000000003, Demand: 0.57, percentage: 100.00000000000007
Sink 5 SODDISFATTO. Flusso netto: 0.6600000000000001, Demand: 0.66, percentage: 100.00000000000003
Sink 11 SODDISFATTO. Flusso netto: 1.03, Demand: 1.03, percentage: 100.0
Sink 15 SODDISFATTO. Flusso netto: 0.46, Demand: 0.46, percentage: 100.0
Sink 16 SODDISFATTO. Flusso netto: 8.400000000000002, Demand: 8.4, percentage: 100.00000000000003
Sink 19 SODDISFATTO. Flusso netto: 0.5399999999999991, Demand: 0.54, percentage: 99.99999999999983
Sink 23 SODDISFATTO. Flusso netto: 0.5999999999999999, Demand: 0.6, percentage: 99.99999999999997
Sink 24 SODDISFATTO. Flusso netto: 0.8, Demand: 0.8, percentage: 100.0
Sink 25 SODDISFATTO. Flusso netto: 3.5, Demand: 3.5, percentage: 100.0
Sink 26 SODDISFATTO. Flusso netto: 6.000000000000002, Demand: 6.0, percentage: 100.00000000000003
Sink 28 SODDISFATTO. Flusso netto: 0.4, Demand: 0.4, percentage: 100.0
Sink 30 SODDISFATTO. Flusso netto: 0.9799999999999986, Demand: 0.98, percentage: 99.99999999999987
Sink 31 SODDISFATTO. Flusso netto: 0.4, Demand: 0.4, percentage: 100.0
Sink 32 SODDISFATTO. Flusso netto: 0.9999999999999996, Demand: 1.0, percentage: 99.99999999999996
Sink 34 SODDISFATTO. Flusso netto: 1.74, Demand: 1.74, percentage: 100.0
Sink 35 SODDISFATTO. Flusso netto: 1.3, Demand: 1.3, percentage: 100.0
Sink 37 SODDISFATTO. Flusso netto: 1.0, Demand: 1.0, percentage: 100.0
Sink 39 SODDISFATTO. Flusso netto: 0.4, Demand: 0.4, percentage: 100.0
Sink 40 SODDISFATTO. Flusso netto: 0.5, Demand: 0.5, percentage: 100.0
Sink 41 SODDISFATTO. Flusso netto: 1.06, Demand: 1.06, percentage: 100.0
Sink 42 SODDISFATTO. Flusso netto: 2.8199999999999994, Demand: 2.82, percentage: 99.99999999999999
Sink 45 SODDISFATTO. Flusso netto: 0.68, Demand: 0.68, percentage: 100.0
Sink 46 SODDISFATTO. Flusso netto: 1.17, Demand: 1.17, percentage: 100.0
Sink 49 non è soddisfatto. Flusso netto: 6.6499999999999995, Demand: 7.0, percentage: 95.0
Flusso totale entrante nei SINK: 92.61000000000001
Flusso totale uscente nei SINK: 46.52
Flusso totale netto nei SINK: 46.09000000000001
Total DEMAND dei SINK: 46.44
Percentual di flusso ai SINK: 0.9924633936261846
Numero di Sink soddisfatti: 24.0, numero totale di sink: 25.0
Percentuale di Sink soddisfatti: 0.96

---------------------------------- DAY 257

Update Fixed Elements from Intrinsic Faults
Update Fixed Elements from Heavy Faults
Update Fixed Elements from Attack
Propagate Intrinsic Fault
Propagate Heavy Faults
Propagate Attacks
Inject Intrinsic Failure To Source
Inject Heavy Fault To Sources
Inject Attack Multiple To Source
Inject Intrinsic Fault To Pipeline
Inject Heavy Fault To Pipeline
Inject Attack To Pipeline
----------- Statistics ------------
	Sources Under Attack: 0
	Sources with Heavy Fault: 0
	Sources with Intrinsic Fault: 0
	Arcs with reduce capacity due to Attack: 0
	Arcs with reduce capacity due to Heavy Fault: 0
	Arcs with reduce capacity due to Intrinsic Fault: 0
	Arcs with Attacks: 0
	Arcs with Heavy Fault: 0
	Arcs with Intrinsic Fault: 0
--------- SOURCES STATISTICS ---------------
Demand del real Source[0]: -31.0, flusso erogato: 10.129999999999997, flusso entrante: 0.0, efficienza: 32.6774193548387 %
Demand del real Source[8]: -10.5, flusso erogato: 3.8600000000000003, flusso entrante: 0.0, efficienza: 36.76190476190476 %
Demand del real Source[9]: -7.1, flusso erogato: 16.229999999999997, flusso entrante: 9.129999999999997, efficienza: 228.59154929577463 %
Demand del real Source[17]: -25.0, flusso erogato: 25.000000000000007, flusso entrante: 0.0, efficienza: 100.00000000000003 %
Flusso totale entrante nei Real Source: 9.129999999999997
Flusso totale uscente dai Real Source: 55.220000000000006
Flusso netto sui real Source: -46.09000000000001
--- SINKS STATISTICS ---
Sink 3 SODDISFATTO. Flusso netto: 3.43, Demand: 3.43, percentage: 100.0
Sink 4 SODDISFATTO. Flusso netto: 0.5700000000000003, Demand: 0.57, percentage: 100.00000000000007
Sink 5 SODDISFATTO. Flusso netto: 0.6600000000000001, Demand: 0.66, percentage: 100.00000000000003
Sink 11 SODDISFATTO. Flusso netto: 1.03, Demand: 1.03, percentage: 100.0
Sink 15 SODDISFATTO. Flusso netto: 0.46, Demand: 0.46, percentage: 100.0
Sink 16 SODDISFATTO. Flusso netto: 8.400000000000002, Demand: 8.4, percentage: 100.00000000000003
Sink 19 SODDISFATTO. Flusso netto: 0.5399999999999991, Demand: 0.54, percentage: 99.99999999999983
Sink 23 SODDISFATTO. Flusso netto: 0.5999999999999999, Demand: 0.6, percentage: 99.99999999999997
Sink 24 SODDISFATTO. Flusso netto: 0.8, Demand: 0.8, percentage: 100.0
Sink 25 SODDISFATTO. Flusso netto: 3.5, Demand: 3.5, percentage: 100.0
Sink 26 SODDISFATTO. Flusso netto: 6.000000000000002, Demand: 6.0, percentage: 100.00000000000003
Sink 28 SODDISFATTO. Flusso netto: 0.4, Demand: 0.4, percentage: 100.0
Sink 30 SODDISFATTO. Flusso netto: 0.9799999999999986, Demand: 0.98, percentage: 99.99999999999987
Sink 31 SODDISFATTO. Flusso netto: 0.4, Demand: 0.4, percentage: 100.0
Sink 32 SODDISFATTO. Flusso netto: 0.9999999999999996, Demand: 1.0, percentage: 99.99999999999996
Sink 34 SODDISFATTO. Flusso netto: 1.74, Demand: 1.74, percentage: 100.0
Sink 35 SODDISFATTO. Flusso netto: 1.3, Demand: 1.3, percentage: 100.0
Sink 37 SODDISFATTO. Flusso netto: 1.0, Demand: 1.0, percentage: 100.0
Sink 39 SODDISFATTO. Flusso netto: 0.4, Demand: 0.4, percentage: 100.0
Sink 40 SODDISFATTO. Flusso netto: 0.5, Demand: 0.5, percentage: 100.0
Sink 41 SODDISFATTO. Flusso netto: 1.06, Demand: 1.06, percentage: 100.0
Sink 42 SODDISFATTO. Flusso netto: 2.8199999999999994, Demand: 2.82, percentage: 99.99999999999999
Sink 45 SODDISFATTO. Flusso netto: 0.68, Demand: 0.68, percentage: 100.0
Sink 46 SODDISFATTO. Flusso netto: 1.17, Demand: 1.17, percentage: 100.0
Sink 49 non è soddisfatto. Flusso netto: 6.6499999999999995, Demand: 7.0, percentage: 95.0
Flusso totale entrante nei SINK: 92.61000000000001
Flusso totale uscente nei SINK: 46.52
Flusso totale netto nei SINK: 46.09000000000001
Total DEMAND dei SINK: 46.44
Percentual di flusso ai SINK: 0.9924633936261846
Numero di Sink soddisfatti: 24.0, numero totale di sink: 25.0
Percentuale di Sink soddisfatti: 0.96

---------------------------------- DAY 258

Update Fixed Elements from Intrinsic Faults
Update Fixed Elements from Heavy Faults
Update Fixed Elements from Attack
Propagate Intrinsic Fault
Propagate Heavy Faults
Propagate Attacks
Inject Intrinsic Failure To Source
Inject Heavy Fault To Sources
Inject Attack Multiple To Source
Inject Intrinsic Fault To Pipeline
Inject Heavy Fault To Pipeline
Inject Attack To Pipeline
----------- Statistics ------------
	Sources Under Attack: 0
	Sources with Heavy Fault: 0
	Sources with Intrinsic Fault: 0
	Arcs with reduce capacity due to Attack: 0
	Arcs with reduce capacity due to Heavy Fault: 0
	Arcs with reduce capacity due to Intrinsic Fault: 0
	Arcs with Attacks: 0
	Arcs with Heavy Fault: 0
	Arcs with Intrinsic Fault: 0
--------- SOURCES STATISTICS ---------------
Demand del real Source[0]: -31.0, flusso erogato: 10.129999999999997, flusso entrante: 0.0, efficienza: 32.6774193548387 %
Demand del real Source[8]: -10.5, flusso erogato: 3.8600000000000003, flusso entrante: 0.0, efficienza: 36.76190476190476 %
Demand del real Source[9]: -7.1, flusso erogato: 16.229999999999997, flusso entrante: 9.129999999999997, efficienza: 228.59154929577463 %
Demand del real Source[17]: -25.0, flusso erogato: 25.000000000000007, flusso entrante: 0.0, efficienza: 100.00000000000003 %
Flusso totale entrante nei Real Source: 9.129999999999997
Flusso totale uscente dai Real Source: 55.220000000000006
Flusso netto sui real Source: -46.09000000000001
--- SINKS STATISTICS ---
Sink 3 SODDISFATTO. Flusso netto: 3.43, Demand: 3.43, percentage: 100.0
Sink 4 SODDISFATTO. Flusso netto: 0.5700000000000003, Demand: 0.57, percentage: 100.00000000000007
Sink 5 SODDISFATTO. Flusso netto: 0.6600000000000001, Demand: 0.66, percentage: 100.00000000000003
Sink 11 SODDISFATTO. Flusso netto: 1.03, Demand: 1.03, percentage: 100.0
Sink 15 SODDISFATTO. Flusso netto: 0.46, Demand: 0.46, percentage: 100.0
Sink 16 SODDISFATTO. Flusso netto: 8.400000000000002, Demand: 8.4, percentage: 100.00000000000003
Sink 19 SODDISFATTO. Flusso netto: 0.5399999999999991, Demand: 0.54, percentage: 99.99999999999983
Sink 23 SODDISFATTO. Flusso netto: 0.5999999999999999, Demand: 0.6, percentage: 99.99999999999997
Sink 24 SODDISFATTO. Flusso netto: 0.8, Demand: 0.8, percentage: 100.0
Sink 25 SODDISFATTO. Flusso netto: 3.5, Demand: 3.5, percentage: 100.0
Sink 26 SODDISFATTO. Flusso netto: 6.000000000000002, Demand: 6.0, percentage: 100.00000000000003
Sink 28 SODDISFATTO. Flusso netto: 0.4, Demand: 0.4, percentage: 100.0
Sink 30 SODDISFATTO. Flusso netto: 0.9799999999999986, Demand: 0.98, percentage: 99.99999999999987
Sink 31 SODDISFATTO. Flusso netto: 0.4, Demand: 0.4, percentage: 100.0
Sink 32 SODDISFATTO. Flusso netto: 0.9999999999999996, Demand: 1.0, percentage: 99.99999999999996
Sink 34 SODDISFATTO. Flusso netto: 1.74, Demand: 1.74, percentage: 100.0
Sink 35 SODDISFATTO. Flusso netto: 1.3, Demand: 1.3, percentage: 100.0
Sink 37 SODDISFATTO. Flusso netto: 1.0, Demand: 1.0, percentage: 100.0
Sink 39 SODDISFATTO. Flusso netto: 0.4, Demand: 0.4, percentage: 100.0
Sink 40 SODDISFATTO. Flusso netto: 0.5, Demand: 0.5, percentage: 100.0
Sink 41 SODDISFATTO. Flusso netto: 1.06, Demand: 1.06, percentage: 100.0
Sink 42 SODDISFATTO. Flusso netto: 2.8199999999999994, Demand: 2.82, percentage: 99.99999999999999
Sink 45 SODDISFATTO. Flusso netto: 0.68, Demand: 0.68, percentage: 100.0
Sink 46 SODDISFATTO. Flusso netto: 1.17, Demand: 1.17, percentage: 100.0
Sink 49 non è soddisfatto. Flusso netto: 6.6499999999999995, Demand: 7.0, percentage: 95.0
Flusso totale entrante nei SINK: 92.61000000000001
Flusso totale uscente nei SINK: 46.52
Flusso totale netto nei SINK: 46.09000000000001
Total DEMAND dei SINK: 46.44
Percentual di flusso ai SINK: 0.9924633936261846
Numero di Sink soddisfatti: 24.0, numero totale di sink: 25.0
Percentuale di Sink soddisfatti: 0.96

---------------------------------- DAY 259

Update Fixed Elements from Intrinsic Faults
Update Fixed Elements from Heavy Faults
Update Fixed Elements from Attack
Propagate Intrinsic Fault
Propagate Heavy Faults
Propagate Attacks
Inject Intrinsic Failure To Source
Inject Heavy Fault To Sources
Inject Attack Multiple To Source
Inject Intrinsic Fault To Pipeline
Inject Heavy Fault To Pipeline
Inject Attack To Pipeline
----------- Statistics ------------
	Sources Under Attack: 0
	Sources with Heavy Fault: 0
	Sources with Intrinsic Fault: 0
	Arcs with reduce capacity due to Attack: 0
	Arcs with reduce capacity due to Heavy Fault: 0
	Arcs with reduce capacity due to Intrinsic Fault: 0
	Arcs with Attacks: 0
	Arcs with Heavy Fault: 0
	Arcs with Intrinsic Fault: 0
--------- SOURCES STATISTICS ---------------
Demand del real Source[0]: -31.0, flusso erogato: 10.129999999999997, flusso entrante: 0.0, efficienza: 32.6774193548387 %
Demand del real Source[8]: -10.5, flusso erogato: 3.8600000000000003, flusso entrante: 0.0, efficienza: 36.76190476190476 %
Demand del real Source[9]: -7.1, flusso erogato: 16.229999999999997, flusso entrante: 9.129999999999997, efficienza: 228.59154929577463 %
Demand del real Source[17]: -25.0, flusso erogato: 25.000000000000007, flusso entrante: 0.0, efficienza: 100.00000000000003 %
Flusso totale entrante nei Real Source: 9.129999999999997
Flusso totale uscente dai Real Source: 55.220000000000006
Flusso netto sui real Source: -46.09000000000001
--- SINKS STATISTICS ---
Sink 3 SODDISFATTO. Flusso netto: 3.43, Demand: 3.43, percentage: 100.0
Sink 4 SODDISFATTO. Flusso netto: 0.5700000000000003, Demand: 0.57, percentage: 100.00000000000007
Sink 5 SODDISFATTO. Flusso netto: 0.6600000000000001, Demand: 0.66, percentage: 100.00000000000003
Sink 11 SODDISFATTO. Flusso netto: 1.03, Demand: 1.03, percentage: 100.0
Sink 15 SODDISFATTO. Flusso netto: 0.46, Demand: 0.46, percentage: 100.0
Sink 16 SODDISFATTO. Flusso netto: 8.400000000000002, Demand: 8.4, percentage: 100.00000000000003
Sink 19 SODDISFATTO. Flusso netto: 0.5399999999999991, Demand: 0.54, percentage: 99.99999999999983
Sink 23 SODDISFATTO. Flusso netto: 0.5999999999999999, Demand: 0.6, percentage: 99.99999999999997
Sink 24 SODDISFATTO. Flusso netto: 0.8, Demand: 0.8, percentage: 100.0
Sink 25 SODDISFATTO. Flusso netto: 3.5, Demand: 3.5, percentage: 100.0
Sink 26 SODDISFATTO. Flusso netto: 6.000000000000002, Demand: 6.0, percentage: 100.00000000000003
Sink 28 SODDISFATTO. Flusso netto: 0.4, Demand: 0.4, percentage: 100.0
Sink 30 SODDISFATTO. Flusso netto: 0.9799999999999986, Demand: 0.98, percentage: 99.99999999999987
Sink 31 SODDISFATTO. Flusso netto: 0.4, Demand: 0.4, percentage: 100.0
Sink 32 SODDISFATTO. Flusso netto: 0.9999999999999996, Demand: 1.0, percentage: 99.99999999999996
Sink 34 SODDISFATTO. Flusso netto: 1.74, Demand: 1.74, percentage: 100.0
Sink 35 SODDISFATTO. Flusso netto: 1.3, Demand: 1.3, percentage: 100.0
Sink 37 SODDISFATTO. Flusso netto: 1.0, Demand: 1.0, percentage: 100.0
Sink 39 SODDISFATTO. Flusso netto: 0.4, Demand: 0.4, percentage: 100.0
Sink 40 SODDISFATTO. Flusso netto: 0.5, Demand: 0.5, percentage: 100.0
Sink 41 SODDISFATTO. Flusso netto: 1.06, Demand: 1.06, percentage: 100.0
Sink 42 SODDISFATTO. Flusso netto: 2.8199999999999994, Demand: 2.82, percentage: 99.99999999999999
Sink 45 SODDISFATTO. Flusso netto: 0.68, Demand: 0.68, percentage: 100.0
Sink 46 SODDISFATTO. Flusso netto: 1.17, Demand: 1.17, percentage: 100.0
Sink 49 non è soddisfatto. Flusso netto: 6.6499999999999995, Demand: 7.0, percentage: 95.0
Flusso totale entrante nei SINK: 92.61000000000001
Flusso totale uscente nei SINK: 46.52
Flusso totale netto nei SINK: 46.09000000000001
Total DEMAND dei SINK: 46.44
Percentual di flusso ai SINK: 0.9924633936261846
Numero di Sink soddisfatti: 24.0, numero totale di sink: 25.0
Percentuale di Sink soddisfatti: 0.96

---------------------------------- DAY 260

Update Fixed Elements from Intrinsic Faults
Update Fixed Elements from Heavy Faults
Update Fixed Elements from Attack
Propagate Intrinsic Fault
Propagate Heavy Faults
Propagate Attacks
Inject Intrinsic Failure To Source
Source NODO_19 is failing for an Intrinsic Fault in day: 260
pipeline ARCO_35 has reduced capacity due to NODO_19 Intrinsic fault
pipeline ARCO_109 has reduced capacity due to NODO_19 Intrinsic fault
pipeline ARCO_110 has reduced capacity due to NODO_19 Intrinsic fault
pipeline V_EDGE_53_17 has reduced capacity due to NODO_19 Intrinsic fault
pipeline ARCO_39 has reduced capacity due to NODO_19 Intrinsic fault
pipeline ARCO_40 has reduced capacity due to NODO_19 Intrinsic fault
pipeline ARCO_105 has reduced capacity due to NODO_19 Intrinsic fault
Inject Heavy Fault To Sources
Inject Attack Multiple To Source
Inject Intrinsic Fault To Pipeline
Inject Heavy Fault To Pipeline
Inject Attack To Pipeline
----------- Statistics ------------
	Sources Under Attack: 0
	Sources with Heavy Fault: 0
	Sources with Intrinsic Fault: 1
	Arcs with reduce capacity due to Attack: 0
	Arcs with reduce capacity due to Heavy Fault: 0
	Arcs with reduce capacity due to Intrinsic Fault: 7
	Arcs with Attacks: 0
	Arcs with Heavy Fault: 0
	Arcs with Intrinsic Fault: 0
--------- SOURCES STATISTICS ---------------
Demand del real Source[0]: -31.0, flusso erogato: 15.440000000000001, flusso entrante: 0.0, efficienza: 49.80645161290323 %
Demand del real Source[8]: -10.5, flusso erogato: 3.8600000000000003, flusso entrante: 0.0, efficienza: 36.76190476190476 %
Demand del real Source[9]: -7.1, flusso erogato: 21.54, flusso entrante: 14.440000000000001, efficienza: 303.38028169014086 %
Demand del real Source[17]: -25.0, flusso erogato: 0.0, flusso entrante: 0.0, efficienza: 0.0 %
Flusso totale entrante nei Real Source: 14.440000000000001
Flusso totale uscente dai Real Source: 40.84
Flusso netto sui real Source: -26.400000000000002
--- SINKS STATISTICS ---
Sink 3 SODDISFATTO. Flusso netto: 3.43, Demand: 3.43, percentage: 100.0
Sink 4 SODDISFATTO. Flusso netto: 0.5700000000000003, Demand: 0.57, percentage: 100.00000000000007
Sink 5 SODDISFATTO. Flusso netto: 0.6600000000000001, Demand: 0.66, percentage: 100.00000000000003
Sink 11 SODDISFATTO. Flusso netto: 1.03, Demand: 1.03, percentage: 100.0
Sink 15 SODDISFATTO. Flusso netto: 0.45999999999999996, Demand: 0.46, percentage: 99.99999999999999
Sink 16 non è soddisfatto. Flusso netto: 2.83, Demand: 8.4, percentage: 33.69047619047619
Sink 19 non è soddisfatto. Flusso netto: 0.0, Demand: 0.54, percentage: 0.0
Sink 23 non è soddisfatto. Flusso netto: 0.0, Demand: 0.6, percentage: 0.0
Sink 24 non è soddisfatto. Flusso netto: 0.0, Demand: 0.8, percentage: 0.0
Sink 25 non è soddisfatto. Flusso netto: 0.0, Demand: 3.5, percentage: 0.0
Sink 26 non è soddisfatto. Flusso netto: 0.0, Demand: 6.0, percentage: 0.0
Sink 28 non è soddisfatto. Flusso netto: 0.0, Demand: 0.4, percentage: 0.0
Sink 30 non è soddisfatto. Flusso netto: 0.0, Demand: 0.98, percentage: 0.0
Sink 31 non è soddisfatto. Flusso netto: 0.0, Demand: 0.4, percentage: 0.0
Sink 32 SODDISFATTO. Flusso netto: 1.0, Demand: 1.0, percentage: 100.0
Sink 34 SODDISFATTO. Flusso netto: 1.74, Demand: 1.74, percentage: 100.0
Sink 35 SODDISFATTO. Flusso netto: 1.3, Demand: 1.3, percentage: 100.0
Sink 37 SODDISFATTO. Flusso netto: 1.0, Demand: 1.0, percentage: 100.0
Sink 39 non è soddisfatto. Flusso netto: 0.0, Demand: 0.4, percentage: 0.0
Sink 40 non è soddisfatto. Flusso netto: 0.0, Demand: 0.5, percentage: 0.0
Sink 41 SODDISFATTO. Flusso netto: 1.0600000000000005, Demand: 1.06, percentage: 100.00000000000004
Sink 42 SODDISFATTO. Flusso netto: 2.8199999999999994, Demand: 2.82, percentage: 99.99999999999999
Sink 45 SODDISFATTO. Flusso netto: 0.68, Demand: 0.68, percentage: 100.0
Sink 46 SODDISFATTO. Flusso netto: 1.17, Demand: 1.17, percentage: 100.0
Sink 49 non è soddisfatto. Flusso netto: 6.6499999999999995, Demand: 7.0, percentage: 95.0
Flusso totale entrante nei SINK: 53.099999999999994
Flusso totale uscente nei SINK: 26.7
Flusso totale netto nei SINK: 26.399999999999995
Total DEMAND dei SINK: 46.44
Percentual di flusso ai SINK: 0.5684754521963824
Numero di Sink soddisfatti: 13.0, numero totale di sink: 25.0
Percentuale di Sink soddisfatti: 0.52

---------------------------------- DAY 261

Update Fixed Elements from Intrinsic Faults
Update Fixed Elements from Heavy Faults
Update Fixed Elements from Attack
Propagate Intrinsic Fault
Node NODO_19 has still failing due to Intrinsic Fault
pipeline ARCO_35 still has reduced capacity: 0.0 due to Intrinsic Fault
pipeline ARCO_109 still has reduced capacity: 0.0 due to Intrinsic Fault
pipeline ARCO_110 still has reduced capacity: 0.0 due to Intrinsic Fault
pipeline V_EDGE_53_17 still has reduced capacity: 0.0 due to Intrinsic Fault
pipeline ARCO_39 still has reduced capacity: 0.0 due to Intrinsic Fault
pipeline ARCO_40 still has reduced capacity: 0.0 due to Intrinsic Fault
pipeline ARCO_105 still has reduced capacity: 0.0 due to Intrinsic Fault
Propagate Heavy Faults
Propagate Attacks
Inject Intrinsic Failure To Source
Source NODO_11 is failing for an Intrinsic Fault in day: 261
pipeline ARCO_3 has reduced capacity due to NODO_11 Intrinsic fault
pipeline ARCO_90 has reduced capacity due to NODO_11 Intrinsic fault
pipeline ARCO_91 has reduced capacity due to NODO_11 Intrinsic fault
pipeline ARCO_92 has reduced capacity due to NODO_11 Intrinsic fault
pipeline V_EDGE_53_9 has reduced capacity due to NODO_11 Intrinsic fault
pipeline ARCO_20 has reduced capacity due to NODO_11 Intrinsic fault
pipeline ARCO_21 has reduced capacity due to NODO_11 Intrinsic fault
pipeline ARCO_22 has reduced capacity due to NODO_11 Intrinsic fault
pipeline ARCO_73 has reduced capacity due to NODO_11 Intrinsic fault
Inject Heavy Fault To Sources
Inject Attack Multiple To Source
Inject Intrinsic Fault To Pipeline
Inject Heavy Fault To Pipeline
Inject Attack To Pipeline
----------- Statistics ------------
	Sources Under Attack: 0
	Sources with Heavy Fault: 0
	Sources with Intrinsic Fault: 2
	Arcs with reduce capacity due to Attack: 0
	Arcs with reduce capacity due to Heavy Fault: 0
	Arcs with reduce capacity due to Intrinsic Fault: 16
	Arcs with Attacks: 0
	Arcs with Heavy Fault: 0
	Arcs with Intrinsic Fault: 0
--------- SOURCES STATISTICS ---------------
Demand del real Source[0]: -31.0, flusso erogato: 16.296, flusso entrante: 0.0, efficienza: 52.567741935483866 %
Demand del real Source[8]: -10.5, flusso erogato: 4.2719999999999985, flusso entrante: 0.0, efficienza: 40.68571428571427 %
Demand del real Source[9]: -7.1, flusso erogato: 20.976, flusso entrante: 15.296000000000001, efficienza: 295.4366197183099 %
Demand del real Source[17]: -25.0, flusso erogato: 0.0, flusso entrante: 0.0, efficienza: 0.0 %
Flusso totale entrante nei Real Source: 15.296000000000001
Flusso totale uscente dai Real Source: 41.544000000000004
Flusso netto sui real Source: -26.248000000000005
--- SINKS STATISTICS ---
Sink 3 SODDISFATTO. Flusso netto: 3.43, Demand: 3.43, percentage: 100.0
Sink 4 SODDISFATTO. Flusso netto: 0.5700000000000003, Demand: 0.57, percentage: 100.00000000000007
Sink 5 SODDISFATTO. Flusso netto: 0.6600000000000001, Demand: 0.66, percentage: 100.00000000000003
Sink 11 SODDISFATTO. Flusso netto: 1.03, Demand: 1.03, percentage: 100.0
Sink 15 SODDISFATTO. Flusso netto: 0.45999999999999996, Demand: 0.46, percentage: 99.99999999999999
Sink 16 non è soddisfatto. Flusso netto: 2.83, Demand: 8.4, percentage: 33.69047619047619
Sink 19 non è soddisfatto. Flusso netto: 0.0, Demand: 0.54, percentage: 0.0
Sink 23 non è soddisfatto. Flusso netto: 0.0, Demand: 0.6, percentage: 0.0
Sink 24 non è soddisfatto. Flusso netto: 0.0, Demand: 0.8, percentage: 0.0
Sink 25 non è soddisfatto. Flusso netto: 0.0, Demand: 3.5, percentage: 0.0
Sink 26 non è soddisfatto. Flusso netto: 0.0, Demand: 6.0, percentage: 0.0
Sink 28 non è soddisfatto. Flusso netto: 0.0, Demand: 0.4, percentage: 0.0
Sink 30 non è soddisfatto. Flusso netto: 0.0, Demand: 0.98, percentage: 0.0
Sink 31 non è soddisfatto. Flusso netto: 0.0, Demand: 0.4, percentage: 0.0
Sink 32 SODDISFATTO. Flusso netto: 1.0000000000000009, Demand: 1.0, percentage: 100.00000000000009
Sink 34 SODDISFATTO. Flusso netto: 1.74, Demand: 1.74, percentage: 100.0
Sink 35 SODDISFATTO. Flusso netto: 1.3, Demand: 1.3, percentage: 100.0
Sink 37 SODDISFATTO. Flusso netto: 1.0, Demand: 1.0, percentage: 100.0
Sink 39 non è soddisfatto. Flusso netto: 0.0, Demand: 0.4, percentage: 0.0
Sink 40 non è soddisfatto. Flusso netto: 0.0, Demand: 0.5, percentage: 0.0
Sink 41 SODDISFATTO. Flusso netto: 1.0599999999999987, Demand: 1.06, percentage: 99.99999999999987
Sink 42 SODDISFATTO. Flusso netto: 2.8200000000000003, Demand: 2.82, percentage: 100.00000000000003
Sink 45 SODDISFATTO. Flusso netto: 0.68, Demand: 0.68, percentage: 100.0
Sink 46 SODDISFATTO. Flusso netto: 1.17, Demand: 1.17, percentage: 100.0
Sink 49 non è soddisfatto. Flusso netto: 6.497999999999999, Demand: 7.0, percentage: 92.82857142857142
Flusso totale entrante nei SINK: 55.32000000000001
Flusso totale uscente nei SINK: 29.072
Flusso totale netto nei SINK: 26.248000000000008
Total DEMAND dei SINK: 46.44
Percentual di flusso ai SINK: 0.5652024117140398
Numero di Sink soddisfatti: 13.0, numero totale di sink: 25.0
Percentuale di Sink soddisfatti: 0.52

---------------------------------- DAY 262

Update Fixed Elements from Intrinsic Faults
Update Fixed Elements from Heavy Faults
Update Fixed Elements from Attack
Propagate Intrinsic Fault
Node NODO_19 has still failing due to Intrinsic Fault
Node NODO_11 has still failing due to Intrinsic Fault
pipeline ARCO_35 still has reduced capacity: 0.0 due to Intrinsic Fault
pipeline ARCO_109 still has reduced capacity: 0.0 due to Intrinsic Fault
pipeline ARCO_110 still has reduced capacity: 0.0 due to Intrinsic Fault
pipeline V_EDGE_53_17 still has reduced capacity: 0.0 due to Intrinsic Fault
pipeline ARCO_39 still has reduced capacity: 0.0 due to Intrinsic Fault
pipeline ARCO_40 still has reduced capacity: 0.0 due to Intrinsic Fault
pipeline ARCO_105 still has reduced capacity: 0.0 due to Intrinsic Fault
pipeline ARCO_3 still has reduced capacity: 9.688 due to Intrinsic Fault
pipeline ARCO_90 still has reduced capacity: 1.6 due to Intrinsic Fault
pipeline ARCO_91 still has reduced capacity: 9.688 due to Intrinsic Fault
pipeline ARCO_92 still has reduced capacity: 39.328 due to Intrinsic Fault
pipeline V_EDGE_53_9 still has reduced capacity: 5.68 due to Intrinsic Fault
pipeline ARCO_20 still has reduced capacity: 1.6 due to Intrinsic Fault
pipeline ARCO_21 still has reduced capacity: 9.688 due to Intrinsic Fault
pipeline ARCO_22 still has reduced capacity: 39.328 due to Intrinsic Fault
pipeline ARCO_73 still has reduced capacity: 9.688 due to Intrinsic Fault
Propagate Heavy Faults
Propagate Attacks
Inject Intrinsic Failure To Source
Inject Heavy Fault To Sources
Inject Attack Multiple To Source
Inject Intrinsic Fault To Pipeline
Inject Heavy Fault To Pipeline
Inject Attack To Pipeline
----------- Statistics ------------
	Sources Under Attack: 0
	Sources with Heavy Fault: 0
	Sources with Intrinsic Fault: 2
	Arcs with reduce capacity due to Attack: 0
	Arcs with reduce capacity due to Heavy Fault: 0
	Arcs with reduce capacity due to Intrinsic Fault: 16
	Arcs with Attacks: 0
	Arcs with Heavy Fault: 0
	Arcs with Intrinsic Fault: 0
--------- SOURCES STATISTICS ---------------
Demand del real Source[0]: -31.0, flusso erogato: 16.296, flusso entrante: 0.0, efficienza: 52.567741935483866 %
Demand del real Source[8]: -10.5, flusso erogato: 4.2719999999999985, flusso entrante: 0.0, efficienza: 40.68571428571427 %
Demand del real Source[9]: -7.1, flusso erogato: 20.976, flusso entrante: 15.296000000000001, efficienza: 295.4366197183099 %
Demand del real Source[17]: -25.0, flusso erogato: 0.0, flusso entrante: 0.0, efficienza: 0.0 %
Flusso totale entrante nei Real Source: 15.296000000000001
Flusso totale uscente dai Real Source: 41.544000000000004
Flusso netto sui real Source: -26.248000000000005
--- SINKS STATISTICS ---
Sink 3 SODDISFATTO. Flusso netto: 3.43, Demand: 3.43, percentage: 100.0
Sink 4 SODDISFATTO. Flusso netto: 0.5700000000000003, Demand: 0.57, percentage: 100.00000000000007
Sink 5 SODDISFATTO. Flusso netto: 0.6600000000000001, Demand: 0.66, percentage: 100.00000000000003
Sink 11 SODDISFATTO. Flusso netto: 1.03, Demand: 1.03, percentage: 100.0
Sink 15 SODDISFATTO. Flusso netto: 0.45999999999999996, Demand: 0.46, percentage: 99.99999999999999
Sink 16 non è soddisfatto. Flusso netto: 2.83, Demand: 8.4, percentage: 33.69047619047619
Sink 19 non è soddisfatto. Flusso netto: 0.0, Demand: 0.54, percentage: 0.0
Sink 23 non è soddisfatto. Flusso netto: 0.0, Demand: 0.6, percentage: 0.0
Sink 24 non è soddisfatto. Flusso netto: 0.0, Demand: 0.8, percentage: 0.0
Sink 25 non è soddisfatto. Flusso netto: 0.0, Demand: 3.5, percentage: 0.0
Sink 26 non è soddisfatto. Flusso netto: 0.0, Demand: 6.0, percentage: 0.0
Sink 28 non è soddisfatto. Flusso netto: 0.0, Demand: 0.4, percentage: 0.0
Sink 30 non è soddisfatto. Flusso netto: 0.0, Demand: 0.98, percentage: 0.0
Sink 31 non è soddisfatto. Flusso netto: 0.0, Demand: 0.4, percentage: 0.0
Sink 32 SODDISFATTO. Flusso netto: 1.0000000000000009, Demand: 1.0, percentage: 100.00000000000009
Sink 34 SODDISFATTO. Flusso netto: 1.74, Demand: 1.74, percentage: 100.0
Sink 35 SODDISFATTO. Flusso netto: 1.3, Demand: 1.3, percentage: 100.0
Sink 37 SODDISFATTO. Flusso netto: 1.0, Demand: 1.0, percentage: 100.0
Sink 39 non è soddisfatto. Flusso netto: 0.0, Demand: 0.4, percentage: 0.0
Sink 40 non è soddisfatto. Flusso netto: 0.0, Demand: 0.5, percentage: 0.0
Sink 41 SODDISFATTO. Flusso netto: 1.0599999999999987, Demand: 1.06, percentage: 99.99999999999987
Sink 42 SODDISFATTO. Flusso netto: 2.8200000000000003, Demand: 2.82, percentage: 100.00000000000003
Sink 45 SODDISFATTO. Flusso netto: 0.68, Demand: 0.68, percentage: 100.0
Sink 46 SODDISFATTO. Flusso netto: 1.17, Demand: 1.17, percentage: 100.0
Sink 49 non è soddisfatto. Flusso netto: 6.497999999999999, Demand: 7.0, percentage: 92.82857142857142
Flusso totale entrante nei SINK: 55.32000000000001
Flusso totale uscente nei SINK: 29.072
Flusso totale netto nei SINK: 26.248000000000008
Total DEMAND dei SINK: 46.44
Percentual di flusso ai SINK: 0.5652024117140398
Numero di Sink soddisfatti: 13.0, numero totale di sink: 25.0
Percentuale di Sink soddisfatti: 0.52

---------------------------------- DAY 263

Update Fixed Elements from Intrinsic Faults
Update Fixed Elements from Heavy Faults
Update Fixed Elements from Attack
Propagate Intrinsic Fault
Node NODO_19 has still failing due to Intrinsic Fault
Node NODO_11 has still failing due to Intrinsic Fault
pipeline ARCO_35 still has reduced capacity: 0.0 due to Intrinsic Fault
pipeline ARCO_109 still has reduced capacity: 0.0 due to Intrinsic Fault
pipeline ARCO_110 still has reduced capacity: 0.0 due to Intrinsic Fault
pipeline V_EDGE_53_17 still has reduced capacity: 0.0 due to Intrinsic Fault
pipeline ARCO_39 still has reduced capacity: 0.0 due to Intrinsic Fault
pipeline ARCO_40 still has reduced capacity: 0.0 due to Intrinsic Fault
pipeline ARCO_105 still has reduced capacity: 0.0 due to Intrinsic Fault
pipeline ARCO_3 still has reduced capacity: 9.688 due to Intrinsic Fault
pipeline ARCO_90 still has reduced capacity: 1.6 due to Intrinsic Fault
pipeline ARCO_91 still has reduced capacity: 9.688 due to Intrinsic Fault
pipeline ARCO_92 still has reduced capacity: 39.328 due to Intrinsic Fault
pipeline V_EDGE_53_9 still has reduced capacity: 5.68 due to Intrinsic Fault
pipeline ARCO_20 still has reduced capacity: 1.6 due to Intrinsic Fault
pipeline ARCO_21 still has reduced capacity: 9.688 due to Intrinsic Fault
pipeline ARCO_22 still has reduced capacity: 39.328 due to Intrinsic Fault
pipeline ARCO_73 still has reduced capacity: 9.688 due to Intrinsic Fault
Propagate Heavy Faults
Propagate Attacks
Inject Intrinsic Failure To Source
Inject Heavy Fault To Sources
Inject Attack Multiple To Source
Inject Intrinsic Fault To Pipeline
Inject Heavy Fault To Pipeline
Inject Attack To Pipeline
----------- Statistics ------------
	Sources Under Attack: 0
	Sources with Heavy Fault: 0
	Sources with Intrinsic Fault: 2
	Arcs with reduce capacity due to Attack: 0
	Arcs with reduce capacity due to Heavy Fault: 0
	Arcs with reduce capacity due to Intrinsic Fault: 16
	Arcs with Attacks: 0
	Arcs with Heavy Fault: 0
	Arcs with Intrinsic Fault: 0
--------- SOURCES STATISTICS ---------------
Demand del real Source[0]: -31.0, flusso erogato: 16.296, flusso entrante: 0.0, efficienza: 52.567741935483866 %
Demand del real Source[8]: -10.5, flusso erogato: 4.2719999999999985, flusso entrante: 0.0, efficienza: 40.68571428571427 %
Demand del real Source[9]: -7.1, flusso erogato: 20.976, flusso entrante: 15.296000000000001, efficienza: 295.4366197183099 %
Demand del real Source[17]: -25.0, flusso erogato: 0.0, flusso entrante: 0.0, efficienza: 0.0 %
Flusso totale entrante nei Real Source: 15.296000000000001
Flusso totale uscente dai Real Source: 41.544000000000004
Flusso netto sui real Source: -26.248000000000005
--- SINKS STATISTICS ---
Sink 3 SODDISFATTO. Flusso netto: 3.43, Demand: 3.43, percentage: 100.0
Sink 4 SODDISFATTO. Flusso netto: 0.5700000000000003, Demand: 0.57, percentage: 100.00000000000007
Sink 5 SODDISFATTO. Flusso netto: 0.6600000000000001, Demand: 0.66, percentage: 100.00000000000003
Sink 11 SODDISFATTO. Flusso netto: 1.03, Demand: 1.03, percentage: 100.0
Sink 15 SODDISFATTO. Flusso netto: 0.45999999999999996, Demand: 0.46, percentage: 99.99999999999999
Sink 16 non è soddisfatto. Flusso netto: 2.83, Demand: 8.4, percentage: 33.69047619047619
Sink 19 non è soddisfatto. Flusso netto: 0.0, Demand: 0.54, percentage: 0.0
Sink 23 non è soddisfatto. Flusso netto: 0.0, Demand: 0.6, percentage: 0.0
Sink 24 non è soddisfatto. Flusso netto: 0.0, Demand: 0.8, percentage: 0.0
Sink 25 non è soddisfatto. Flusso netto: 0.0, Demand: 3.5, percentage: 0.0
Sink 26 non è soddisfatto. Flusso netto: 0.0, Demand: 6.0, percentage: 0.0
Sink 28 non è soddisfatto. Flusso netto: 0.0, Demand: 0.4, percentage: 0.0
Sink 30 non è soddisfatto. Flusso netto: 0.0, Demand: 0.98, percentage: 0.0
Sink 31 non è soddisfatto. Flusso netto: 0.0, Demand: 0.4, percentage: 0.0
Sink 32 SODDISFATTO. Flusso netto: 1.0000000000000009, Demand: 1.0, percentage: 100.00000000000009
Sink 34 SODDISFATTO. Flusso netto: 1.74, Demand: 1.74, percentage: 100.0
Sink 35 SODDISFATTO. Flusso netto: 1.3, Demand: 1.3, percentage: 100.0
Sink 37 SODDISFATTO. Flusso netto: 1.0, Demand: 1.0, percentage: 100.0
Sink 39 non è soddisfatto. Flusso netto: 0.0, Demand: 0.4, percentage: 0.0
Sink 40 non è soddisfatto. Flusso netto: 0.0, Demand: 0.5, percentage: 0.0
Sink 41 SODDISFATTO. Flusso netto: 1.0599999999999987, Demand: 1.06, percentage: 99.99999999999987
Sink 42 SODDISFATTO. Flusso netto: 2.8200000000000003, Demand: 2.82, percentage: 100.00000000000003
Sink 45 SODDISFATTO. Flusso netto: 0.68, Demand: 0.68, percentage: 100.0
Sink 46 SODDISFATTO. Flusso netto: 1.17, Demand: 1.17, percentage: 100.0
Sink 49 non è soddisfatto. Flusso netto: 6.497999999999999, Demand: 7.0, percentage: 92.82857142857142
Flusso totale entrante nei SINK: 55.32000000000001
Flusso totale uscente nei SINK: 29.072
Flusso totale netto nei SINK: 26.248000000000008
Total DEMAND dei SINK: 46.44
Percentual di flusso ai SINK: 0.5652024117140398
Numero di Sink soddisfatti: 13.0, numero totale di sink: 25.0
Percentuale di Sink soddisfatti: 0.52

---------------------------------- DAY 264

Update Fixed Elements from Intrinsic Faults
Source NODO_19 fixed from Intrinsic Fault
Pipeline ARCO_35 fixed due to Source NODO_19 fixing from Intrinsic Fault
Pipeline ARCO_109 fixed due to Source NODO_19 fixing from Intrinsic Fault
Pipeline ARCO_110 fixed due to Source NODO_19 fixing from Intrinsic Fault
Pipeline V_EDGE_53_17 fixed due to Source NODO_19 fixing from Intrinsic Fault
Pipeline ARCO_39 fixed due to Source NODO_19 fixing from Intrinsic Fault
Pipeline ARCO_40 fixed due to Source NODO_19 fixing from Intrinsic Fault
Pipeline ARCO_105 fixed due to Source NODO_19 fixing from Intrinsic Fault
Source NODO_11 fixed from Intrinsic Fault
Pipeline ARCO_3 fixed due to Source NODO_11 fixing from Intrinsic Fault
Pipeline ARCO_90 fixed due to Source NODO_11 fixing from Intrinsic Fault
Pipeline ARCO_91 fixed due to Source NODO_11 fixing from Intrinsic Fault
Pipeline ARCO_92 fixed due to Source NODO_11 fixing from Intrinsic Fault
Pipeline V_EDGE_53_9 fixed due to Source NODO_11 fixing from Intrinsic Fault
Pipeline ARCO_20 fixed due to Source NODO_11 fixing from Intrinsic Fault
Pipeline ARCO_21 fixed due to Source NODO_11 fixing from Intrinsic Fault
Pipeline ARCO_22 fixed due to Source NODO_11 fixing from Intrinsic Fault
Pipeline ARCO_73 fixed due to Source NODO_11 fixing from Intrinsic Fault
Update Fixed Elements from Heavy Faults
Update Fixed Elements from Attack
Propagate Intrinsic Fault
Propagate Heavy Faults
Propagate Attacks
Inject Intrinsic Failure To Source
Inject Heavy Fault To Sources
Inject Attack Multiple To Source
Inject Intrinsic Fault To Pipeline
Inject Heavy Fault To Pipeline
Inject Attack To Pipeline
----------- Statistics ------------
	Sources Under Attack: 0
	Sources with Heavy Fault: 0
	Sources with Intrinsic Fault: 0
	Arcs with reduce capacity due to Attack: 0
	Arcs with reduce capacity due to Heavy Fault: 0
	Arcs with reduce capacity due to Intrinsic Fault: 0
	Arcs with Attacks: 0
	Arcs with Heavy Fault: 0
	Arcs with Intrinsic Fault: 0
--------- SOURCES STATISTICS ---------------
Demand del real Source[0]: -31.0, flusso erogato: 10.129999999999997, flusso entrante: 0.0, efficienza: 32.6774193548387 %
Demand del real Source[8]: -10.5, flusso erogato: 3.8600000000000003, flusso entrante: 0.0, efficienza: 36.76190476190476 %
Demand del real Source[9]: -7.1, flusso erogato: 16.229999999999997, flusso entrante: 9.129999999999997, efficienza: 228.59154929577463 %
Demand del real Source[17]: -25.0, flusso erogato: 25.000000000000007, flusso entrante: 0.0, efficienza: 100.00000000000003 %
Flusso totale entrante nei Real Source: 9.129999999999997
Flusso totale uscente dai Real Source: 55.220000000000006
Flusso netto sui real Source: -46.09000000000001
--- SINKS STATISTICS ---
Sink 3 SODDISFATTO. Flusso netto: 3.43, Demand: 3.43, percentage: 100.0
Sink 4 SODDISFATTO. Flusso netto: 0.5700000000000003, Demand: 0.57, percentage: 100.00000000000007
Sink 5 SODDISFATTO. Flusso netto: 0.6600000000000001, Demand: 0.66, percentage: 100.00000000000003
Sink 11 SODDISFATTO. Flusso netto: 1.03, Demand: 1.03, percentage: 100.0
Sink 15 SODDISFATTO. Flusso netto: 0.46, Demand: 0.46, percentage: 100.0
Sink 16 SODDISFATTO. Flusso netto: 8.400000000000002, Demand: 8.4, percentage: 100.00000000000003
Sink 19 SODDISFATTO. Flusso netto: 0.5399999999999991, Demand: 0.54, percentage: 99.99999999999983
Sink 23 SODDISFATTO. Flusso netto: 0.5999999999999999, Demand: 0.6, percentage: 99.99999999999997
Sink 24 SODDISFATTO. Flusso netto: 0.8, Demand: 0.8, percentage: 100.0
Sink 25 SODDISFATTO. Flusso netto: 3.5, Demand: 3.5, percentage: 100.0
Sink 26 SODDISFATTO. Flusso netto: 6.000000000000002, Demand: 6.0, percentage: 100.00000000000003
Sink 28 SODDISFATTO. Flusso netto: 0.4, Demand: 0.4, percentage: 100.0
Sink 30 SODDISFATTO. Flusso netto: 0.9799999999999986, Demand: 0.98, percentage: 99.99999999999987
Sink 31 SODDISFATTO. Flusso netto: 0.4, Demand: 0.4, percentage: 100.0
Sink 32 SODDISFATTO. Flusso netto: 0.9999999999999996, Demand: 1.0, percentage: 99.99999999999996
Sink 34 SODDISFATTO. Flusso netto: 1.74, Demand: 1.74, percentage: 100.0
Sink 35 SODDISFATTO. Flusso netto: 1.3, Demand: 1.3, percentage: 100.0
Sink 37 SODDISFATTO. Flusso netto: 1.0, Demand: 1.0, percentage: 100.0
Sink 39 SODDISFATTO. Flusso netto: 0.4, Demand: 0.4, percentage: 100.0
Sink 40 SODDISFATTO. Flusso netto: 0.5, Demand: 0.5, percentage: 100.0
Sink 41 SODDISFATTO. Flusso netto: 1.06, Demand: 1.06, percentage: 100.0
Sink 42 SODDISFATTO. Flusso netto: 2.8199999999999994, Demand: 2.82, percentage: 99.99999999999999
Sink 45 SODDISFATTO. Flusso netto: 0.68, Demand: 0.68, percentage: 100.0
Sink 46 SODDISFATTO. Flusso netto: 1.17, Demand: 1.17, percentage: 100.0
Sink 49 non è soddisfatto. Flusso netto: 6.6499999999999995, Demand: 7.0, percentage: 95.0
Flusso totale entrante nei SINK: 92.61000000000001
Flusso totale uscente nei SINK: 46.52
Flusso totale netto nei SINK: 46.09000000000001
Total DEMAND dei SINK: 46.44
Percentual di flusso ai SINK: 0.9924633936261846
Numero di Sink soddisfatti: 24.0, numero totale di sink: 25.0
Percentuale di Sink soddisfatti: 0.96

---------------------------------- DAY 265

Update Fixed Elements from Intrinsic Faults
Update Fixed Elements from Heavy Faults
Update Fixed Elements from Attack
Propagate Intrinsic Fault
Propagate Heavy Faults
Propagate Attacks
Inject Intrinsic Failure To Source
Inject Heavy Fault To Sources
Inject Attack Multiple To Source
Inject Intrinsic Fault To Pipeline
Inject Heavy Fault To Pipeline
Inject Attack To Pipeline
----------- Statistics ------------
	Sources Under Attack: 0
	Sources with Heavy Fault: 0
	Sources with Intrinsic Fault: 0
	Arcs with reduce capacity due to Attack: 0
	Arcs with reduce capacity due to Heavy Fault: 0
	Arcs with reduce capacity due to Intrinsic Fault: 0
	Arcs with Attacks: 0
	Arcs with Heavy Fault: 0
	Arcs with Intrinsic Fault: 0
--------- SOURCES STATISTICS ---------------
Demand del real Source[0]: -31.0, flusso erogato: 10.129999999999997, flusso entrante: 0.0, efficienza: 32.6774193548387 %
Demand del real Source[8]: -10.5, flusso erogato: 3.8600000000000003, flusso entrante: 0.0, efficienza: 36.76190476190476 %
Demand del real Source[9]: -7.1, flusso erogato: 16.229999999999997, flusso entrante: 9.129999999999997, efficienza: 228.59154929577463 %
Demand del real Source[17]: -25.0, flusso erogato: 25.000000000000007, flusso entrante: 0.0, efficienza: 100.00000000000003 %
Flusso totale entrante nei Real Source: 9.129999999999997
Flusso totale uscente dai Real Source: 55.220000000000006
Flusso netto sui real Source: -46.09000000000001
--- SINKS STATISTICS ---
Sink 3 SODDISFATTO. Flusso netto: 3.43, Demand: 3.43, percentage: 100.0
Sink 4 SODDISFATTO. Flusso netto: 0.5700000000000003, Demand: 0.57, percentage: 100.00000000000007
Sink 5 SODDISFATTO. Flusso netto: 0.6600000000000001, Demand: 0.66, percentage: 100.00000000000003
Sink 11 SODDISFATTO. Flusso netto: 1.03, Demand: 1.03, percentage: 100.0
Sink 15 SODDISFATTO. Flusso netto: 0.46, Demand: 0.46, percentage: 100.0
Sink 16 SODDISFATTO. Flusso netto: 8.400000000000002, Demand: 8.4, percentage: 100.00000000000003
Sink 19 SODDISFATTO. Flusso netto: 0.5399999999999991, Demand: 0.54, percentage: 99.99999999999983
Sink 23 SODDISFATTO. Flusso netto: 0.5999999999999999, Demand: 0.6, percentage: 99.99999999999997
Sink 24 SODDISFATTO. Flusso netto: 0.8, Demand: 0.8, percentage: 100.0
Sink 25 SODDISFATTO. Flusso netto: 3.5, Demand: 3.5, percentage: 100.0
Sink 26 SODDISFATTO. Flusso netto: 6.000000000000002, Demand: 6.0, percentage: 100.00000000000003
Sink 28 SODDISFATTO. Flusso netto: 0.4, Demand: 0.4, percentage: 100.0
Sink 30 SODDISFATTO. Flusso netto: 0.9799999999999986, Demand: 0.98, percentage: 99.99999999999987
Sink 31 SODDISFATTO. Flusso netto: 0.4, Demand: 0.4, percentage: 100.0
Sink 32 SODDISFATTO. Flusso netto: 0.9999999999999996, Demand: 1.0, percentage: 99.99999999999996
Sink 34 SODDISFATTO. Flusso netto: 1.74, Demand: 1.74, percentage: 100.0
Sink 35 SODDISFATTO. Flusso netto: 1.3, Demand: 1.3, percentage: 100.0
Sink 37 SODDISFATTO. Flusso netto: 1.0, Demand: 1.0, percentage: 100.0
Sink 39 SODDISFATTO. Flusso netto: 0.4, Demand: 0.4, percentage: 100.0
Sink 40 SODDISFATTO. Flusso netto: 0.5, Demand: 0.5, percentage: 100.0
Sink 41 SODDISFATTO. Flusso netto: 1.06, Demand: 1.06, percentage: 100.0
Sink 42 SODDISFATTO. Flusso netto: 2.8199999999999994, Demand: 2.82, percentage: 99.99999999999999
Sink 45 SODDISFATTO. Flusso netto: 0.68, Demand: 0.68, percentage: 100.0
Sink 46 SODDISFATTO. Flusso netto: 1.17, Demand: 1.17, percentage: 100.0
Sink 49 non è soddisfatto. Flusso netto: 6.6499999999999995, Demand: 7.0, percentage: 95.0
Flusso totale entrante nei SINK: 92.61000000000001
Flusso totale uscente nei SINK: 46.52
Flusso totale netto nei SINK: 46.09000000000001
Total DEMAND dei SINK: 46.44
Percentual di flusso ai SINK: 0.9924633936261846
Numero di Sink soddisfatti: 24.0, numero totale di sink: 25.0
Percentuale di Sink soddisfatti: 0.96

---------------------------------- DAY 266

Update Fixed Elements from Intrinsic Faults
Update Fixed Elements from Heavy Faults
Update Fixed Elements from Attack
Propagate Intrinsic Fault
Propagate Heavy Faults
Propagate Attacks
Inject Intrinsic Failure To Source
Inject Heavy Fault To Sources
Inject Attack Multiple To Source
Inject Intrinsic Fault To Pipeline
Inject Heavy Fault To Pipeline
Inject Attack To Pipeline
----------- Statistics ------------
	Sources Under Attack: 0
	Sources with Heavy Fault: 0
	Sources with Intrinsic Fault: 0
	Arcs with reduce capacity due to Attack: 0
	Arcs with reduce capacity due to Heavy Fault: 0
	Arcs with reduce capacity due to Intrinsic Fault: 0
	Arcs with Attacks: 0
	Arcs with Heavy Fault: 0
	Arcs with Intrinsic Fault: 0
--------- SOURCES STATISTICS ---------------
Demand del real Source[0]: -31.0, flusso erogato: 10.129999999999997, flusso entrante: 0.0, efficienza: 32.6774193548387 %
Demand del real Source[8]: -10.5, flusso erogato: 3.8600000000000003, flusso entrante: 0.0, efficienza: 36.76190476190476 %
Demand del real Source[9]: -7.1, flusso erogato: 16.229999999999997, flusso entrante: 9.129999999999997, efficienza: 228.59154929577463 %
Demand del real Source[17]: -25.0, flusso erogato: 25.000000000000007, flusso entrante: 0.0, efficienza: 100.00000000000003 %
Flusso totale entrante nei Real Source: 9.129999999999997
Flusso totale uscente dai Real Source: 55.220000000000006
Flusso netto sui real Source: -46.09000000000001
--- SINKS STATISTICS ---
Sink 3 SODDISFATTO. Flusso netto: 3.43, Demand: 3.43, percentage: 100.0
Sink 4 SODDISFATTO. Flusso netto: 0.5700000000000003, Demand: 0.57, percentage: 100.00000000000007
Sink 5 SODDISFATTO. Flusso netto: 0.6600000000000001, Demand: 0.66, percentage: 100.00000000000003
Sink 11 SODDISFATTO. Flusso netto: 1.03, Demand: 1.03, percentage: 100.0
Sink 15 SODDISFATTO. Flusso netto: 0.46, Demand: 0.46, percentage: 100.0
Sink 16 SODDISFATTO. Flusso netto: 8.400000000000002, Demand: 8.4, percentage: 100.00000000000003
Sink 19 SODDISFATTO. Flusso netto: 0.5399999999999991, Demand: 0.54, percentage: 99.99999999999983
Sink 23 SODDISFATTO. Flusso netto: 0.5999999999999999, Demand: 0.6, percentage: 99.99999999999997
Sink 24 SODDISFATTO. Flusso netto: 0.8, Demand: 0.8, percentage: 100.0
Sink 25 SODDISFATTO. Flusso netto: 3.5, Demand: 3.5, percentage: 100.0
Sink 26 SODDISFATTO. Flusso netto: 6.000000000000002, Demand: 6.0, percentage: 100.00000000000003
Sink 28 SODDISFATTO. Flusso netto: 0.4, Demand: 0.4, percentage: 100.0
Sink 30 SODDISFATTO. Flusso netto: 0.9799999999999986, Demand: 0.98, percentage: 99.99999999999987
Sink 31 SODDISFATTO. Flusso netto: 0.4, Demand: 0.4, percentage: 100.0
Sink 32 SODDISFATTO. Flusso netto: 0.9999999999999996, Demand: 1.0, percentage: 99.99999999999996
Sink 34 SODDISFATTO. Flusso netto: 1.74, Demand: 1.74, percentage: 100.0
Sink 35 SODDISFATTO. Flusso netto: 1.3, Demand: 1.3, percentage: 100.0
Sink 37 SODDISFATTO. Flusso netto: 1.0, Demand: 1.0, percentage: 100.0
Sink 39 SODDISFATTO. Flusso netto: 0.4, Demand: 0.4, percentage: 100.0
Sink 40 SODDISFATTO. Flusso netto: 0.5, Demand: 0.5, percentage: 100.0
Sink 41 SODDISFATTO. Flusso netto: 1.06, Demand: 1.06, percentage: 100.0
Sink 42 SODDISFATTO. Flusso netto: 2.8199999999999994, Demand: 2.82, percentage: 99.99999999999999
Sink 45 SODDISFATTO. Flusso netto: 0.68, Demand: 0.68, percentage: 100.0
Sink 46 SODDISFATTO. Flusso netto: 1.17, Demand: 1.17, percentage: 100.0
Sink 49 non è soddisfatto. Flusso netto: 6.6499999999999995, Demand: 7.0, percentage: 95.0
Flusso totale entrante nei SINK: 92.61000000000001
Flusso totale uscente nei SINK: 46.52
Flusso totale netto nei SINK: 46.09000000000001
Total DEMAND dei SINK: 46.44
Percentual di flusso ai SINK: 0.9924633936261846
Numero di Sink soddisfatti: 24.0, numero totale di sink: 25.0
Percentuale di Sink soddisfatti: 0.96

---------------------------------- DAY 267

Update Fixed Elements from Intrinsic Faults
Update Fixed Elements from Heavy Faults
Update Fixed Elements from Attack
Propagate Intrinsic Fault
Propagate Heavy Faults
Propagate Attacks
Inject Intrinsic Failure To Source
Source NODO_10 is failing for an Intrinsic Fault in day: 267
pipeline ARCO_17 has reduced capacity due to NODO_10 Intrinsic fault
pipeline ARCO_88 has reduced capacity due to NODO_10 Intrinsic fault
pipeline ARCO_89 has reduced capacity due to NODO_10 Intrinsic fault
pipeline V_EDGE_53_8 has reduced capacity due to NODO_10 Intrinsic fault
pipeline ARCO_18 has reduced capacity due to NODO_10 Intrinsic fault
pipeline ARCO_19 has reduced capacity due to NODO_10 Intrinsic fault
pipeline ARCO_87 has reduced capacity due to NODO_10 Intrinsic fault
Source NODO_11 is failing for an Intrinsic Fault in day: 267
pipeline ARCO_3 has reduced capacity due to NODO_11 Intrinsic fault
pipeline ARCO_90 has reduced capacity due to NODO_11 Intrinsic fault
pipeline ARCO_91 has reduced capacity due to NODO_11 Intrinsic fault
pipeline ARCO_92 has reduced capacity due to NODO_11 Intrinsic fault
pipeline V_EDGE_53_9 has reduced capacity due to NODO_11 Intrinsic fault
pipeline ARCO_20 has reduced capacity due to NODO_11 Intrinsic fault
pipeline ARCO_21 has reduced capacity due to NODO_11 Intrinsic fault
pipeline ARCO_22 has reduced capacity due to NODO_11 Intrinsic fault
pipeline ARCO_73 has reduced capacity due to NODO_11 Intrinsic fault
Inject Heavy Fault To Sources
Inject Attack Multiple To Source
Inject Intrinsic Fault To Pipeline
Inject Heavy Fault To Pipeline
Inject Attack To Pipeline
----------- Statistics ------------
	Sources Under Attack: 0
	Sources with Heavy Fault: 0
	Sources with Intrinsic Fault: 2
	Arcs with reduce capacity due to Attack: 0
	Arcs with reduce capacity due to Heavy Fault: 0
	Arcs with reduce capacity due to Intrinsic Fault: 16
	Arcs with Attacks: 0
	Arcs with Heavy Fault: 0
	Arcs with Intrinsic Fault: 0
--------- SOURCES STATISTICS ---------------
Demand del real Source[0]: -31.0, flusso erogato: 12.427999999999997, flusso entrante: 0.0, efficienza: 40.09032258064516 %
Demand del real Source[8]: -10.5, flusso erogato: 0.0, flusso entrante: 0.0, efficienza: 0.0 %
Demand del real Source[9]: -7.1, flusso erogato: 17.107999999999997, flusso entrante: 11.427999999999999, efficienza: 240.9577464788732 %
Demand del real Source[17]: -25.0, flusso erogato: 25.000000000000007, flusso entrante: 0.0, efficienza: 100.00000000000003 %
Flusso totale entrante nei Real Source: 11.427999999999999
Flusso totale uscente dai Real Source: 54.536
Flusso netto sui real Source: -43.108000000000004
--- SINKS STATISTICS ---
Sink 3 SODDISFATTO. Flusso netto: 3.43, Demand: 3.43, percentage: 100.0
Sink 4 SODDISFATTO. Flusso netto: 0.5700000000000003, Demand: 0.57, percentage: 100.00000000000007
Sink 5 SODDISFATTO. Flusso netto: 0.6599999999999997, Demand: 0.66, percentage: 99.99999999999994
Sink 11 SODDISFATTO. Flusso netto: 1.03, Demand: 1.03, percentage: 100.0
Sink 15 SODDISFATTO. Flusso netto: 0.46, Demand: 0.46, percentage: 100.0
Sink 16 SODDISFATTO. Flusso netto: 8.400000000000002, Demand: 8.4, percentage: 100.00000000000003
Sink 19 SODDISFATTO. Flusso netto: 0.5399999999999991, Demand: 0.54, percentage: 99.99999999999983
Sink 23 SODDISFATTO. Flusso netto: 0.5999999999999999, Demand: 0.6, percentage: 99.99999999999997
Sink 24 SODDISFATTO. Flusso netto: 0.8, Demand: 0.8, percentage: 100.0
Sink 25 SODDISFATTO. Flusso netto: 3.5, Demand: 3.5, percentage: 100.0
Sink 26 SODDISFATTO. Flusso netto: 6.000000000000002, Demand: 6.0, percentage: 100.00000000000003
Sink 28 SODDISFATTO. Flusso netto: 0.4, Demand: 0.4, percentage: 100.0
Sink 30 SODDISFATTO. Flusso netto: 0.9799999999999986, Demand: 0.98, percentage: 99.99999999999987
Sink 31 SODDISFATTO. Flusso netto: 0.4, Demand: 0.4, percentage: 100.0
Sink 32 SODDISFATTO. Flusso netto: 0.9999999999999996, Demand: 1.0, percentage: 99.99999999999996
Sink 34 SODDISFATTO. Flusso netto: 1.74, Demand: 1.74, percentage: 100.0
Sink 35 SODDISFATTO. Flusso netto: 1.3, Demand: 1.3, percentage: 100.0
Sink 37 SODDISFATTO. Flusso netto: 1.0, Demand: 1.0, percentage: 100.0
Sink 39 SODDISFATTO. Flusso netto: 0.4, Demand: 0.4, percentage: 100.0
Sink 40 SODDISFATTO. Flusso netto: 0.5, Demand: 0.5, percentage: 100.0
Sink 41 SODDISFATTO. Flusso netto: 1.0599999999999996, Demand: 1.06, percentage: 99.99999999999996
Sink 42 SODDISFATTO. Flusso netto: 2.8200000000000003, Demand: 2.82, percentage: 100.00000000000003
Sink 45 SODDISFATTO. Flusso netto: 0.68, Demand: 0.68, percentage: 100.0
Sink 46 SODDISFATTO. Flusso netto: 1.17, Demand: 1.17, percentage: 100.0
Sink 49 non è soddisfatto. Flusso netto: 3.6679999999999997, Demand: 7.0, percentage: 52.39999999999999
Flusso totale entrante nei SINK: 91.75200000000002
Flusso totale uscente nei SINK: 48.64399999999999
Flusso totale netto nei SINK: 43.10800000000003
Total DEMAND dei SINK: 46.44
Percentual di flusso ai SINK: 0.9282515073212755
Numero di Sink soddisfatti: 24.0, numero totale di sink: 25.0
Percentuale di Sink soddisfatti: 0.96

---------------------------------- DAY 268

Update Fixed Elements from Intrinsic Faults
Update Fixed Elements from Heavy Faults
Update Fixed Elements from Attack
Propagate Intrinsic Fault
Node NODO_10 has still failing due to Intrinsic Fault
Node NODO_11 has still failing due to Intrinsic Fault
pipeline ARCO_17 still has reduced capacity: 0.0 due to Intrinsic Fault
pipeline ARCO_88 still has reduced capacity: 0.0 due to Intrinsic Fault
pipeline ARCO_89 still has reduced capacity: 0.0 due to Intrinsic Fault
pipeline V_EDGE_53_8 still has reduced capacity: 0.0 due to Intrinsic Fault
pipeline ARCO_18 still has reduced capacity: 0.0 due to Intrinsic Fault
pipeline ARCO_19 still has reduced capacity: 0.0 due to Intrinsic Fault
pipeline ARCO_87 still has reduced capacity: 0.0 due to Intrinsic Fault
pipeline ARCO_3 still has reduced capacity: 9.688 due to Intrinsic Fault
pipeline ARCO_90 still has reduced capacity: 1.6 due to Intrinsic Fault
pipeline ARCO_91 still has reduced capacity: 9.688 due to Intrinsic Fault
pipeline ARCO_92 still has reduced capacity: 39.328 due to Intrinsic Fault
pipeline V_EDGE_53_9 still has reduced capacity: 5.68 due to Intrinsic Fault
pipeline ARCO_20 still has reduced capacity: 1.6 due to Intrinsic Fault
pipeline ARCO_21 still has reduced capacity: 9.688 due to Intrinsic Fault
pipeline ARCO_22 still has reduced capacity: 39.328 due to Intrinsic Fault
pipeline ARCO_73 still has reduced capacity: 9.688 due to Intrinsic Fault
Propagate Heavy Faults
Propagate Attacks
Inject Intrinsic Failure To Source
Inject Heavy Fault To Sources
Inject Attack Multiple To Source
Inject Intrinsic Fault To Pipeline
Inject Heavy Fault To Pipeline
Inject Attack To Pipeline
----------- Statistics ------------
	Sources Under Attack: 0
	Sources with Heavy Fault: 0
	Sources with Intrinsic Fault: 2
	Arcs with reduce capacity due to Attack: 0
	Arcs with reduce capacity due to Heavy Fault: 0
	Arcs with reduce capacity due to Intrinsic Fault: 16
	Arcs with Attacks: 0
	Arcs with Heavy Fault: 0
	Arcs with Intrinsic Fault: 0
--------- SOURCES STATISTICS ---------------
Demand del real Source[0]: -31.0, flusso erogato: 12.427999999999997, flusso entrante: 0.0, efficienza: 40.09032258064516 %
Demand del real Source[8]: -10.5, flusso erogato: 0.0, flusso entrante: 0.0, efficienza: 0.0 %
Demand del real Source[9]: -7.1, flusso erogato: 17.107999999999997, flusso entrante: 11.427999999999999, efficienza: 240.9577464788732 %
Demand del real Source[17]: -25.0, flusso erogato: 25.000000000000007, flusso entrante: 0.0, efficienza: 100.00000000000003 %
Flusso totale entrante nei Real Source: 11.427999999999999
Flusso totale uscente dai Real Source: 54.536
Flusso netto sui real Source: -43.108000000000004
--- SINKS STATISTICS ---
Sink 3 SODDISFATTO. Flusso netto: 3.43, Demand: 3.43, percentage: 100.0
Sink 4 SODDISFATTO. Flusso netto: 0.5700000000000003, Demand: 0.57, percentage: 100.00000000000007
Sink 5 SODDISFATTO. Flusso netto: 0.6599999999999997, Demand: 0.66, percentage: 99.99999999999994
Sink 11 SODDISFATTO. Flusso netto: 1.03, Demand: 1.03, percentage: 100.0
Sink 15 SODDISFATTO. Flusso netto: 0.46, Demand: 0.46, percentage: 100.0
Sink 16 SODDISFATTO. Flusso netto: 8.400000000000002, Demand: 8.4, percentage: 100.00000000000003
Sink 19 SODDISFATTO. Flusso netto: 0.5399999999999991, Demand: 0.54, percentage: 99.99999999999983
Sink 23 SODDISFATTO. Flusso netto: 0.5999999999999999, Demand: 0.6, percentage: 99.99999999999997
Sink 24 SODDISFATTO. Flusso netto: 0.8, Demand: 0.8, percentage: 100.0
Sink 25 SODDISFATTO. Flusso netto: 3.5, Demand: 3.5, percentage: 100.0
Sink 26 SODDISFATTO. Flusso netto: 6.000000000000002, Demand: 6.0, percentage: 100.00000000000003
Sink 28 SODDISFATTO. Flusso netto: 0.4, Demand: 0.4, percentage: 100.0
Sink 30 SODDISFATTO. Flusso netto: 0.9799999999999986, Demand: 0.98, percentage: 99.99999999999987
Sink 31 SODDISFATTO. Flusso netto: 0.4, Demand: 0.4, percentage: 100.0
Sink 32 SODDISFATTO. Flusso netto: 0.9999999999999996, Demand: 1.0, percentage: 99.99999999999996
Sink 34 SODDISFATTO. Flusso netto: 1.74, Demand: 1.74, percentage: 100.0
Sink 35 SODDISFATTO. Flusso netto: 1.3, Demand: 1.3, percentage: 100.0
Sink 37 SODDISFATTO. Flusso netto: 1.0, Demand: 1.0, percentage: 100.0
Sink 39 SODDISFATTO. Flusso netto: 0.4, Demand: 0.4, percentage: 100.0
Sink 40 SODDISFATTO. Flusso netto: 0.5, Demand: 0.5, percentage: 100.0
Sink 41 SODDISFATTO. Flusso netto: 1.0599999999999996, Demand: 1.06, percentage: 99.99999999999996
Sink 42 SODDISFATTO. Flusso netto: 2.8200000000000003, Demand: 2.82, percentage: 100.00000000000003
Sink 45 SODDISFATTO. Flusso netto: 0.68, Demand: 0.68, percentage: 100.0
Sink 46 SODDISFATTO. Flusso netto: 1.17, Demand: 1.17, percentage: 100.0
Sink 49 non è soddisfatto. Flusso netto: 3.6679999999999997, Demand: 7.0, percentage: 52.39999999999999
Flusso totale entrante nei SINK: 91.75200000000002
Flusso totale uscente nei SINK: 48.64399999999999
Flusso totale netto nei SINK: 43.10800000000003
Total DEMAND dei SINK: 46.44
Percentual di flusso ai SINK: 0.9282515073212755
Numero di Sink soddisfatti: 24.0, numero totale di sink: 25.0
Percentuale di Sink soddisfatti: 0.96

---------------------------------- DAY 269

Update Fixed Elements from Intrinsic Faults
Update Fixed Elements from Heavy Faults
Update Fixed Elements from Attack
Propagate Intrinsic Fault
Node NODO_10 has still failing due to Intrinsic Fault
Node NODO_11 has still failing due to Intrinsic Fault
pipeline ARCO_17 still has reduced capacity: 0.0 due to Intrinsic Fault
pipeline ARCO_88 still has reduced capacity: 0.0 due to Intrinsic Fault
pipeline ARCO_89 still has reduced capacity: 0.0 due to Intrinsic Fault
pipeline V_EDGE_53_8 still has reduced capacity: 0.0 due to Intrinsic Fault
pipeline ARCO_18 still has reduced capacity: 0.0 due to Intrinsic Fault
pipeline ARCO_19 still has reduced capacity: 0.0 due to Intrinsic Fault
pipeline ARCO_87 still has reduced capacity: 0.0 due to Intrinsic Fault
pipeline ARCO_3 still has reduced capacity: 9.688 due to Intrinsic Fault
pipeline ARCO_90 still has reduced capacity: 1.6 due to Intrinsic Fault
pipeline ARCO_91 still has reduced capacity: 9.688 due to Intrinsic Fault
pipeline ARCO_92 still has reduced capacity: 39.328 due to Intrinsic Fault
pipeline V_EDGE_53_9 still has reduced capacity: 5.68 due to Intrinsic Fault
pipeline ARCO_20 still has reduced capacity: 1.6 due to Intrinsic Fault
pipeline ARCO_21 still has reduced capacity: 9.688 due to Intrinsic Fault
pipeline ARCO_22 still has reduced capacity: 39.328 due to Intrinsic Fault
pipeline ARCO_73 still has reduced capacity: 9.688 due to Intrinsic Fault
Propagate Heavy Faults
Propagate Attacks
Inject Intrinsic Failure To Source
Source NODO_2 is failing for an Intrinsic Fault in day: 269
pipeline ARCO_70 has reduced capacity due to NODO_2 Intrinsic fault
pipeline V_EDGE_53_0 has reduced capacity due to NODO_2 Intrinsic fault
pipeline ARCO_0 has reduced capacity due to NODO_2 Intrinsic fault
Inject Heavy Fault To Sources
Inject Attack Multiple To Source
Inject Intrinsic Fault To Pipeline
Inject Heavy Fault To Pipeline
Inject Attack To Pipeline
----------- Statistics ------------
	Sources Under Attack: 0
	Sources with Heavy Fault: 0
	Sources with Intrinsic Fault: 3
	Arcs with reduce capacity due to Attack: 0
	Arcs with reduce capacity due to Heavy Fault: 0
	Arcs with reduce capacity due to Intrinsic Fault: 19
	Arcs with Attacks: 0
	Arcs with Heavy Fault: 0
	Arcs with Intrinsic Fault: 0
--------- SOURCES STATISTICS ---------------
Demand del real Source[0]: -31.0, flusso erogato: 12.427999999999997, flusso entrante: 0.0, efficienza: 40.09032258064516 %
Demand del real Source[8]: -10.5, flusso erogato: 0.0, flusso entrante: 0.0, efficienza: 0.0 %
Demand del real Source[9]: -7.1, flusso erogato: 17.107999999999997, flusso entrante: 11.427999999999999, efficienza: 240.9577464788732 %
Demand del real Source[17]: -25.0, flusso erogato: 25.000000000000007, flusso entrante: 0.0, efficienza: 100.00000000000003 %
Flusso totale entrante nei Real Source: 11.427999999999999
Flusso totale uscente dai Real Source: 54.536
Flusso netto sui real Source: -43.108000000000004
--- SINKS STATISTICS ---
Sink 3 SODDISFATTO. Flusso netto: 3.43, Demand: 3.43, percentage: 100.0
Sink 4 SODDISFATTO. Flusso netto: 0.5700000000000003, Demand: 0.57, percentage: 100.00000000000007
Sink 5 SODDISFATTO. Flusso netto: 0.6599999999999997, Demand: 0.66, percentage: 99.99999999999994
Sink 11 SODDISFATTO. Flusso netto: 1.03, Demand: 1.03, percentage: 100.0
Sink 15 SODDISFATTO. Flusso netto: 0.46, Demand: 0.46, percentage: 100.0
Sink 16 SODDISFATTO. Flusso netto: 8.400000000000002, Demand: 8.4, percentage: 100.00000000000003
Sink 19 SODDISFATTO. Flusso netto: 0.5399999999999991, Demand: 0.54, percentage: 99.99999999999983
Sink 23 SODDISFATTO. Flusso netto: 0.5999999999999999, Demand: 0.6, percentage: 99.99999999999997
Sink 24 SODDISFATTO. Flusso netto: 0.8, Demand: 0.8, percentage: 100.0
Sink 25 SODDISFATTO. Flusso netto: 3.5, Demand: 3.5, percentage: 100.0
Sink 26 SODDISFATTO. Flusso netto: 6.000000000000002, Demand: 6.0, percentage: 100.00000000000003
Sink 28 SODDISFATTO. Flusso netto: 0.4, Demand: 0.4, percentage: 100.0
Sink 30 SODDISFATTO. Flusso netto: 0.9799999999999986, Demand: 0.98, percentage: 99.99999999999987
Sink 31 SODDISFATTO. Flusso netto: 0.4, Demand: 0.4, percentage: 100.0
Sink 32 SODDISFATTO. Flusso netto: 0.9999999999999996, Demand: 1.0, percentage: 99.99999999999996
Sink 34 SODDISFATTO. Flusso netto: 1.74, Demand: 1.74, percentage: 100.0
Sink 35 SODDISFATTO. Flusso netto: 1.3, Demand: 1.3, percentage: 100.0
Sink 37 SODDISFATTO. Flusso netto: 1.0, Demand: 1.0, percentage: 100.0
Sink 39 SODDISFATTO. Flusso netto: 0.4, Demand: 0.4, percentage: 100.0
Sink 40 SODDISFATTO. Flusso netto: 0.5, Demand: 0.5, percentage: 100.0
Sink 41 SODDISFATTO. Flusso netto: 1.0599999999999996, Demand: 1.06, percentage: 99.99999999999996
Sink 42 SODDISFATTO. Flusso netto: 2.8200000000000003, Demand: 2.82, percentage: 100.00000000000003
Sink 45 SODDISFATTO. Flusso netto: 0.68, Demand: 0.68, percentage: 100.0
Sink 46 SODDISFATTO. Flusso netto: 1.17, Demand: 1.17, percentage: 100.0
Sink 49 non è soddisfatto. Flusso netto: 3.6679999999999997, Demand: 7.0, percentage: 52.39999999999999
Flusso totale entrante nei SINK: 91.75200000000002
Flusso totale uscente nei SINK: 48.64399999999999
Flusso totale netto nei SINK: 43.10800000000003
Total DEMAND dei SINK: 46.44
Percentual di flusso ai SINK: 0.9282515073212755
Numero di Sink soddisfatti: 24.0, numero totale di sink: 25.0
Percentuale di Sink soddisfatti: 0.96

---------------------------------- DAY 270

Update Fixed Elements from Intrinsic Faults
Source NODO_11 fixed from Intrinsic Fault
Pipeline ARCO_3 fixed due to Source NODO_11 fixing from Intrinsic Fault
Pipeline ARCO_90 fixed due to Source NODO_11 fixing from Intrinsic Fault
Pipeline ARCO_91 fixed due to Source NODO_11 fixing from Intrinsic Fault
Pipeline ARCO_92 fixed due to Source NODO_11 fixing from Intrinsic Fault
Pipeline V_EDGE_53_9 fixed due to Source NODO_11 fixing from Intrinsic Fault
Pipeline ARCO_20 fixed due to Source NODO_11 fixing from Intrinsic Fault
Pipeline ARCO_21 fixed due to Source NODO_11 fixing from Intrinsic Fault
Pipeline ARCO_22 fixed due to Source NODO_11 fixing from Intrinsic Fault
Pipeline ARCO_73 fixed due to Source NODO_11 fixing from Intrinsic Fault
Update Fixed Elements from Heavy Faults
Update Fixed Elements from Attack
Propagate Intrinsic Fault
Node NODO_10 has still failing due to Intrinsic Fault
Node NODO_2 has still failing due to Intrinsic Fault
pipeline ARCO_17 still has reduced capacity: 0.0 due to Intrinsic Fault
pipeline ARCO_88 still has reduced capacity: 0.0 due to Intrinsic Fault
pipeline ARCO_89 still has reduced capacity: 0.0 due to Intrinsic Fault
pipeline V_EDGE_53_8 still has reduced capacity: 0.0 due to Intrinsic Fault
pipeline ARCO_18 still has reduced capacity: 0.0 due to Intrinsic Fault
pipeline ARCO_19 still has reduced capacity: 0.0 due to Intrinsic Fault
pipeline ARCO_87 still has reduced capacity: 0.0 due to Intrinsic Fault
pipeline ARCO_70 still has reduced capacity: 24.8 due to Intrinsic Fault
pipeline V_EDGE_53_0 still has reduced capacity: 24.8 due to Intrinsic Fault
pipeline ARCO_0 still has reduced capacity: 24.8 due to Intrinsic Fault
Propagate Heavy Faults
Propagate Attacks
Inject Intrinsic Failure To Source
Inject Heavy Fault To Sources
Inject Attack Multiple To Source
Inject Intrinsic Fault To Pipeline
Inject Heavy Fault To Pipeline
Inject Attack To Pipeline
----------- Statistics ------------
	Sources Under Attack: 0
	Sources with Heavy Fault: 0
	Sources with Intrinsic Fault: 2
	Arcs with reduce capacity due to Attack: 0
	Arcs with reduce capacity due to Heavy Fault: 0
	Arcs with reduce capacity due to Intrinsic Fault: 10
	Arcs with Attacks: 0
	Arcs with Heavy Fault: 0
	Arcs with Intrinsic Fault: 0
--------- SOURCES STATISTICS ---------------
Demand del real Source[0]: -31.0, flusso erogato: 11.159999999999998, flusso entrante: 0.0, efficienza: 35.99999999999999 %
Demand del real Source[8]: -10.5, flusso erogato: 0.0, flusso entrante: 0.0, efficienza: 0.0 %
Demand del real Source[9]: -7.1, flusso erogato: 17.259999999999998, flusso entrante: 10.159999999999998, efficienza: 243.09859154929575 %
Demand del real Source[17]: -25.0, flusso erogato: 25.000000000000007, flusso entrante: 0.0, efficienza: 100.00000000000003 %
Flusso totale entrante nei Real Source: 10.159999999999998
Flusso totale uscente dai Real Source: 53.42
Flusso netto sui real Source: -43.260000000000005
--- SINKS STATISTICS ---
Sink 3 SODDISFATTO. Flusso netto: 3.43, Demand: 3.43, percentage: 100.0
Sink 4 SODDISFATTO. Flusso netto: 0.5700000000000003, Demand: 0.57, percentage: 100.00000000000007
Sink 5 SODDISFATTO. Flusso netto: 0.6599999999999997, Demand: 0.66, percentage: 99.99999999999994
Sink 11 SODDISFATTO. Flusso netto: 1.03, Demand: 1.03, percentage: 100.0
Sink 15 SODDISFATTO. Flusso netto: 0.46, Demand: 0.46, percentage: 100.0
Sink 16 SODDISFATTO. Flusso netto: 8.400000000000002, Demand: 8.4, percentage: 100.00000000000003
Sink 19 SODDISFATTO. Flusso netto: 0.5399999999999991, Demand: 0.54, percentage: 99.99999999999983
Sink 23 SODDISFATTO. Flusso netto: 0.5999999999999999, Demand: 0.6, percentage: 99.99999999999997
Sink 24 SODDISFATTO. Flusso netto: 0.8, Demand: 0.8, percentage: 100.0
Sink 25 SODDISFATTO. Flusso netto: 3.5, Demand: 3.5, percentage: 100.0
Sink 26 SODDISFATTO. Flusso netto: 6.000000000000002, Demand: 6.0, percentage: 100.00000000000003
Sink 28 SODDISFATTO. Flusso netto: 0.4, Demand: 0.4, percentage: 100.0
Sink 30 SODDISFATTO. Flusso netto: 0.9799999999999986, Demand: 0.98, percentage: 99.99999999999987
Sink 31 SODDISFATTO. Flusso netto: 0.4, Demand: 0.4, percentage: 100.0
Sink 32 SODDISFATTO. Flusso netto: 0.9999999999999996, Demand: 1.0, percentage: 99.99999999999996
Sink 34 SODDISFATTO. Flusso netto: 1.74, Demand: 1.74, percentage: 100.0
Sink 35 SODDISFATTO. Flusso netto: 1.3, Demand: 1.3, percentage: 100.0
Sink 37 SODDISFATTO. Flusso netto: 1.0, Demand: 1.0, percentage: 100.0
Sink 39 SODDISFATTO. Flusso netto: 0.4, Demand: 0.4, percentage: 100.0
Sink 40 SODDISFATTO. Flusso netto: 0.5, Demand: 0.5, percentage: 100.0
Sink 41 SODDISFATTO. Flusso netto: 1.06, Demand: 1.06, percentage: 100.0
Sink 42 SODDISFATTO. Flusso netto: 2.8199999999999994, Demand: 2.82, percentage: 99.99999999999999
Sink 45 SODDISFATTO. Flusso netto: 0.68, Demand: 0.68, percentage: 100.0
Sink 46 SODDISFATTO. Flusso netto: 1.17, Demand: 1.17, percentage: 100.0
Sink 49 non è soddisfatto. Flusso netto: 3.82, Demand: 7.0, percentage: 54.57142857142857
Flusso totale entrante nei SINK: 89.12
Flusso totale uscente nei SINK: 45.86000000000001
Flusso totale netto nei SINK: 43.26
Total DEMAND dei SINK: 46.44
Percentual di flusso ai SINK: 0.9315245478036176
Numero di Sink soddisfatti: 24.0, numero totale di sink: 25.0
Percentuale di Sink soddisfatti: 0.96

---------------------------------- DAY 271

Update Fixed Elements from Intrinsic Faults
Update Fixed Elements from Heavy Faults
Update Fixed Elements from Attack
Propagate Intrinsic Fault
Node NODO_10 has still failing due to Intrinsic Fault
Node NODO_2 has still failing due to Intrinsic Fault
pipeline ARCO_17 still has reduced capacity: 0.0 due to Intrinsic Fault
pipeline ARCO_88 still has reduced capacity: 0.0 due to Intrinsic Fault
pipeline ARCO_89 still has reduced capacity: 0.0 due to Intrinsic Fault
pipeline V_EDGE_53_8 still has reduced capacity: 0.0 due to Intrinsic Fault
pipeline ARCO_18 still has reduced capacity: 0.0 due to Intrinsic Fault
pipeline ARCO_19 still has reduced capacity: 0.0 due to Intrinsic Fault
pipeline ARCO_87 still has reduced capacity: 0.0 due to Intrinsic Fault
pipeline ARCO_70 still has reduced capacity: 24.8 due to Intrinsic Fault
pipeline V_EDGE_53_0 still has reduced capacity: 24.8 due to Intrinsic Fault
pipeline ARCO_0 still has reduced capacity: 24.8 due to Intrinsic Fault
Propagate Heavy Faults
Propagate Attacks
Inject Intrinsic Failure To Source
Source NODO_11 is failing for an Intrinsic Fault in day: 271
pipeline ARCO_3 has reduced capacity due to NODO_11 Intrinsic fault
pipeline ARCO_90 has reduced capacity due to NODO_11 Intrinsic fault
pipeline ARCO_91 has reduced capacity due to NODO_11 Intrinsic fault
pipeline ARCO_92 has reduced capacity due to NODO_11 Intrinsic fault
pipeline V_EDGE_53_9 has reduced capacity due to NODO_11 Intrinsic fault
pipeline ARCO_20 has reduced capacity due to NODO_11 Intrinsic fault
pipeline ARCO_21 has reduced capacity due to NODO_11 Intrinsic fault
pipeline ARCO_22 has reduced capacity due to NODO_11 Intrinsic fault
pipeline ARCO_73 has reduced capacity due to NODO_11 Intrinsic fault
Inject Heavy Fault To Sources
Inject Attack Multiple To Source
Inject Intrinsic Fault To Pipeline
Inject Heavy Fault To Pipeline
Inject Attack To Pipeline
----------- Statistics ------------
	Sources Under Attack: 0
	Sources with Heavy Fault: 0
	Sources with Intrinsic Fault: 3
	Arcs with reduce capacity due to Attack: 0
	Arcs with reduce capacity due to Heavy Fault: 0
	Arcs with reduce capacity due to Intrinsic Fault: 19
	Arcs with Attacks: 0
	Arcs with Heavy Fault: 0
	Arcs with Intrinsic Fault: 0
--------- SOURCES STATISTICS ---------------
Demand del real Source[0]: -31.0, flusso erogato: 12.427999999999997, flusso entrante: 0.0, efficienza: 40.09032258064516 %
Demand del real Source[8]: -10.5, flusso erogato: 0.0, flusso entrante: 0.0, efficienza: 0.0 %
Demand del real Source[9]: -7.1, flusso erogato: 17.107999999999997, flusso entrante: 11.427999999999999, efficienza: 240.9577464788732 %
Demand del real Source[17]: -25.0, flusso erogato: 25.000000000000007, flusso entrante: 0.0, efficienza: 100.00000000000003 %
Flusso totale entrante nei Real Source: 11.427999999999999
Flusso totale uscente dai Real Source: 54.536
Flusso netto sui real Source: -43.108000000000004
--- SINKS STATISTICS ---
Sink 3 SODDISFATTO. Flusso netto: 3.43, Demand: 3.43, percentage: 100.0
Sink 4 SODDISFATTO. Flusso netto: 0.5700000000000003, Demand: 0.57, percentage: 100.00000000000007
Sink 5 SODDISFATTO. Flusso netto: 0.6599999999999997, Demand: 0.66, percentage: 99.99999999999994
Sink 11 SODDISFATTO. Flusso netto: 1.03, Demand: 1.03, percentage: 100.0
Sink 15 SODDISFATTO. Flusso netto: 0.46, Demand: 0.46, percentage: 100.0
Sink 16 SODDISFATTO. Flusso netto: 8.400000000000002, Demand: 8.4, percentage: 100.00000000000003
Sink 19 SODDISFATTO. Flusso netto: 0.5399999999999991, Demand: 0.54, percentage: 99.99999999999983
Sink 23 SODDISFATTO. Flusso netto: 0.5999999999999999, Demand: 0.6, percentage: 99.99999999999997
Sink 24 SODDISFATTO. Flusso netto: 0.8, Demand: 0.8, percentage: 100.0
Sink 25 SODDISFATTO. Flusso netto: 3.5, Demand: 3.5, percentage: 100.0
Sink 26 SODDISFATTO. Flusso netto: 6.000000000000002, Demand: 6.0, percentage: 100.00000000000003
Sink 28 SODDISFATTO. Flusso netto: 0.4, Demand: 0.4, percentage: 100.0
Sink 30 SODDISFATTO. Flusso netto: 0.9799999999999986, Demand: 0.98, percentage: 99.99999999999987
Sink 31 SODDISFATTO. Flusso netto: 0.4, Demand: 0.4, percentage: 100.0
Sink 32 SODDISFATTO. Flusso netto: 0.9999999999999996, Demand: 1.0, percentage: 99.99999999999996
Sink 34 SODDISFATTO. Flusso netto: 1.74, Demand: 1.74, percentage: 100.0
Sink 35 SODDISFATTO. Flusso netto: 1.3, Demand: 1.3, percentage: 100.0
Sink 37 SODDISFATTO. Flusso netto: 1.0, Demand: 1.0, percentage: 100.0
Sink 39 SODDISFATTO. Flusso netto: 0.4, Demand: 0.4, percentage: 100.0
Sink 40 SODDISFATTO. Flusso netto: 0.5, Demand: 0.5, percentage: 100.0
Sink 41 SODDISFATTO. Flusso netto: 1.0599999999999996, Demand: 1.06, percentage: 99.99999999999996
Sink 42 SODDISFATTO. Flusso netto: 2.8200000000000003, Demand: 2.82, percentage: 100.00000000000003
Sink 45 SODDISFATTO. Flusso netto: 0.68, Demand: 0.68, percentage: 100.0
Sink 46 SODDISFATTO. Flusso netto: 1.17, Demand: 1.17, percentage: 100.0
Sink 49 non è soddisfatto. Flusso netto: 3.6679999999999997, Demand: 7.0, percentage: 52.39999999999999
Flusso totale entrante nei SINK: 91.75200000000002
Flusso totale uscente nei SINK: 48.64399999999999
Flusso totale netto nei SINK: 43.10800000000003
Total DEMAND dei SINK: 46.44
Percentual di flusso ai SINK: 0.9282515073212755
Numero di Sink soddisfatti: 24.0, numero totale di sink: 25.0
Percentuale di Sink soddisfatti: 0.96

---------------------------------- DAY 272

Update Fixed Elements from Intrinsic Faults
Source NODO_10 fixed from Intrinsic Fault
Pipeline ARCO_17 fixed due to Source NODO_10 fixing from Intrinsic Fault
Pipeline ARCO_88 fixed due to Source NODO_10 fixing from Intrinsic Fault
Pipeline ARCO_89 fixed due to Source NODO_10 fixing from Intrinsic Fault
Pipeline V_EDGE_53_8 fixed due to Source NODO_10 fixing from Intrinsic Fault
Pipeline ARCO_18 fixed due to Source NODO_10 fixing from Intrinsic Fault
Pipeline ARCO_19 fixed due to Source NODO_10 fixing from Intrinsic Fault
Pipeline ARCO_87 fixed due to Source NODO_10 fixing from Intrinsic Fault
Source NODO_2 fixed from Intrinsic Fault
Pipeline ARCO_70 fixed due to Source NODO_2 fixing from Intrinsic Fault
Pipeline V_EDGE_53_0 fixed due to Source NODO_2 fixing from Intrinsic Fault
Pipeline ARCO_0 fixed due to Source NODO_2 fixing from Intrinsic Fault
Update Fixed Elements from Heavy Faults
Update Fixed Elements from Attack
Propagate Intrinsic Fault
Node NODO_11 has still failing due to Intrinsic Fault
pipeline ARCO_3 still has reduced capacity: 9.688 due to Intrinsic Fault
pipeline ARCO_90 still has reduced capacity: 1.6 due to Intrinsic Fault
pipeline ARCO_91 still has reduced capacity: 9.688 due to Intrinsic Fault
pipeline ARCO_92 still has reduced capacity: 39.328 due to Intrinsic Fault
pipeline V_EDGE_53_9 still has reduced capacity: 5.68 due to Intrinsic Fault
pipeline ARCO_20 still has reduced capacity: 1.6 due to Intrinsic Fault
pipeline ARCO_21 still has reduced capacity: 9.688 due to Intrinsic Fault
pipeline ARCO_22 still has reduced capacity: 39.328 due to Intrinsic Fault
pipeline ARCO_73 still has reduced capacity: 9.688 due to Intrinsic Fault
Propagate Heavy Faults
Propagate Attacks
Inject Intrinsic Failure To Source
Inject Heavy Fault To Sources
Inject Attack Multiple To Source
Inject Intrinsic Fault To Pipeline
Inject Heavy Fault To Pipeline
Inject Attack To Pipeline
----------- Statistics ------------
	Sources Under Attack: 0
	Sources with Heavy Fault: 0
	Sources with Intrinsic Fault: 1
	Arcs with reduce capacity due to Attack: 0
	Arcs with reduce capacity due to Heavy Fault: 0
	Arcs with reduce capacity due to Intrinsic Fault: 9
	Arcs with Attacks: 0
	Arcs with Heavy Fault: 0
	Arcs with Intrinsic Fault: 0
--------- SOURCES STATISTICS ---------------
Demand del real Source[0]: -31.0, flusso erogato: 11.397999999999998, flusso entrante: 0.0, efficienza: 36.76774193548387 %
Demand del real Source[8]: -10.5, flusso erogato: 3.8600000000000003, flusso entrante: 0.0, efficienza: 36.76190476190476 %
Demand del real Source[9]: -7.1, flusso erogato: 16.077999999999996, flusso entrante: 10.397999999999998, efficienza: 226.45070422535207 %
Demand del real Source[17]: -25.0, flusso erogato: 25.000000000000007, flusso entrante: 0.0, efficienza: 100.00000000000003 %
Flusso totale entrante nei Real Source: 10.397999999999998
Flusso totale uscente dai Real Source: 56.336000000000006
Flusso netto sui real Source: -45.93800000000001
--- SINKS STATISTICS ---
Sink 3 SODDISFATTO. Flusso netto: 3.43, Demand: 3.43, percentage: 100.0
Sink 4 SODDISFATTO. Flusso netto: 0.5700000000000003, Demand: 0.57, percentage: 100.00000000000007
Sink 5 SODDISFATTO. Flusso netto: 0.6600000000000001, Demand: 0.66, percentage: 100.00000000000003
Sink 11 SODDISFATTO. Flusso netto: 1.03, Demand: 1.03, percentage: 100.0
Sink 15 SODDISFATTO. Flusso netto: 0.46, Demand: 0.46, percentage: 100.0
Sink 16 SODDISFATTO. Flusso netto: 8.400000000000002, Demand: 8.4, percentage: 100.00000000000003
Sink 19 SODDISFATTO. Flusso netto: 0.5399999999999991, Demand: 0.54, percentage: 99.99999999999983
Sink 23 SODDISFATTO. Flusso netto: 0.5999999999999999, Demand: 0.6, percentage: 99.99999999999997
Sink 24 SODDISFATTO. Flusso netto: 0.8, Demand: 0.8, percentage: 100.0
Sink 25 SODDISFATTO. Flusso netto: 3.5, Demand: 3.5, percentage: 100.0
Sink 26 SODDISFATTO. Flusso netto: 6.000000000000002, Demand: 6.0, percentage: 100.00000000000003
Sink 28 SODDISFATTO. Flusso netto: 0.4, Demand: 0.4, percentage: 100.0
Sink 30 SODDISFATTO. Flusso netto: 0.9799999999999986, Demand: 0.98, percentage: 99.99999999999987
Sink 31 SODDISFATTO. Flusso netto: 0.4, Demand: 0.4, percentage: 100.0
Sink 32 SODDISFATTO. Flusso netto: 0.9999999999999996, Demand: 1.0, percentage: 99.99999999999996
Sink 34 SODDISFATTO. Flusso netto: 1.74, Demand: 1.74, percentage: 100.0
Sink 35 SODDISFATTO. Flusso netto: 1.3, Demand: 1.3, percentage: 100.0
Sink 37 SODDISFATTO. Flusso netto: 1.0, Demand: 1.0, percentage: 100.0
Sink 39 SODDISFATTO. Flusso netto: 0.4, Demand: 0.4, percentage: 100.0
Sink 40 SODDISFATTO. Flusso netto: 0.5, Demand: 0.5, percentage: 100.0
Sink 41 SODDISFATTO. Flusso netto: 1.0599999999999996, Demand: 1.06, percentage: 99.99999999999996
Sink 42 SODDISFATTO. Flusso netto: 2.8200000000000003, Demand: 2.82, percentage: 100.00000000000003
Sink 45 SODDISFATTO. Flusso netto: 0.68, Demand: 0.68, percentage: 100.0
Sink 46 SODDISFATTO. Flusso netto: 1.17, Demand: 1.17, percentage: 100.0
Sink 49 non è soddisfatto. Flusso netto: 6.497999999999999, Demand: 7.0, percentage: 92.82857142857142
Flusso totale entrante nei SINK: 95.24200000000002
Flusso totale uscente nei SINK: 49.304
Flusso totale netto nei SINK: 45.93800000000002
Total DEMAND dei SINK: 46.44
Percentual di flusso ai SINK: 0.989190353143842
Numero di Sink soddisfatti: 24.0, numero totale di sink: 25.0
Percentuale di Sink soddisfatti: 0.96

---------------------------------- DAY 273

Update Fixed Elements from Intrinsic Faults
Update Fixed Elements from Heavy Faults
Update Fixed Elements from Attack
Propagate Intrinsic Fault
Node NODO_11 has still failing due to Intrinsic Fault
pipeline ARCO_3 still has reduced capacity: 9.688 due to Intrinsic Fault
pipeline ARCO_90 still has reduced capacity: 1.6 due to Intrinsic Fault
pipeline ARCO_91 still has reduced capacity: 9.688 due to Intrinsic Fault
pipeline ARCO_92 still has reduced capacity: 39.328 due to Intrinsic Fault
pipeline V_EDGE_53_9 still has reduced capacity: 5.68 due to Intrinsic Fault
pipeline ARCO_20 still has reduced capacity: 1.6 due to Intrinsic Fault
pipeline ARCO_21 still has reduced capacity: 9.688 due to Intrinsic Fault
pipeline ARCO_22 still has reduced capacity: 39.328 due to Intrinsic Fault
pipeline ARCO_73 still has reduced capacity: 9.688 due to Intrinsic Fault
Propagate Heavy Faults
Propagate Attacks
Inject Intrinsic Failure To Source
Source NODO_10 is failing for an Intrinsic Fault in day: 273
pipeline ARCO_17 has reduced capacity due to NODO_10 Intrinsic fault
pipeline ARCO_88 has reduced capacity due to NODO_10 Intrinsic fault
pipeline ARCO_89 has reduced capacity due to NODO_10 Intrinsic fault
pipeline V_EDGE_53_8 has reduced capacity due to NODO_10 Intrinsic fault
pipeline ARCO_18 has reduced capacity due to NODO_10 Intrinsic fault
pipeline ARCO_19 has reduced capacity due to NODO_10 Intrinsic fault
pipeline ARCO_87 has reduced capacity due to NODO_10 Intrinsic fault
Inject Heavy Fault To Sources
Inject Attack Multiple To Source
Inject Intrinsic Fault To Pipeline
Inject Heavy Fault To Pipeline
Inject Attack To Pipeline
----------- Statistics ------------
	Sources Under Attack: 0
	Sources with Heavy Fault: 0
	Sources with Intrinsic Fault: 2
	Arcs with reduce capacity due to Attack: 0
	Arcs with reduce capacity due to Heavy Fault: 0
	Arcs with reduce capacity due to Intrinsic Fault: 16
	Arcs with Attacks: 0
	Arcs with Heavy Fault: 0
	Arcs with Intrinsic Fault: 0
--------- SOURCES STATISTICS ---------------
Demand del real Source[0]: -31.0, flusso erogato: 12.427999999999997, flusso entrante: 0.0, efficienza: 40.09032258064516 %
Demand del real Source[8]: -10.5, flusso erogato: 0.0, flusso entrante: 0.0, efficienza: 0.0 %
Demand del real Source[9]: -7.1, flusso erogato: 17.107999999999997, flusso entrante: 11.427999999999999, efficienza: 240.9577464788732 %
Demand del real Source[17]: -25.0, flusso erogato: 25.000000000000007, flusso entrante: 0.0, efficienza: 100.00000000000003 %
Flusso totale entrante nei Real Source: 11.427999999999999
Flusso totale uscente dai Real Source: 54.536
Flusso netto sui real Source: -43.108000000000004
--- SINKS STATISTICS ---
Sink 3 SODDISFATTO. Flusso netto: 3.43, Demand: 3.43, percentage: 100.0
Sink 4 SODDISFATTO. Flusso netto: 0.5700000000000003, Demand: 0.57, percentage: 100.00000000000007
Sink 5 SODDISFATTO. Flusso netto: 0.6599999999999997, Demand: 0.66, percentage: 99.99999999999994
Sink 11 SODDISFATTO. Flusso netto: 1.03, Demand: 1.03, percentage: 100.0
Sink 15 SODDISFATTO. Flusso netto: 0.46, Demand: 0.46, percentage: 100.0
Sink 16 SODDISFATTO. Flusso netto: 8.400000000000002, Demand: 8.4, percentage: 100.00000000000003
Sink 19 SODDISFATTO. Flusso netto: 0.5399999999999991, Demand: 0.54, percentage: 99.99999999999983
Sink 23 SODDISFATTO. Flusso netto: 0.5999999999999999, Demand: 0.6, percentage: 99.99999999999997
Sink 24 SODDISFATTO. Flusso netto: 0.8, Demand: 0.8, percentage: 100.0
Sink 25 SODDISFATTO. Flusso netto: 3.5, Demand: 3.5, percentage: 100.0
Sink 26 SODDISFATTO. Flusso netto: 6.000000000000002, Demand: 6.0, percentage: 100.00000000000003
Sink 28 SODDISFATTO. Flusso netto: 0.4, Demand: 0.4, percentage: 100.0
Sink 30 SODDISFATTO. Flusso netto: 0.9799999999999986, Demand: 0.98, percentage: 99.99999999999987
Sink 31 SODDISFATTO. Flusso netto: 0.4, Demand: 0.4, percentage: 100.0
Sink 32 SODDISFATTO. Flusso netto: 0.9999999999999996, Demand: 1.0, percentage: 99.99999999999996
Sink 34 SODDISFATTO. Flusso netto: 1.74, Demand: 1.74, percentage: 100.0
Sink 35 SODDISFATTO. Flusso netto: 1.3, Demand: 1.3, percentage: 100.0
Sink 37 SODDISFATTO. Flusso netto: 1.0, Demand: 1.0, percentage: 100.0
Sink 39 SODDISFATTO. Flusso netto: 0.4, Demand: 0.4, percentage: 100.0
Sink 40 SODDISFATTO. Flusso netto: 0.5, Demand: 0.5, percentage: 100.0
Sink 41 SODDISFATTO. Flusso netto: 1.0599999999999996, Demand: 1.06, percentage: 99.99999999999996
Sink 42 SODDISFATTO. Flusso netto: 2.8200000000000003, Demand: 2.82, percentage: 100.00000000000003
Sink 45 SODDISFATTO. Flusso netto: 0.68, Demand: 0.68, percentage: 100.0
Sink 46 SODDISFATTO. Flusso netto: 1.17, Demand: 1.17, percentage: 100.0
Sink 49 non è soddisfatto. Flusso netto: 3.6679999999999997, Demand: 7.0, percentage: 52.39999999999999
Flusso totale entrante nei SINK: 91.75200000000002
Flusso totale uscente nei SINK: 48.64399999999999
Flusso totale netto nei SINK: 43.10800000000003
Total DEMAND dei SINK: 46.44
Percentual di flusso ai SINK: 0.9282515073212755
Numero di Sink soddisfatti: 24.0, numero totale di sink: 25.0
Percentuale di Sink soddisfatti: 0.96

---------------------------------- DAY 274

Update Fixed Elements from Intrinsic Faults
Source NODO_11 fixed from Intrinsic Fault
Pipeline ARCO_3 fixed due to Source NODO_11 fixing from Intrinsic Fault
Pipeline ARCO_90 fixed due to Source NODO_11 fixing from Intrinsic Fault
Pipeline ARCO_91 fixed due to Source NODO_11 fixing from Intrinsic Fault
Pipeline ARCO_92 fixed due to Source NODO_11 fixing from Intrinsic Fault
Pipeline V_EDGE_53_9 fixed due to Source NODO_11 fixing from Intrinsic Fault
Pipeline ARCO_20 fixed due to Source NODO_11 fixing from Intrinsic Fault
Pipeline ARCO_21 fixed due to Source NODO_11 fixing from Intrinsic Fault
Pipeline ARCO_22 fixed due to Source NODO_11 fixing from Intrinsic Fault
Pipeline ARCO_73 fixed due to Source NODO_11 fixing from Intrinsic Fault
Update Fixed Elements from Heavy Faults
Update Fixed Elements from Attack
Propagate Intrinsic Fault
Node NODO_10 has still failing due to Intrinsic Fault
pipeline ARCO_17 still has reduced capacity: 0.0 due to Intrinsic Fault
pipeline ARCO_88 still has reduced capacity: 0.0 due to Intrinsic Fault
pipeline ARCO_89 still has reduced capacity: 0.0 due to Intrinsic Fault
pipeline V_EDGE_53_8 still has reduced capacity: 0.0 due to Intrinsic Fault
pipeline ARCO_18 still has reduced capacity: 0.0 due to Intrinsic Fault
pipeline ARCO_19 still has reduced capacity: 0.0 due to Intrinsic Fault
pipeline ARCO_87 still has reduced capacity: 0.0 due to Intrinsic Fault
Propagate Heavy Faults
Propagate Attacks
Inject Intrinsic Failure To Source
Inject Heavy Fault To Sources
Inject Attack Multiple To Source
Inject Intrinsic Fault To Pipeline
Inject Heavy Fault To Pipeline
Inject Attack To Pipeline
----------- Statistics ------------
	Sources Under Attack: 0
	Sources with Heavy Fault: 0
	Sources with Intrinsic Fault: 1
	Arcs with reduce capacity due to Attack: 0
	Arcs with reduce capacity due to Heavy Fault: 0
	Arcs with reduce capacity due to Intrinsic Fault: 7
	Arcs with Attacks: 0
	Arcs with Heavy Fault: 0
	Arcs with Intrinsic Fault: 0
--------- SOURCES STATISTICS ---------------
Demand del real Source[0]: -31.0, flusso erogato: 11.159999999999998, flusso entrante: 0.0, efficienza: 35.99999999999999 %
Demand del real Source[8]: -10.5, flusso erogato: 0.0, flusso entrante: 0.0, efficienza: 0.0 %
Demand del real Source[9]: -7.1, flusso erogato: 17.259999999999998, flusso entrante: 10.159999999999998, efficienza: 243.09859154929575 %
Demand del real Source[17]: -25.0, flusso erogato: 25.000000000000007, flusso entrante: 0.0, efficienza: 100.00000000000003 %
Flusso totale entrante nei Real Source: 10.159999999999998
Flusso totale uscente dai Real Source: 53.42
Flusso netto sui real Source: -43.260000000000005
--- SINKS STATISTICS ---
Sink 3 SODDISFATTO. Flusso netto: 3.43, Demand: 3.43, percentage: 100.0
Sink 4 SODDISFATTO. Flusso netto: 0.5700000000000003, Demand: 0.57, percentage: 100.00000000000007
Sink 5 SODDISFATTO. Flusso netto: 0.6599999999999997, Demand: 0.66, percentage: 99.99999999999994
Sink 11 SODDISFATTO. Flusso netto: 1.03, Demand: 1.03, percentage: 100.0
Sink 15 SODDISFATTO. Flusso netto: 0.46, Demand: 0.46, percentage: 100.0
Sink 16 SODDISFATTO. Flusso netto: 8.400000000000002, Demand: 8.4, percentage: 100.00000000000003
Sink 19 SODDISFATTO. Flusso netto: 0.5399999999999991, Demand: 0.54, percentage: 99.99999999999983
Sink 23 SODDISFATTO. Flusso netto: 0.5999999999999999, Demand: 0.6, percentage: 99.99999999999997
Sink 24 SODDISFATTO. Flusso netto: 0.8, Demand: 0.8, percentage: 100.0
Sink 25 SODDISFATTO. Flusso netto: 3.5, Demand: 3.5, percentage: 100.0
Sink 26 SODDISFATTO. Flusso netto: 6.000000000000002, Demand: 6.0, percentage: 100.00000000000003
Sink 28 SODDISFATTO. Flusso netto: 0.4, Demand: 0.4, percentage: 100.0
Sink 30 SODDISFATTO. Flusso netto: 0.9799999999999986, Demand: 0.98, percentage: 99.99999999999987
Sink 31 SODDISFATTO. Flusso netto: 0.4, Demand: 0.4, percentage: 100.0
Sink 32 SODDISFATTO. Flusso netto: 0.9999999999999996, Demand: 1.0, percentage: 99.99999999999996
Sink 34 SODDISFATTO. Flusso netto: 1.74, Demand: 1.74, percentage: 100.0
Sink 35 SODDISFATTO. Flusso netto: 1.3, Demand: 1.3, percentage: 100.0
Sink 37 SODDISFATTO. Flusso netto: 1.0, Demand: 1.0, percentage: 100.0
Sink 39 SODDISFATTO. Flusso netto: 0.4, Demand: 0.4, percentage: 100.0
Sink 40 SODDISFATTO. Flusso netto: 0.5, Demand: 0.5, percentage: 100.0
Sink 41 SODDISFATTO. Flusso netto: 1.06, Demand: 1.06, percentage: 100.0
Sink 42 SODDISFATTO. Flusso netto: 2.8199999999999994, Demand: 2.82, percentage: 99.99999999999999
Sink 45 SODDISFATTO. Flusso netto: 0.68, Demand: 0.68, percentage: 100.0
Sink 46 SODDISFATTO. Flusso netto: 1.17, Demand: 1.17, percentage: 100.0
Sink 49 non è soddisfatto. Flusso netto: 3.82, Demand: 7.0, percentage: 54.57142857142857
Flusso totale entrante nei SINK: 89.12
Flusso totale uscente nei SINK: 45.86000000000001
Flusso totale netto nei SINK: 43.26
Total DEMAND dei SINK: 46.44
Percentual di flusso ai SINK: 0.9315245478036176
Numero di Sink soddisfatti: 24.0, numero totale di sink: 25.0
Percentuale di Sink soddisfatti: 0.96

---------------------------------- DAY 275

Update Fixed Elements from Intrinsic Faults
Update Fixed Elements from Heavy Faults
Update Fixed Elements from Attack
Propagate Intrinsic Fault
Node NODO_10 has still failing due to Intrinsic Fault
pipeline ARCO_17 still has reduced capacity: 0.0 due to Intrinsic Fault
pipeline ARCO_88 still has reduced capacity: 0.0 due to Intrinsic Fault
pipeline ARCO_89 still has reduced capacity: 0.0 due to Intrinsic Fault
pipeline V_EDGE_53_8 still has reduced capacity: 0.0 due to Intrinsic Fault
pipeline ARCO_18 still has reduced capacity: 0.0 due to Intrinsic Fault
pipeline ARCO_19 still has reduced capacity: 0.0 due to Intrinsic Fault
pipeline ARCO_87 still has reduced capacity: 0.0 due to Intrinsic Fault
Propagate Heavy Faults
Propagate Attacks
Inject Intrinsic Failure To Source
Inject Heavy Fault To Sources
Inject Attack Multiple To Source
Inject Intrinsic Fault To Pipeline
Inject Heavy Fault To Pipeline
Inject Attack To Pipeline
----------- Statistics ------------
	Sources Under Attack: 0
	Sources with Heavy Fault: 0
	Sources with Intrinsic Fault: 1
	Arcs with reduce capacity due to Attack: 0
	Arcs with reduce capacity due to Heavy Fault: 0
	Arcs with reduce capacity due to Intrinsic Fault: 7
	Arcs with Attacks: 0
	Arcs with Heavy Fault: 0
	Arcs with Intrinsic Fault: 0
--------- SOURCES STATISTICS ---------------
Demand del real Source[0]: -31.0, flusso erogato: 11.159999999999998, flusso entrante: 0.0, efficienza: 35.99999999999999 %
Demand del real Source[8]: -10.5, flusso erogato: 0.0, flusso entrante: 0.0, efficienza: 0.0 %
Demand del real Source[9]: -7.1, flusso erogato: 17.259999999999998, flusso entrante: 10.159999999999998, efficienza: 243.09859154929575 %
Demand del real Source[17]: -25.0, flusso erogato: 25.000000000000007, flusso entrante: 0.0, efficienza: 100.00000000000003 %
Flusso totale entrante nei Real Source: 10.159999999999998
Flusso totale uscente dai Real Source: 53.42
Flusso netto sui real Source: -43.260000000000005
--- SINKS STATISTICS ---
Sink 3 SODDISFATTO. Flusso netto: 3.43, Demand: 3.43, percentage: 100.0
Sink 4 SODDISFATTO. Flusso netto: 0.5700000000000003, Demand: 0.57, percentage: 100.00000000000007
Sink 5 SODDISFATTO. Flusso netto: 0.6599999999999997, Demand: 0.66, percentage: 99.99999999999994
Sink 11 SODDISFATTO. Flusso netto: 1.03, Demand: 1.03, percentage: 100.0
Sink 15 SODDISFATTO. Flusso netto: 0.46, Demand: 0.46, percentage: 100.0
Sink 16 SODDISFATTO. Flusso netto: 8.400000000000002, Demand: 8.4, percentage: 100.00000000000003
Sink 19 SODDISFATTO. Flusso netto: 0.5399999999999991, Demand: 0.54, percentage: 99.99999999999983
Sink 23 SODDISFATTO. Flusso netto: 0.5999999999999999, Demand: 0.6, percentage: 99.99999999999997
Sink 24 SODDISFATTO. Flusso netto: 0.8, Demand: 0.8, percentage: 100.0
Sink 25 SODDISFATTO. Flusso netto: 3.5, Demand: 3.5, percentage: 100.0
Sink 26 SODDISFATTO. Flusso netto: 6.000000000000002, Demand: 6.0, percentage: 100.00000000000003
Sink 28 SODDISFATTO. Flusso netto: 0.4, Demand: 0.4, percentage: 100.0
Sink 30 SODDISFATTO. Flusso netto: 0.9799999999999986, Demand: 0.98, percentage: 99.99999999999987
Sink 31 SODDISFATTO. Flusso netto: 0.4, Demand: 0.4, percentage: 100.0
Sink 32 SODDISFATTO. Flusso netto: 0.9999999999999996, Demand: 1.0, percentage: 99.99999999999996
Sink 34 SODDISFATTO. Flusso netto: 1.74, Demand: 1.74, percentage: 100.0
Sink 35 SODDISFATTO. Flusso netto: 1.3, Demand: 1.3, percentage: 100.0
Sink 37 SODDISFATTO. Flusso netto: 1.0, Demand: 1.0, percentage: 100.0
Sink 39 SODDISFATTO. Flusso netto: 0.4, Demand: 0.4, percentage: 100.0
Sink 40 SODDISFATTO. Flusso netto: 0.5, Demand: 0.5, percentage: 100.0
Sink 41 SODDISFATTO. Flusso netto: 1.06, Demand: 1.06, percentage: 100.0
Sink 42 SODDISFATTO. Flusso netto: 2.8199999999999994, Demand: 2.82, percentage: 99.99999999999999
Sink 45 SODDISFATTO. Flusso netto: 0.68, Demand: 0.68, percentage: 100.0
Sink 46 SODDISFATTO. Flusso netto: 1.17, Demand: 1.17, percentage: 100.0
Sink 49 non è soddisfatto. Flusso netto: 3.82, Demand: 7.0, percentage: 54.57142857142857
Flusso totale entrante nei SINK: 89.12
Flusso totale uscente nei SINK: 45.86000000000001
Flusso totale netto nei SINK: 43.26
Total DEMAND dei SINK: 46.44
Percentual di flusso ai SINK: 0.9315245478036176
Numero di Sink soddisfatti: 24.0, numero totale di sink: 25.0
Percentuale di Sink soddisfatti: 0.96

---------------------------------- DAY 276

Update Fixed Elements from Intrinsic Faults
Update Fixed Elements from Heavy Faults
Update Fixed Elements from Attack
Propagate Intrinsic Fault
Node NODO_10 has still failing due to Intrinsic Fault
pipeline ARCO_17 still has reduced capacity: 0.0 due to Intrinsic Fault
pipeline ARCO_88 still has reduced capacity: 0.0 due to Intrinsic Fault
pipeline ARCO_89 still has reduced capacity: 0.0 due to Intrinsic Fault
pipeline V_EDGE_53_8 still has reduced capacity: 0.0 due to Intrinsic Fault
pipeline ARCO_18 still has reduced capacity: 0.0 due to Intrinsic Fault
pipeline ARCO_19 still has reduced capacity: 0.0 due to Intrinsic Fault
pipeline ARCO_87 still has reduced capacity: 0.0 due to Intrinsic Fault
Propagate Heavy Faults
Propagate Attacks
Inject Intrinsic Failure To Source
Source NODO_10 is failing for an Intrinsic Fault in day: 276
pipeline ARCO_17 has reduced capacity due to NODO_10 Intrinsic fault
pipeline ARCO_88 has reduced capacity due to NODO_10 Intrinsic fault
pipeline ARCO_89 has reduced capacity due to NODO_10 Intrinsic fault
pipeline V_EDGE_53_8 has reduced capacity due to NODO_10 Intrinsic fault
pipeline ARCO_18 has reduced capacity due to NODO_10 Intrinsic fault
pipeline ARCO_19 has reduced capacity due to NODO_10 Intrinsic fault
pipeline ARCO_87 has reduced capacity due to NODO_10 Intrinsic fault
Inject Heavy Fault To Sources
Inject Attack Multiple To Source
Inject Intrinsic Fault To Pipeline
Inject Heavy Fault To Pipeline
Inject Attack To Pipeline
----------- Statistics ------------
	Sources Under Attack: 0
	Sources with Heavy Fault: 0
	Sources with Intrinsic Fault: 1
	Arcs with reduce capacity due to Attack: 0
	Arcs with reduce capacity due to Heavy Fault: 0
	Arcs with reduce capacity due to Intrinsic Fault: 7
	Arcs with Attacks: 0
	Arcs with Heavy Fault: 0
	Arcs with Intrinsic Fault: 0
--------- SOURCES STATISTICS ---------------
Demand del real Source[0]: -31.0, flusso erogato: 11.159999999999998, flusso entrante: 0.0, efficienza: 35.99999999999999 %
Demand del real Source[8]: -10.5, flusso erogato: 0.0, flusso entrante: 0.0, efficienza: 0.0 %
Demand del real Source[9]: -7.1, flusso erogato: 17.259999999999998, flusso entrante: 10.159999999999998, efficienza: 243.09859154929575 %
Demand del real Source[17]: -25.0, flusso erogato: 25.000000000000007, flusso entrante: 0.0, efficienza: 100.00000000000003 %
Flusso totale entrante nei Real Source: 10.159999999999998
Flusso totale uscente dai Real Source: 53.42
Flusso netto sui real Source: -43.260000000000005
--- SINKS STATISTICS ---
Sink 3 SODDISFATTO. Flusso netto: 3.43, Demand: 3.43, percentage: 100.0
Sink 4 SODDISFATTO. Flusso netto: 0.5700000000000003, Demand: 0.57, percentage: 100.00000000000007
Sink 5 SODDISFATTO. Flusso netto: 0.6599999999999997, Demand: 0.66, percentage: 99.99999999999994
Sink 11 SODDISFATTO. Flusso netto: 1.03, Demand: 1.03, percentage: 100.0
Sink 15 SODDISFATTO. Flusso netto: 0.46, Demand: 0.46, percentage: 100.0
Sink 16 SODDISFATTO. Flusso netto: 8.400000000000002, Demand: 8.4, percentage: 100.00000000000003
Sink 19 SODDISFATTO. Flusso netto: 0.5399999999999991, Demand: 0.54, percentage: 99.99999999999983
Sink 23 SODDISFATTO. Flusso netto: 0.5999999999999999, Demand: 0.6, percentage: 99.99999999999997
Sink 24 SODDISFATTO. Flusso netto: 0.8, Demand: 0.8, percentage: 100.0
Sink 25 SODDISFATTO. Flusso netto: 3.5, Demand: 3.5, percentage: 100.0
Sink 26 SODDISFATTO. Flusso netto: 6.000000000000002, Demand: 6.0, percentage: 100.00000000000003
Sink 28 SODDISFATTO. Flusso netto: 0.4, Demand: 0.4, percentage: 100.0
Sink 30 SODDISFATTO. Flusso netto: 0.9799999999999986, Demand: 0.98, percentage: 99.99999999999987
Sink 31 SODDISFATTO. Flusso netto: 0.4, Demand: 0.4, percentage: 100.0
Sink 32 SODDISFATTO. Flusso netto: 0.9999999999999996, Demand: 1.0, percentage: 99.99999999999996
Sink 34 SODDISFATTO. Flusso netto: 1.74, Demand: 1.74, percentage: 100.0
Sink 35 SODDISFATTO. Flusso netto: 1.3, Demand: 1.3, percentage: 100.0
Sink 37 SODDISFATTO. Flusso netto: 1.0, Demand: 1.0, percentage: 100.0
Sink 39 SODDISFATTO. Flusso netto: 0.4, Demand: 0.4, percentage: 100.0
Sink 40 SODDISFATTO. Flusso netto: 0.5, Demand: 0.5, percentage: 100.0
Sink 41 SODDISFATTO. Flusso netto: 1.06, Demand: 1.06, percentage: 100.0
Sink 42 SODDISFATTO. Flusso netto: 2.8199999999999994, Demand: 2.82, percentage: 99.99999999999999
Sink 45 SODDISFATTO. Flusso netto: 0.68, Demand: 0.68, percentage: 100.0
Sink 46 SODDISFATTO. Flusso netto: 1.17, Demand: 1.17, percentage: 100.0
Sink 49 non è soddisfatto. Flusso netto: 3.82, Demand: 7.0, percentage: 54.57142857142857
Flusso totale entrante nei SINK: 89.12
Flusso totale uscente nei SINK: 45.86000000000001
Flusso totale netto nei SINK: 43.26
Total DEMAND dei SINK: 46.44
Percentual di flusso ai SINK: 0.9315245478036176
Numero di Sink soddisfatti: 24.0, numero totale di sink: 25.0
Percentuale di Sink soddisfatti: 0.96

---------------------------------- DAY 277

Update Fixed Elements from Intrinsic Faults
Update Fixed Elements from Heavy Faults
Update Fixed Elements from Attack
Propagate Intrinsic Fault
Node NODO_10 has still failing due to Intrinsic Fault
pipeline ARCO_17 still has reduced capacity: 0.0 due to Intrinsic Fault
pipeline ARCO_88 still has reduced capacity: 0.0 due to Intrinsic Fault
pipeline ARCO_89 still has reduced capacity: 0.0 due to Intrinsic Fault
pipeline V_EDGE_53_8 still has reduced capacity: 0.0 due to Intrinsic Fault
pipeline ARCO_18 still has reduced capacity: 0.0 due to Intrinsic Fault
pipeline ARCO_19 still has reduced capacity: 0.0 due to Intrinsic Fault
pipeline ARCO_87 still has reduced capacity: 0.0 due to Intrinsic Fault
Propagate Heavy Faults
Propagate Attacks
Inject Intrinsic Failure To Source
Source NODO_11 is failing for an Intrinsic Fault in day: 277
pipeline ARCO_3 has reduced capacity due to NODO_11 Intrinsic fault
pipeline ARCO_90 has reduced capacity due to NODO_11 Intrinsic fault
pipeline ARCO_91 has reduced capacity due to NODO_11 Intrinsic fault
pipeline ARCO_92 has reduced capacity due to NODO_11 Intrinsic fault
pipeline V_EDGE_53_9 has reduced capacity due to NODO_11 Intrinsic fault
pipeline ARCO_20 has reduced capacity due to NODO_11 Intrinsic fault
pipeline ARCO_21 has reduced capacity due to NODO_11 Intrinsic fault
pipeline ARCO_22 has reduced capacity due to NODO_11 Intrinsic fault
pipeline ARCO_73 has reduced capacity due to NODO_11 Intrinsic fault
Inject Heavy Fault To Sources
Inject Attack Multiple To Source
Inject Intrinsic Fault To Pipeline
Inject Heavy Fault To Pipeline
Inject Attack To Pipeline
----------- Statistics ------------
	Sources Under Attack: 0
	Sources with Heavy Fault: 0
	Sources with Intrinsic Fault: 2
	Arcs with reduce capacity due to Attack: 0
	Arcs with reduce capacity due to Heavy Fault: 0
	Arcs with reduce capacity due to Intrinsic Fault: 16
	Arcs with Attacks: 0
	Arcs with Heavy Fault: 0
	Arcs with Intrinsic Fault: 0
--------- SOURCES STATISTICS ---------------
Demand del real Source[0]: -31.0, flusso erogato: 12.427999999999997, flusso entrante: 0.0, efficienza: 40.09032258064516 %
Demand del real Source[8]: -10.5, flusso erogato: 0.0, flusso entrante: 0.0, efficienza: 0.0 %
Demand del real Source[9]: -7.1, flusso erogato: 17.107999999999997, flusso entrante: 11.427999999999999, efficienza: 240.9577464788732 %
Demand del real Source[17]: -25.0, flusso erogato: 25.000000000000007, flusso entrante: 0.0, efficienza: 100.00000000000003 %
Flusso totale entrante nei Real Source: 11.427999999999999
Flusso totale uscente dai Real Source: 54.536
Flusso netto sui real Source: -43.108000000000004
--- SINKS STATISTICS ---
Sink 3 SODDISFATTO. Flusso netto: 3.43, Demand: 3.43, percentage: 100.0
Sink 4 SODDISFATTO. Flusso netto: 0.5700000000000003, Demand: 0.57, percentage: 100.00000000000007
Sink 5 SODDISFATTO. Flusso netto: 0.6599999999999997, Demand: 0.66, percentage: 99.99999999999994
Sink 11 SODDISFATTO. Flusso netto: 1.03, Demand: 1.03, percentage: 100.0
Sink 15 SODDISFATTO. Flusso netto: 0.46, Demand: 0.46, percentage: 100.0
Sink 16 SODDISFATTO. Flusso netto: 8.400000000000002, Demand: 8.4, percentage: 100.00000000000003
Sink 19 SODDISFATTO. Flusso netto: 0.5399999999999991, Demand: 0.54, percentage: 99.99999999999983
Sink 23 SODDISFATTO. Flusso netto: 0.5999999999999999, Demand: 0.6, percentage: 99.99999999999997
Sink 24 SODDISFATTO. Flusso netto: 0.8, Demand: 0.8, percentage: 100.0
Sink 25 SODDISFATTO. Flusso netto: 3.5, Demand: 3.5, percentage: 100.0
Sink 26 SODDISFATTO. Flusso netto: 6.000000000000002, Demand: 6.0, percentage: 100.00000000000003
Sink 28 SODDISFATTO. Flusso netto: 0.4, Demand: 0.4, percentage: 100.0
Sink 30 SODDISFATTO. Flusso netto: 0.9799999999999986, Demand: 0.98, percentage: 99.99999999999987
Sink 31 SODDISFATTO. Flusso netto: 0.4, Demand: 0.4, percentage: 100.0
Sink 32 SODDISFATTO. Flusso netto: 0.9999999999999996, Demand: 1.0, percentage: 99.99999999999996
Sink 34 SODDISFATTO. Flusso netto: 1.74, Demand: 1.74, percentage: 100.0
Sink 35 SODDISFATTO. Flusso netto: 1.3, Demand: 1.3, percentage: 100.0
Sink 37 SODDISFATTO. Flusso netto: 1.0, Demand: 1.0, percentage: 100.0
Sink 39 SODDISFATTO. Flusso netto: 0.4, Demand: 0.4, percentage: 100.0
Sink 40 SODDISFATTO. Flusso netto: 0.5, Demand: 0.5, percentage: 100.0
Sink 41 SODDISFATTO. Flusso netto: 1.0599999999999996, Demand: 1.06, percentage: 99.99999999999996
Sink 42 SODDISFATTO. Flusso netto: 2.8200000000000003, Demand: 2.82, percentage: 100.00000000000003
Sink 45 SODDISFATTO. Flusso netto: 0.68, Demand: 0.68, percentage: 100.0
Sink 46 SODDISFATTO. Flusso netto: 1.17, Demand: 1.17, percentage: 100.0
Sink 49 non è soddisfatto. Flusso netto: 3.6679999999999997, Demand: 7.0, percentage: 52.39999999999999
Flusso totale entrante nei SINK: 91.75200000000002
Flusso totale uscente nei SINK: 48.64399999999999
Flusso totale netto nei SINK: 43.10800000000003
Total DEMAND dei SINK: 46.44
Percentual di flusso ai SINK: 0.9282515073212755
Numero di Sink soddisfatti: 24.0, numero totale di sink: 25.0
Percentuale di Sink soddisfatti: 0.96

---------------------------------- DAY 278

Update Fixed Elements from Intrinsic Faults
Source NODO_10 fixed from Intrinsic Fault
Pipeline ARCO_17 fixed due to Source NODO_10 fixing from Intrinsic Fault
Pipeline ARCO_88 fixed due to Source NODO_10 fixing from Intrinsic Fault
Pipeline ARCO_89 fixed due to Source NODO_10 fixing from Intrinsic Fault
Pipeline V_EDGE_53_8 fixed due to Source NODO_10 fixing from Intrinsic Fault
Pipeline ARCO_18 fixed due to Source NODO_10 fixing from Intrinsic Fault
Pipeline ARCO_19 fixed due to Source NODO_10 fixing from Intrinsic Fault
Pipeline ARCO_87 fixed due to Source NODO_10 fixing from Intrinsic Fault
Update Fixed Elements from Heavy Faults
Update Fixed Elements from Attack
Propagate Intrinsic Fault
Node NODO_11 has still failing due to Intrinsic Fault
pipeline ARCO_3 still has reduced capacity: 9.688 due to Intrinsic Fault
pipeline ARCO_90 still has reduced capacity: 1.6 due to Intrinsic Fault
pipeline ARCO_91 still has reduced capacity: 9.688 due to Intrinsic Fault
pipeline ARCO_92 still has reduced capacity: 39.328 due to Intrinsic Fault
pipeline V_EDGE_53_9 still has reduced capacity: 5.68 due to Intrinsic Fault
pipeline ARCO_20 still has reduced capacity: 1.6 due to Intrinsic Fault
pipeline ARCO_21 still has reduced capacity: 9.688 due to Intrinsic Fault
pipeline ARCO_22 still has reduced capacity: 39.328 due to Intrinsic Fault
pipeline ARCO_73 still has reduced capacity: 9.688 due to Intrinsic Fault
Propagate Heavy Faults
Propagate Attacks
Inject Intrinsic Failure To Source
Inject Heavy Fault To Sources
Inject Attack Multiple To Source
Inject Intrinsic Fault To Pipeline
Inject Heavy Fault To Pipeline
Inject Attack To Pipeline
----------- Statistics ------------
	Sources Under Attack: 0
	Sources with Heavy Fault: 0
	Sources with Intrinsic Fault: 1
	Arcs with reduce capacity due to Attack: 0
	Arcs with reduce capacity due to Heavy Fault: 0
	Arcs with reduce capacity due to Intrinsic Fault: 9
	Arcs with Attacks: 0
	Arcs with Heavy Fault: 0
	Arcs with Intrinsic Fault: 0
--------- SOURCES STATISTICS ---------------
Demand del real Source[0]: -31.0, flusso erogato: 11.397999999999998, flusso entrante: 0.0, efficienza: 36.76774193548387 %
Demand del real Source[8]: -10.5, flusso erogato: 3.8600000000000003, flusso entrante: 0.0, efficienza: 36.76190476190476 %
Demand del real Source[9]: -7.1, flusso erogato: 16.077999999999996, flusso entrante: 10.397999999999998, efficienza: 226.45070422535207 %
Demand del real Source[17]: -25.0, flusso erogato: 25.000000000000007, flusso entrante: 0.0, efficienza: 100.00000000000003 %
Flusso totale entrante nei Real Source: 10.397999999999998
Flusso totale uscente dai Real Source: 56.336000000000006
Flusso netto sui real Source: -45.93800000000001
--- SINKS STATISTICS ---
Sink 3 SODDISFATTO. Flusso netto: 3.43, Demand: 3.43, percentage: 100.0
Sink 4 SODDISFATTO. Flusso netto: 0.5700000000000003, Demand: 0.57, percentage: 100.00000000000007
Sink 5 SODDISFATTO. Flusso netto: 0.6600000000000001, Demand: 0.66, percentage: 100.00000000000003
Sink 11 SODDISFATTO. Flusso netto: 1.03, Demand: 1.03, percentage: 100.0
Sink 15 SODDISFATTO. Flusso netto: 0.46, Demand: 0.46, percentage: 100.0
Sink 16 SODDISFATTO. Flusso netto: 8.400000000000002, Demand: 8.4, percentage: 100.00000000000003
Sink 19 SODDISFATTO. Flusso netto: 0.5399999999999991, Demand: 0.54, percentage: 99.99999999999983
Sink 23 SODDISFATTO. Flusso netto: 0.5999999999999999, Demand: 0.6, percentage: 99.99999999999997
Sink 24 SODDISFATTO. Flusso netto: 0.8, Demand: 0.8, percentage: 100.0
Sink 25 SODDISFATTO. Flusso netto: 3.5, Demand: 3.5, percentage: 100.0
Sink 26 SODDISFATTO. Flusso netto: 6.000000000000002, Demand: 6.0, percentage: 100.00000000000003
Sink 28 SODDISFATTO. Flusso netto: 0.4, Demand: 0.4, percentage: 100.0
Sink 30 SODDISFATTO. Flusso netto: 0.9799999999999986, Demand: 0.98, percentage: 99.99999999999987
Sink 31 SODDISFATTO. Flusso netto: 0.4, Demand: 0.4, percentage: 100.0
Sink 32 SODDISFATTO. Flusso netto: 0.9999999999999996, Demand: 1.0, percentage: 99.99999999999996
Sink 34 SODDISFATTO. Flusso netto: 1.74, Demand: 1.74, percentage: 100.0
Sink 35 SODDISFATTO. Flusso netto: 1.3, Demand: 1.3, percentage: 100.0
Sink 37 SODDISFATTO. Flusso netto: 1.0, Demand: 1.0, percentage: 100.0
Sink 39 SODDISFATTO. Flusso netto: 0.4, Demand: 0.4, percentage: 100.0
Sink 40 SODDISFATTO. Flusso netto: 0.5, Demand: 0.5, percentage: 100.0
Sink 41 SODDISFATTO. Flusso netto: 1.0599999999999996, Demand: 1.06, percentage: 99.99999999999996
Sink 42 SODDISFATTO. Flusso netto: 2.8200000000000003, Demand: 2.82, percentage: 100.00000000000003
Sink 45 SODDISFATTO. Flusso netto: 0.68, Demand: 0.68, percentage: 100.0
Sink 46 SODDISFATTO. Flusso netto: 1.17, Demand: 1.17, percentage: 100.0
Sink 49 non è soddisfatto. Flusso netto: 6.497999999999999, Demand: 7.0, percentage: 92.82857142857142
Flusso totale entrante nei SINK: 95.24200000000002
Flusso totale uscente nei SINK: 49.304
Flusso totale netto nei SINK: 45.93800000000002
Total DEMAND dei SINK: 46.44
Percentual di flusso ai SINK: 0.989190353143842
Numero di Sink soddisfatti: 24.0, numero totale di sink: 25.0
Percentuale di Sink soddisfatti: 0.96

---------------------------------- DAY 279

Update Fixed Elements from Intrinsic Faults
Update Fixed Elements from Heavy Faults
Update Fixed Elements from Attack
Propagate Intrinsic Fault
Node NODO_11 has still failing due to Intrinsic Fault
pipeline ARCO_3 still has reduced capacity: 9.688 due to Intrinsic Fault
pipeline ARCO_90 still has reduced capacity: 1.6 due to Intrinsic Fault
pipeline ARCO_91 still has reduced capacity: 9.688 due to Intrinsic Fault
pipeline ARCO_92 still has reduced capacity: 39.328 due to Intrinsic Fault
pipeline V_EDGE_53_9 still has reduced capacity: 5.68 due to Intrinsic Fault
pipeline ARCO_20 still has reduced capacity: 1.6 due to Intrinsic Fault
pipeline ARCO_21 still has reduced capacity: 9.688 due to Intrinsic Fault
pipeline ARCO_22 still has reduced capacity: 39.328 due to Intrinsic Fault
pipeline ARCO_73 still has reduced capacity: 9.688 due to Intrinsic Fault
Propagate Heavy Faults
Propagate Attacks
Inject Intrinsic Failure To Source
Inject Heavy Fault To Sources
Inject Attack Multiple To Source
Inject Intrinsic Fault To Pipeline
Inject Heavy Fault To Pipeline
Inject Attack To Pipeline
----------- Statistics ------------
	Sources Under Attack: 0
	Sources with Heavy Fault: 0
	Sources with Intrinsic Fault: 1
	Arcs with reduce capacity due to Attack: 0
	Arcs with reduce capacity due to Heavy Fault: 0
	Arcs with reduce capacity due to Intrinsic Fault: 9
	Arcs with Attacks: 0
	Arcs with Heavy Fault: 0
	Arcs with Intrinsic Fault: 0
--------- SOURCES STATISTICS ---------------
Demand del real Source[0]: -31.0, flusso erogato: 11.397999999999998, flusso entrante: 0.0, efficienza: 36.76774193548387 %
Demand del real Source[8]: -10.5, flusso erogato: 3.8600000000000003, flusso entrante: 0.0, efficienza: 36.76190476190476 %
Demand del real Source[9]: -7.1, flusso erogato: 16.077999999999996, flusso entrante: 10.397999999999998, efficienza: 226.45070422535207 %
Demand del real Source[17]: -25.0, flusso erogato: 25.000000000000007, flusso entrante: 0.0, efficienza: 100.00000000000003 %
Flusso totale entrante nei Real Source: 10.397999999999998
Flusso totale uscente dai Real Source: 56.336000000000006
Flusso netto sui real Source: -45.93800000000001
--- SINKS STATISTICS ---
Sink 3 SODDISFATTO. Flusso netto: 3.43, Demand: 3.43, percentage: 100.0
Sink 4 SODDISFATTO. Flusso netto: 0.5700000000000003, Demand: 0.57, percentage: 100.00000000000007
Sink 5 SODDISFATTO. Flusso netto: 0.6600000000000001, Demand: 0.66, percentage: 100.00000000000003
Sink 11 SODDISFATTO. Flusso netto: 1.03, Demand: 1.03, percentage: 100.0
Sink 15 SODDISFATTO. Flusso netto: 0.46, Demand: 0.46, percentage: 100.0
Sink 16 SODDISFATTO. Flusso netto: 8.400000000000002, Demand: 8.4, percentage: 100.00000000000003
Sink 19 SODDISFATTO. Flusso netto: 0.5399999999999991, Demand: 0.54, percentage: 99.99999999999983
Sink 23 SODDISFATTO. Flusso netto: 0.5999999999999999, Demand: 0.6, percentage: 99.99999999999997
Sink 24 SODDISFATTO. Flusso netto: 0.8, Demand: 0.8, percentage: 100.0
Sink 25 SODDISFATTO. Flusso netto: 3.5, Demand: 3.5, percentage: 100.0
Sink 26 SODDISFATTO. Flusso netto: 6.000000000000002, Demand: 6.0, percentage: 100.00000000000003
Sink 28 SODDISFATTO. Flusso netto: 0.4, Demand: 0.4, percentage: 100.0
Sink 30 SODDISFATTO. Flusso netto: 0.9799999999999986, Demand: 0.98, percentage: 99.99999999999987
Sink 31 SODDISFATTO. Flusso netto: 0.4, Demand: 0.4, percentage: 100.0
Sink 32 SODDISFATTO. Flusso netto: 0.9999999999999996, Demand: 1.0, percentage: 99.99999999999996
Sink 34 SODDISFATTO. Flusso netto: 1.74, Demand: 1.74, percentage: 100.0
Sink 35 SODDISFATTO. Flusso netto: 1.3, Demand: 1.3, percentage: 100.0
Sink 37 SODDISFATTO. Flusso netto: 1.0, Demand: 1.0, percentage: 100.0
Sink 39 SODDISFATTO. Flusso netto: 0.4, Demand: 0.4, percentage: 100.0
Sink 40 SODDISFATTO. Flusso netto: 0.5, Demand: 0.5, percentage: 100.0
Sink 41 SODDISFATTO. Flusso netto: 1.0599999999999996, Demand: 1.06, percentage: 99.99999999999996
Sink 42 SODDISFATTO. Flusso netto: 2.8200000000000003, Demand: 2.82, percentage: 100.00000000000003
Sink 45 SODDISFATTO. Flusso netto: 0.68, Demand: 0.68, percentage: 100.0
Sink 46 SODDISFATTO. Flusso netto: 1.17, Demand: 1.17, percentage: 100.0
Sink 49 non è soddisfatto. Flusso netto: 6.497999999999999, Demand: 7.0, percentage: 92.82857142857142
Flusso totale entrante nei SINK: 95.24200000000002
Flusso totale uscente nei SINK: 49.304
Flusso totale netto nei SINK: 45.93800000000002
Total DEMAND dei SINK: 46.44
Percentual di flusso ai SINK: 0.989190353143842
Numero di Sink soddisfatti: 24.0, numero totale di sink: 25.0
Percentuale di Sink soddisfatti: 0.96

---------------------------------- DAY 280

Update Fixed Elements from Intrinsic Faults
Source NODO_11 fixed from Intrinsic Fault
Pipeline ARCO_3 fixed due to Source NODO_11 fixing from Intrinsic Fault
Pipeline ARCO_90 fixed due to Source NODO_11 fixing from Intrinsic Fault
Pipeline ARCO_91 fixed due to Source NODO_11 fixing from Intrinsic Fault
Pipeline ARCO_92 fixed due to Source NODO_11 fixing from Intrinsic Fault
Pipeline V_EDGE_53_9 fixed due to Source NODO_11 fixing from Intrinsic Fault
Pipeline ARCO_20 fixed due to Source NODO_11 fixing from Intrinsic Fault
Pipeline ARCO_21 fixed due to Source NODO_11 fixing from Intrinsic Fault
Pipeline ARCO_22 fixed due to Source NODO_11 fixing from Intrinsic Fault
Pipeline ARCO_73 fixed due to Source NODO_11 fixing from Intrinsic Fault
Update Fixed Elements from Heavy Faults
Update Fixed Elements from Attack
Propagate Intrinsic Fault
Propagate Heavy Faults
Propagate Attacks
Inject Intrinsic Failure To Source
Inject Heavy Fault To Sources
Inject Attack Multiple To Source
Inject Intrinsic Fault To Pipeline
Inject Heavy Fault To Pipeline
Inject Attack To Pipeline
----------- Statistics ------------
	Sources Under Attack: 0
	Sources with Heavy Fault: 0
	Sources with Intrinsic Fault: 0
	Arcs with reduce capacity due to Attack: 0
	Arcs with reduce capacity due to Heavy Fault: 0
	Arcs with reduce capacity due to Intrinsic Fault: 0
	Arcs with Attacks: 0
	Arcs with Heavy Fault: 0
	Arcs with Intrinsic Fault: 0
--------- SOURCES STATISTICS ---------------
Demand del real Source[0]: -31.0, flusso erogato: 10.129999999999997, flusso entrante: 0.0, efficienza: 32.6774193548387 %
Demand del real Source[8]: -10.5, flusso erogato: 3.8600000000000003, flusso entrante: 0.0, efficienza: 36.76190476190476 %
Demand del real Source[9]: -7.1, flusso erogato: 16.229999999999997, flusso entrante: 9.129999999999997, efficienza: 228.59154929577463 %
Demand del real Source[17]: -25.0, flusso erogato: 25.000000000000007, flusso entrante: 0.0, efficienza: 100.00000000000003 %
Flusso totale entrante nei Real Source: 9.129999999999997
Flusso totale uscente dai Real Source: 55.220000000000006
Flusso netto sui real Source: -46.09000000000001
--- SINKS STATISTICS ---
Sink 3 SODDISFATTO. Flusso netto: 3.43, Demand: 3.43, percentage: 100.0
Sink 4 SODDISFATTO. Flusso netto: 0.5700000000000003, Demand: 0.57, percentage: 100.00000000000007
Sink 5 SODDISFATTO. Flusso netto: 0.6600000000000001, Demand: 0.66, percentage: 100.00000000000003
Sink 11 SODDISFATTO. Flusso netto: 1.03, Demand: 1.03, percentage: 100.0
Sink 15 SODDISFATTO. Flusso netto: 0.46, Demand: 0.46, percentage: 100.0
Sink 16 SODDISFATTO. Flusso netto: 8.400000000000002, Demand: 8.4, percentage: 100.00000000000003
Sink 19 SODDISFATTO. Flusso netto: 0.5399999999999991, Demand: 0.54, percentage: 99.99999999999983
Sink 23 SODDISFATTO. Flusso netto: 0.5999999999999999, Demand: 0.6, percentage: 99.99999999999997
Sink 24 SODDISFATTO. Flusso netto: 0.8, Demand: 0.8, percentage: 100.0
Sink 25 SODDISFATTO. Flusso netto: 3.5, Demand: 3.5, percentage: 100.0
Sink 26 SODDISFATTO. Flusso netto: 6.000000000000002, Demand: 6.0, percentage: 100.00000000000003
Sink 28 SODDISFATTO. Flusso netto: 0.4, Demand: 0.4, percentage: 100.0
Sink 30 SODDISFATTO. Flusso netto: 0.9799999999999986, Demand: 0.98, percentage: 99.99999999999987
Sink 31 SODDISFATTO. Flusso netto: 0.4, Demand: 0.4, percentage: 100.0
Sink 32 SODDISFATTO. Flusso netto: 0.9999999999999996, Demand: 1.0, percentage: 99.99999999999996
Sink 34 SODDISFATTO. Flusso netto: 1.74, Demand: 1.74, percentage: 100.0
Sink 35 SODDISFATTO. Flusso netto: 1.3, Demand: 1.3, percentage: 100.0
Sink 37 SODDISFATTO. Flusso netto: 1.0, Demand: 1.0, percentage: 100.0
Sink 39 SODDISFATTO. Flusso netto: 0.4, Demand: 0.4, percentage: 100.0
Sink 40 SODDISFATTO. Flusso netto: 0.5, Demand: 0.5, percentage: 100.0
Sink 41 SODDISFATTO. Flusso netto: 1.06, Demand: 1.06, percentage: 100.0
Sink 42 SODDISFATTO. Flusso netto: 2.8199999999999994, Demand: 2.82, percentage: 99.99999999999999
Sink 45 SODDISFATTO. Flusso netto: 0.68, Demand: 0.68, percentage: 100.0
Sink 46 SODDISFATTO. Flusso netto: 1.17, Demand: 1.17, percentage: 100.0
Sink 49 non è soddisfatto. Flusso netto: 6.6499999999999995, Demand: 7.0, percentage: 95.0
Flusso totale entrante nei SINK: 92.61000000000001
Flusso totale uscente nei SINK: 46.52
Flusso totale netto nei SINK: 46.09000000000001
Total DEMAND dei SINK: 46.44
Percentual di flusso ai SINK: 0.9924633936261846
Numero di Sink soddisfatti: 24.0, numero totale di sink: 25.0
Percentuale di Sink soddisfatti: 0.96

---------------------------------- DAY 281

Update Fixed Elements from Intrinsic Faults
Update Fixed Elements from Heavy Faults
Update Fixed Elements from Attack
Propagate Intrinsic Fault
Propagate Heavy Faults
Propagate Attacks
Inject Intrinsic Failure To Source
Source NODO_11 is failing for an Intrinsic Fault in day: 281
pipeline ARCO_3 has reduced capacity due to NODO_11 Intrinsic fault
pipeline ARCO_90 has reduced capacity due to NODO_11 Intrinsic fault
pipeline ARCO_91 has reduced capacity due to NODO_11 Intrinsic fault
pipeline ARCO_92 has reduced capacity due to NODO_11 Intrinsic fault
pipeline V_EDGE_53_9 has reduced capacity due to NODO_11 Intrinsic fault
pipeline ARCO_20 has reduced capacity due to NODO_11 Intrinsic fault
pipeline ARCO_21 has reduced capacity due to NODO_11 Intrinsic fault
pipeline ARCO_22 has reduced capacity due to NODO_11 Intrinsic fault
pipeline ARCO_73 has reduced capacity due to NODO_11 Intrinsic fault
Inject Heavy Fault To Sources
Inject Attack Multiple To Source
Inject Intrinsic Fault To Pipeline
Inject Heavy Fault To Pipeline
Inject Attack To Pipeline
----------- Statistics ------------
	Sources Under Attack: 0
	Sources with Heavy Fault: 0
	Sources with Intrinsic Fault: 1
	Arcs with reduce capacity due to Attack: 0
	Arcs with reduce capacity due to Heavy Fault: 0
	Arcs with reduce capacity due to Intrinsic Fault: 9
	Arcs with Attacks: 0
	Arcs with Heavy Fault: 0
	Arcs with Intrinsic Fault: 0
--------- SOURCES STATISTICS ---------------
Demand del real Source[0]: -31.0, flusso erogato: 11.397999999999998, flusso entrante: 0.0, efficienza: 36.76774193548387 %
Demand del real Source[8]: -10.5, flusso erogato: 3.8600000000000003, flusso entrante: 0.0, efficienza: 36.76190476190476 %
Demand del real Source[9]: -7.1, flusso erogato: 16.077999999999996, flusso entrante: 10.397999999999998, efficienza: 226.45070422535207 %
Demand del real Source[17]: -25.0, flusso erogato: 25.000000000000007, flusso entrante: 0.0, efficienza: 100.00000000000003 %
Flusso totale entrante nei Real Source: 10.397999999999998
Flusso totale uscente dai Real Source: 56.336000000000006
Flusso netto sui real Source: -45.93800000000001
--- SINKS STATISTICS ---
Sink 3 SODDISFATTO. Flusso netto: 3.43, Demand: 3.43, percentage: 100.0
Sink 4 SODDISFATTO. Flusso netto: 0.5700000000000003, Demand: 0.57, percentage: 100.00000000000007
Sink 5 SODDISFATTO. Flusso netto: 0.6600000000000001, Demand: 0.66, percentage: 100.00000000000003
Sink 11 SODDISFATTO. Flusso netto: 1.03, Demand: 1.03, percentage: 100.0
Sink 15 SODDISFATTO. Flusso netto: 0.46, Demand: 0.46, percentage: 100.0
Sink 16 SODDISFATTO. Flusso netto: 8.400000000000002, Demand: 8.4, percentage: 100.00000000000003
Sink 19 SODDISFATTO. Flusso netto: 0.5399999999999991, Demand: 0.54, percentage: 99.99999999999983
Sink 23 SODDISFATTO. Flusso netto: 0.5999999999999999, Demand: 0.6, percentage: 99.99999999999997
Sink 24 SODDISFATTO. Flusso netto: 0.8, Demand: 0.8, percentage: 100.0
Sink 25 SODDISFATTO. Flusso netto: 3.5, Demand: 3.5, percentage: 100.0
Sink 26 SODDISFATTO. Flusso netto: 6.000000000000002, Demand: 6.0, percentage: 100.00000000000003
Sink 28 SODDISFATTO. Flusso netto: 0.4, Demand: 0.4, percentage: 100.0
Sink 30 SODDISFATTO. Flusso netto: 0.9799999999999986, Demand: 0.98, percentage: 99.99999999999987
Sink 31 SODDISFATTO. Flusso netto: 0.4, Demand: 0.4, percentage: 100.0
Sink 32 SODDISFATTO. Flusso netto: 0.9999999999999996, Demand: 1.0, percentage: 99.99999999999996
Sink 34 SODDISFATTO. Flusso netto: 1.74, Demand: 1.74, percentage: 100.0
Sink 35 SODDISFATTO. Flusso netto: 1.3, Demand: 1.3, percentage: 100.0
Sink 37 SODDISFATTO. Flusso netto: 1.0, Demand: 1.0, percentage: 100.0
Sink 39 SODDISFATTO. Flusso netto: 0.4, Demand: 0.4, percentage: 100.0
Sink 40 SODDISFATTO. Flusso netto: 0.5, Demand: 0.5, percentage: 100.0
Sink 41 SODDISFATTO. Flusso netto: 1.0599999999999996, Demand: 1.06, percentage: 99.99999999999996
Sink 42 SODDISFATTO. Flusso netto: 2.8200000000000003, Demand: 2.82, percentage: 100.00000000000003
Sink 45 SODDISFATTO. Flusso netto: 0.68, Demand: 0.68, percentage: 100.0
Sink 46 SODDISFATTO. Flusso netto: 1.17, Demand: 1.17, percentage: 100.0
Sink 49 non è soddisfatto. Flusso netto: 6.497999999999999, Demand: 7.0, percentage: 92.82857142857142
Flusso totale entrante nei SINK: 95.24200000000002
Flusso totale uscente nei SINK: 49.304
Flusso totale netto nei SINK: 45.93800000000002
Total DEMAND dei SINK: 46.44
Percentual di flusso ai SINK: 0.989190353143842
Numero di Sink soddisfatti: 24.0, numero totale di sink: 25.0
Percentuale di Sink soddisfatti: 0.96

---------------------------------- DAY 282

Update Fixed Elements from Intrinsic Faults
Update Fixed Elements from Heavy Faults
Update Fixed Elements from Attack
Propagate Intrinsic Fault
Node NODO_11 has still failing due to Intrinsic Fault
pipeline ARCO_3 still has reduced capacity: 9.688 due to Intrinsic Fault
pipeline ARCO_90 still has reduced capacity: 1.6 due to Intrinsic Fault
pipeline ARCO_91 still has reduced capacity: 9.688 due to Intrinsic Fault
pipeline ARCO_92 still has reduced capacity: 39.328 due to Intrinsic Fault
pipeline V_EDGE_53_9 still has reduced capacity: 5.68 due to Intrinsic Fault
pipeline ARCO_20 still has reduced capacity: 1.6 due to Intrinsic Fault
pipeline ARCO_21 still has reduced capacity: 9.688 due to Intrinsic Fault
pipeline ARCO_22 still has reduced capacity: 39.328 due to Intrinsic Fault
pipeline ARCO_73 still has reduced capacity: 9.688 due to Intrinsic Fault
Propagate Heavy Faults
Propagate Attacks
Inject Intrinsic Failure To Source
Source NODO_2 is failing for an Intrinsic Fault in day: 282
pipeline ARCO_70 has reduced capacity due to NODO_2 Intrinsic fault
pipeline V_EDGE_53_0 has reduced capacity due to NODO_2 Intrinsic fault
pipeline ARCO_0 has reduced capacity due to NODO_2 Intrinsic fault
Source NODO_11 is failing for an Intrinsic Fault in day: 282
pipeline ARCO_3 has reduced capacity due to NODO_11 Intrinsic fault
pipeline ARCO_90 has reduced capacity due to NODO_11 Intrinsic fault
pipeline ARCO_91 has reduced capacity due to NODO_11 Intrinsic fault
pipeline ARCO_92 has reduced capacity due to NODO_11 Intrinsic fault
pipeline V_EDGE_53_9 has reduced capacity due to NODO_11 Intrinsic fault
pipeline ARCO_20 has reduced capacity due to NODO_11 Intrinsic fault
pipeline ARCO_21 has reduced capacity due to NODO_11 Intrinsic fault
pipeline ARCO_22 has reduced capacity due to NODO_11 Intrinsic fault
pipeline ARCO_73 has reduced capacity due to NODO_11 Intrinsic fault
Inject Heavy Fault To Sources
Inject Attack Multiple To Source
Inject Intrinsic Fault To Pipeline
Inject Heavy Fault To Pipeline
Inject Attack To Pipeline
----------- Statistics ------------
	Sources Under Attack: 0
	Sources with Heavy Fault: 0
	Sources with Intrinsic Fault: 2
	Arcs with reduce capacity due to Attack: 0
	Arcs with reduce capacity due to Heavy Fault: 0
	Arcs with reduce capacity due to Intrinsic Fault: 12
	Arcs with Attacks: 0
	Arcs with Heavy Fault: 0
	Arcs with Intrinsic Fault: 0
--------- SOURCES STATISTICS ---------------
Demand del real Source[0]: -31.0, flusso erogato: 10.596399999999997, flusso entrante: 0.0, efficienza: 34.18193548387096 %
Demand del real Source[8]: -10.5, flusso erogato: 3.8600000000000003, flusso entrante: 0.0, efficienza: 36.76190476190476 %
Demand del real Source[9]: -7.1, flusso erogato: 14.140399999999998, flusso entrante: 9.5964, efficienza: 199.16056338028167 %
Demand del real Source[17]: -25.0, flusso erogato: 25.000000000000007, flusso entrante: 0.0, efficienza: 100.00000000000003 %
Flusso totale entrante nei Real Source: 9.5964
Flusso totale uscente dai Real Source: 53.5968
Flusso netto sui real Source: -44.0004
--- SINKS STATISTICS ---
Sink 3 SODDISFATTO. Flusso netto: 3.43, Demand: 3.43, percentage: 100.0
Sink 4 SODDISFATTO. Flusso netto: 0.5699999999999998, Demand: 0.57, percentage: 99.99999999999997
Sink 5 SODDISFATTO. Flusso netto: 0.6600000000000001, Demand: 0.66, percentage: 100.00000000000003
Sink 11 SODDISFATTO. Flusso netto: 1.03, Demand: 1.03, percentage: 100.0
Sink 15 SODDISFATTO. Flusso netto: 0.46, Demand: 0.46, percentage: 100.0
Sink 16 SODDISFATTO. Flusso netto: 8.400000000000002, Demand: 8.4, percentage: 100.00000000000003
Sink 19 SODDISFATTO. Flusso netto: 0.5399999999999991, Demand: 0.54, percentage: 99.99999999999983
Sink 23 SODDISFATTO. Flusso netto: 0.5999999999999999, Demand: 0.6, percentage: 99.99999999999997
Sink 24 SODDISFATTO. Flusso netto: 0.8, Demand: 0.8, percentage: 100.0
Sink 25 SODDISFATTO. Flusso netto: 3.5, Demand: 3.5, percentage: 100.0
Sink 26 SODDISFATTO. Flusso netto: 6.000000000000002, Demand: 6.0, percentage: 100.00000000000003
Sink 28 SODDISFATTO. Flusso netto: 0.4, Demand: 0.4, percentage: 100.0
Sink 30 SODDISFATTO. Flusso netto: 0.9799999999999986, Demand: 0.98, percentage: 99.99999999999987
Sink 31 SODDISFATTO. Flusso netto: 0.4, Demand: 0.4, percentage: 100.0
Sink 32 SODDISFATTO. Flusso netto: 0.9999999999999996, Demand: 1.0, percentage: 99.99999999999996
Sink 34 SODDISFATTO. Flusso netto: 1.74, Demand: 1.74, percentage: 100.0
Sink 35 SODDISFATTO. Flusso netto: 1.3, Demand: 1.3, percentage: 100.0
Sink 37 SODDISFATTO. Flusso netto: 1.0, Demand: 1.0, percentage: 100.0
Sink 39 SODDISFATTO. Flusso netto: 0.4, Demand: 0.4, percentage: 100.0
Sink 40 SODDISFATTO. Flusso netto: 0.5, Demand: 0.5, percentage: 100.0
Sink 41 SODDISFATTO. Flusso netto: 1.0599999999999996, Demand: 1.06, percentage: 99.99999999999996
Sink 42 SODDISFATTO. Flusso netto: 2.8200000000000003, Demand: 2.82, percentage: 100.00000000000003
Sink 45 SODDISFATTO. Flusso netto: 0.68, Demand: 0.68, percentage: 100.0
Sink 46 SODDISFATTO. Flusso netto: 1.17, Demand: 1.17, percentage: 100.0
Sink 49 non è soddisfatto. Flusso netto: 4.5604, Demand: 7.0, percentage: 65.14857142857142
Flusso totale entrante nei SINK: 87.4916
Flusso totale uscente nei SINK: 43.4912
Flusso totale netto nei SINK: 44.000400000000006
Total DEMAND dei SINK: 46.44
Percentual di flusso ai SINK: 0.9474677002583981
Numero di Sink soddisfatti: 24.0, numero totale di sink: 25.0
Percentuale di Sink soddisfatti: 0.96

---------------------------------- DAY 283

Update Fixed Elements from Intrinsic Faults
Update Fixed Elements from Heavy Faults
Update Fixed Elements from Attack
Propagate Intrinsic Fault
Node NODO_11 has still failing due to Intrinsic Fault
Node NODO_2 has still failing due to Intrinsic Fault
pipeline ARCO_3 still has reduced capacity: 9.688 due to Intrinsic Fault
pipeline ARCO_90 still has reduced capacity: 1.6 due to Intrinsic Fault
pipeline ARCO_91 still has reduced capacity: 9.688 due to Intrinsic Fault
pipeline ARCO_92 still has reduced capacity: 39.328 due to Intrinsic Fault
pipeline V_EDGE_53_9 still has reduced capacity: 5.68 due to Intrinsic Fault
pipeline ARCO_20 still has reduced capacity: 1.6 due to Intrinsic Fault
pipeline ARCO_21 still has reduced capacity: 9.688 due to Intrinsic Fault
pipeline ARCO_22 still has reduced capacity: 39.328 due to Intrinsic Fault
pipeline ARCO_73 still has reduced capacity: 9.688 due to Intrinsic Fault
pipeline ARCO_70 still has reduced capacity: 24.8 due to Intrinsic Fault
pipeline V_EDGE_53_0 still has reduced capacity: 24.8 due to Intrinsic Fault
pipeline ARCO_0 still has reduced capacity: 24.8 due to Intrinsic Fault
Propagate Heavy Faults
Propagate Attacks
Inject Intrinsic Failure To Source
Inject Heavy Fault To Sources
Inject Attack Multiple To Source
Inject Intrinsic Fault To Pipeline
Inject Heavy Fault To Pipeline
Inject Attack To Pipeline
----------- Statistics ------------
	Sources Under Attack: 0
	Sources with Heavy Fault: 0
	Sources with Intrinsic Fault: 2
	Arcs with reduce capacity due to Attack: 0
	Arcs with reduce capacity due to Heavy Fault: 0
	Arcs with reduce capacity due to Intrinsic Fault: 12
	Arcs with Attacks: 0
	Arcs with Heavy Fault: 0
	Arcs with Intrinsic Fault: 0
--------- SOURCES STATISTICS ---------------
Demand del real Source[0]: -31.0, flusso erogato: 11.397999999999998, flusso entrante: 0.0, efficienza: 36.76774193548387 %
Demand del real Source[8]: -10.5, flusso erogato: 3.8600000000000003, flusso entrante: 0.0, efficienza: 36.76190476190476 %
Demand del real Source[9]: -7.1, flusso erogato: 16.077999999999996, flusso entrante: 10.397999999999998, efficienza: 226.45070422535207 %
Demand del real Source[17]: -25.0, flusso erogato: 25.000000000000007, flusso entrante: 0.0, efficienza: 100.00000000000003 %
Flusso totale entrante nei Real Source: 10.397999999999998
Flusso totale uscente dai Real Source: 56.336000000000006
Flusso netto sui real Source: -45.93800000000001
--- SINKS STATISTICS ---
Sink 3 SODDISFATTO. Flusso netto: 3.43, Demand: 3.43, percentage: 100.0
Sink 4 SODDISFATTO. Flusso netto: 0.5700000000000003, Demand: 0.57, percentage: 100.00000000000007
Sink 5 SODDISFATTO. Flusso netto: 0.6600000000000001, Demand: 0.66, percentage: 100.00000000000003
Sink 11 SODDISFATTO. Flusso netto: 1.03, Demand: 1.03, percentage: 100.0
Sink 15 SODDISFATTO. Flusso netto: 0.46, Demand: 0.46, percentage: 100.0
Sink 16 SODDISFATTO. Flusso netto: 8.400000000000002, Demand: 8.4, percentage: 100.00000000000003
Sink 19 SODDISFATTO. Flusso netto: 0.5399999999999991, Demand: 0.54, percentage: 99.99999999999983
Sink 23 SODDISFATTO. Flusso netto: 0.5999999999999999, Demand: 0.6, percentage: 99.99999999999997
Sink 24 SODDISFATTO. Flusso netto: 0.8, Demand: 0.8, percentage: 100.0
Sink 25 SODDISFATTO. Flusso netto: 3.5, Demand: 3.5, percentage: 100.0
Sink 26 SODDISFATTO. Flusso netto: 6.000000000000002, Demand: 6.0, percentage: 100.00000000000003
Sink 28 SODDISFATTO. Flusso netto: 0.4, Demand: 0.4, percentage: 100.0
Sink 30 SODDISFATTO. Flusso netto: 0.9799999999999986, Demand: 0.98, percentage: 99.99999999999987
Sink 31 SODDISFATTO. Flusso netto: 0.4, Demand: 0.4, percentage: 100.0
Sink 32 SODDISFATTO. Flusso netto: 0.9999999999999996, Demand: 1.0, percentage: 99.99999999999996
Sink 34 SODDISFATTO. Flusso netto: 1.74, Demand: 1.74, percentage: 100.0
Sink 35 SODDISFATTO. Flusso netto: 1.3, Demand: 1.3, percentage: 100.0
Sink 37 SODDISFATTO. Flusso netto: 1.0, Demand: 1.0, percentage: 100.0
Sink 39 SODDISFATTO. Flusso netto: 0.4, Demand: 0.4, percentage: 100.0
Sink 40 SODDISFATTO. Flusso netto: 0.5, Demand: 0.5, percentage: 100.0
Sink 41 SODDISFATTO. Flusso netto: 1.0599999999999996, Demand: 1.06, percentage: 99.99999999999996
Sink 42 SODDISFATTO. Flusso netto: 2.8200000000000003, Demand: 2.82, percentage: 100.00000000000003
Sink 45 SODDISFATTO. Flusso netto: 0.68, Demand: 0.68, percentage: 100.0
Sink 46 SODDISFATTO. Flusso netto: 1.17, Demand: 1.17, percentage: 100.0
Sink 49 non è soddisfatto. Flusso netto: 6.497999999999999, Demand: 7.0, percentage: 92.82857142857142
Flusso totale entrante nei SINK: 95.24200000000002
Flusso totale uscente nei SINK: 49.304
Flusso totale netto nei SINK: 45.93800000000002
Total DEMAND dei SINK: 46.44
Percentual di flusso ai SINK: 0.989190353143842
Numero di Sink soddisfatti: 24.0, numero totale di sink: 25.0
Percentuale di Sink soddisfatti: 0.96

---------------------------------- DAY 284

Update Fixed Elements from Intrinsic Faults
Source NODO_11 fixed from Intrinsic Fault
Pipeline ARCO_3 fixed due to Source NODO_11 fixing from Intrinsic Fault
Pipeline ARCO_90 fixed due to Source NODO_11 fixing from Intrinsic Fault
Pipeline ARCO_91 fixed due to Source NODO_11 fixing from Intrinsic Fault
Pipeline ARCO_92 fixed due to Source NODO_11 fixing from Intrinsic Fault
Pipeline V_EDGE_53_9 fixed due to Source NODO_11 fixing from Intrinsic Fault
Pipeline ARCO_20 fixed due to Source NODO_11 fixing from Intrinsic Fault
Pipeline ARCO_21 fixed due to Source NODO_11 fixing from Intrinsic Fault
Pipeline ARCO_22 fixed due to Source NODO_11 fixing from Intrinsic Fault
Pipeline ARCO_73 fixed due to Source NODO_11 fixing from Intrinsic Fault
Update Fixed Elements from Heavy Faults
Update Fixed Elements from Attack
Propagate Intrinsic Fault
Node NODO_2 has still failing due to Intrinsic Fault
pipeline ARCO_70 still has reduced capacity: 24.8 due to Intrinsic Fault
pipeline V_EDGE_53_0 still has reduced capacity: 24.8 due to Intrinsic Fault
pipeline ARCO_0 still has reduced capacity: 24.8 due to Intrinsic Fault
Propagate Heavy Faults
Propagate Attacks
Inject Intrinsic Failure To Source
Source NODO_2 is failing for an Intrinsic Fault in day: 284
pipeline ARCO_70 has reduced capacity due to NODO_2 Intrinsic fault
pipeline V_EDGE_53_0 has reduced capacity due to NODO_2 Intrinsic fault
pipeline ARCO_0 has reduced capacity due to NODO_2 Intrinsic fault
Inject Heavy Fault To Sources
Inject Attack Multiple To Source
Inject Intrinsic Fault To Pipeline
Inject Heavy Fault To Pipeline
Inject Attack To Pipeline
----------- Statistics ------------
	Sources Under Attack: 0
	Sources with Heavy Fault: 0
	Sources with Intrinsic Fault: 1
	Arcs with reduce capacity due to Attack: 0
	Arcs with reduce capacity due to Heavy Fault: 0
	Arcs with reduce capacity due to Intrinsic Fault: 3
	Arcs with Attacks: 0
	Arcs with Heavy Fault: 0
	Arcs with Intrinsic Fault: 0
--------- SOURCES STATISTICS ---------------
Demand del real Source[0]: -31.0, flusso erogato: 10.129999999999997, flusso entrante: 0.0, efficienza: 32.6774193548387 %
Demand del real Source[8]: -10.5, flusso erogato: 3.8600000000000003, flusso entrante: 0.0, efficienza: 36.76190476190476 %
Demand del real Source[9]: -7.1, flusso erogato: 16.229999999999997, flusso entrante: 9.129999999999997, efficienza: 228.59154929577463 %
Demand del real Source[17]: -25.0, flusso erogato: 25.000000000000007, flusso entrante: 0.0, efficienza: 100.00000000000003 %
Flusso totale entrante nei Real Source: 9.129999999999997
Flusso totale uscente dai Real Source: 55.220000000000006
Flusso netto sui real Source: -46.09000000000001
--- SINKS STATISTICS ---
Sink 3 SODDISFATTO. Flusso netto: 3.43, Demand: 3.43, percentage: 100.0
Sink 4 SODDISFATTO. Flusso netto: 0.5700000000000003, Demand: 0.57, percentage: 100.00000000000007
Sink 5 SODDISFATTO. Flusso netto: 0.6600000000000001, Demand: 0.66, percentage: 100.00000000000003
Sink 11 SODDISFATTO. Flusso netto: 1.03, Demand: 1.03, percentage: 100.0
Sink 15 SODDISFATTO. Flusso netto: 0.46, Demand: 0.46, percentage: 100.0
Sink 16 SODDISFATTO. Flusso netto: 8.400000000000002, Demand: 8.4, percentage: 100.00000000000003
Sink 19 SODDISFATTO. Flusso netto: 0.5399999999999991, Demand: 0.54, percentage: 99.99999999999983
Sink 23 SODDISFATTO. Flusso netto: 0.5999999999999999, Demand: 0.6, percentage: 99.99999999999997
Sink 24 SODDISFATTO. Flusso netto: 0.8, Demand: 0.8, percentage: 100.0
Sink 25 SODDISFATTO. Flusso netto: 3.5, Demand: 3.5, percentage: 100.0
Sink 26 SODDISFATTO. Flusso netto: 6.000000000000002, Demand: 6.0, percentage: 100.00000000000003
Sink 28 SODDISFATTO. Flusso netto: 0.4, Demand: 0.4, percentage: 100.0
Sink 30 SODDISFATTO. Flusso netto: 0.9799999999999986, Demand: 0.98, percentage: 99.99999999999987
Sink 31 SODDISFATTO. Flusso netto: 0.4, Demand: 0.4, percentage: 100.0
Sink 32 SODDISFATTO. Flusso netto: 0.9999999999999996, Demand: 1.0, percentage: 99.99999999999996
Sink 34 SODDISFATTO. Flusso netto: 1.74, Demand: 1.74, percentage: 100.0
Sink 35 SODDISFATTO. Flusso netto: 1.3, Demand: 1.3, percentage: 100.0
Sink 37 SODDISFATTO. Flusso netto: 1.0, Demand: 1.0, percentage: 100.0
Sink 39 SODDISFATTO. Flusso netto: 0.4, Demand: 0.4, percentage: 100.0
Sink 40 SODDISFATTO. Flusso netto: 0.5, Demand: 0.5, percentage: 100.0
Sink 41 SODDISFATTO. Flusso netto: 1.06, Demand: 1.06, percentage: 100.0
Sink 42 SODDISFATTO. Flusso netto: 2.8199999999999994, Demand: 2.82, percentage: 99.99999999999999
Sink 45 SODDISFATTO. Flusso netto: 0.68, Demand: 0.68, percentage: 100.0
Sink 46 SODDISFATTO. Flusso netto: 1.17, Demand: 1.17, percentage: 100.0
Sink 49 non è soddisfatto. Flusso netto: 6.6499999999999995, Demand: 7.0, percentage: 95.0
Flusso totale entrante nei SINK: 92.61000000000001
Flusso totale uscente nei SINK: 46.52
Flusso totale netto nei SINK: 46.09000000000001
Total DEMAND dei SINK: 46.44
Percentual di flusso ai SINK: 0.9924633936261846
Numero di Sink soddisfatti: 24.0, numero totale di sink: 25.0
Percentuale di Sink soddisfatti: 0.96

---------------------------------- DAY 285

Update Fixed Elements from Intrinsic Faults
Source NODO_2 fixed from Intrinsic Fault
Pipeline ARCO_70 fixed due to Source NODO_2 fixing from Intrinsic Fault
Pipeline V_EDGE_53_0 fixed due to Source NODO_2 fixing from Intrinsic Fault
Pipeline ARCO_0 fixed due to Source NODO_2 fixing from Intrinsic Fault
Update Fixed Elements from Heavy Faults
Update Fixed Elements from Attack
Propagate Intrinsic Fault
Propagate Heavy Faults
Propagate Attacks
Inject Intrinsic Failure To Source
Source NODO_19 is failing for an Intrinsic Fault in day: 285
pipeline ARCO_35 has reduced capacity due to NODO_19 Intrinsic fault
pipeline ARCO_109 has reduced capacity due to NODO_19 Intrinsic fault
pipeline ARCO_110 has reduced capacity due to NODO_19 Intrinsic fault
pipeline V_EDGE_53_17 has reduced capacity due to NODO_19 Intrinsic fault
pipeline ARCO_39 has reduced capacity due to NODO_19 Intrinsic fault
pipeline ARCO_40 has reduced capacity due to NODO_19 Intrinsic fault
pipeline ARCO_105 has reduced capacity due to NODO_19 Intrinsic fault
Source NODO_11 is failing for an Intrinsic Fault in day: 285
pipeline ARCO_3 has reduced capacity due to NODO_11 Intrinsic fault
pipeline ARCO_90 has reduced capacity due to NODO_11 Intrinsic fault
pipeline ARCO_91 has reduced capacity due to NODO_11 Intrinsic fault
pipeline ARCO_92 has reduced capacity due to NODO_11 Intrinsic fault
pipeline V_EDGE_53_9 has reduced capacity due to NODO_11 Intrinsic fault
pipeline ARCO_20 has reduced capacity due to NODO_11 Intrinsic fault
pipeline ARCO_21 has reduced capacity due to NODO_11 Intrinsic fault
pipeline ARCO_22 has reduced capacity due to NODO_11 Intrinsic fault
pipeline ARCO_73 has reduced capacity due to NODO_11 Intrinsic fault
Inject Heavy Fault To Sources
Inject Attack Multiple To Source
Inject Intrinsic Fault To Pipeline
Inject Heavy Fault To Pipeline
Inject Attack To Pipeline
----------- Statistics ------------
	Sources Under Attack: 0
	Sources with Heavy Fault: 0
	Sources with Intrinsic Fault: 2
	Arcs with reduce capacity due to Attack: 0
	Arcs with reduce capacity due to Heavy Fault: 0
	Arcs with reduce capacity due to Intrinsic Fault: 16
	Arcs with Attacks: 0
	Arcs with Heavy Fault: 0
	Arcs with Intrinsic Fault: 0
--------- SOURCES STATISTICS ---------------
Demand del real Source[0]: -31.0, flusso erogato: 16.296, flusso entrante: 0.0, efficienza: 52.567741935483866 %
Demand del real Source[8]: -10.5, flusso erogato: 4.2719999999999985, flusso entrante: 0.0, efficienza: 40.68571428571427 %
Demand del real Source[9]: -7.1, flusso erogato: 20.976, flusso entrante: 15.296000000000001, efficienza: 295.4366197183099 %
Demand del real Source[17]: -25.0, flusso erogato: 0.0, flusso entrante: 0.0, efficienza: 0.0 %
Flusso totale entrante nei Real Source: 15.296000000000001
Flusso totale uscente dai Real Source: 41.544000000000004
Flusso netto sui real Source: -26.248000000000005
--- SINKS STATISTICS ---
Sink 3 SODDISFATTO. Flusso netto: 3.43, Demand: 3.43, percentage: 100.0
Sink 4 SODDISFATTO. Flusso netto: 0.5700000000000003, Demand: 0.57, percentage: 100.00000000000007
Sink 5 SODDISFATTO. Flusso netto: 0.6600000000000001, Demand: 0.66, percentage: 100.00000000000003
Sink 11 SODDISFATTO. Flusso netto: 1.03, Demand: 1.03, percentage: 100.0
Sink 15 SODDISFATTO. Flusso netto: 0.45999999999999996, Demand: 0.46, percentage: 99.99999999999999
Sink 16 non è soddisfatto. Flusso netto: 2.83, Demand: 8.4, percentage: 33.69047619047619
Sink 19 non è soddisfatto. Flusso netto: 0.0, Demand: 0.54, percentage: 0.0
Sink 23 non è soddisfatto. Flusso netto: 0.0, Demand: 0.6, percentage: 0.0
Sink 24 non è soddisfatto. Flusso netto: 0.0, Demand: 0.8, percentage: 0.0
Sink 25 non è soddisfatto. Flusso netto: 0.0, Demand: 3.5, percentage: 0.0
Sink 26 non è soddisfatto. Flusso netto: 0.0, Demand: 6.0, percentage: 0.0
Sink 28 non è soddisfatto. Flusso netto: 0.0, Demand: 0.4, percentage: 0.0
Sink 30 non è soddisfatto. Flusso netto: 0.0, Demand: 0.98, percentage: 0.0
Sink 31 non è soddisfatto. Flusso netto: 0.0, Demand: 0.4, percentage: 0.0
Sink 32 SODDISFATTO. Flusso netto: 1.0000000000000009, Demand: 1.0, percentage: 100.00000000000009
Sink 34 SODDISFATTO. Flusso netto: 1.74, Demand: 1.74, percentage: 100.0
Sink 35 SODDISFATTO. Flusso netto: 1.3, Demand: 1.3, percentage: 100.0
Sink 37 SODDISFATTO. Flusso netto: 1.0, Demand: 1.0, percentage: 100.0
Sink 39 non è soddisfatto. Flusso netto: 0.0, Demand: 0.4, percentage: 0.0
Sink 40 non è soddisfatto. Flusso netto: 0.0, Demand: 0.5, percentage: 0.0
Sink 41 SODDISFATTO. Flusso netto: 1.0599999999999987, Demand: 1.06, percentage: 99.99999999999987
Sink 42 SODDISFATTO. Flusso netto: 2.8200000000000003, Demand: 2.82, percentage: 100.00000000000003
Sink 45 SODDISFATTO. Flusso netto: 0.68, Demand: 0.68, percentage: 100.0
Sink 46 SODDISFATTO. Flusso netto: 1.17, Demand: 1.17, percentage: 100.0
Sink 49 non è soddisfatto. Flusso netto: 6.497999999999999, Demand: 7.0, percentage: 92.82857142857142
Flusso totale entrante nei SINK: 55.32000000000001
Flusso totale uscente nei SINK: 29.072
Flusso totale netto nei SINK: 26.248000000000008
Total DEMAND dei SINK: 46.44
Percentual di flusso ai SINK: 0.5652024117140398
Numero di Sink soddisfatti: 13.0, numero totale di sink: 25.0
Percentuale di Sink soddisfatti: 0.52

---------------------------------- DAY 286

Update Fixed Elements from Intrinsic Faults
Update Fixed Elements from Heavy Faults
Update Fixed Elements from Attack
Propagate Intrinsic Fault
Node NODO_19 has still failing due to Intrinsic Fault
Node NODO_11 has still failing due to Intrinsic Fault
pipeline ARCO_35 still has reduced capacity: 0.0 due to Intrinsic Fault
pipeline ARCO_109 still has reduced capacity: 0.0 due to Intrinsic Fault
pipeline ARCO_110 still has reduced capacity: 0.0 due to Intrinsic Fault
pipeline V_EDGE_53_17 still has reduced capacity: 0.0 due to Intrinsic Fault
pipeline ARCO_39 still has reduced capacity: 0.0 due to Intrinsic Fault
pipeline ARCO_40 still has reduced capacity: 0.0 due to Intrinsic Fault
pipeline ARCO_105 still has reduced capacity: 0.0 due to Intrinsic Fault
pipeline ARCO_3 still has reduced capacity: 9.688 due to Intrinsic Fault
pipeline ARCO_90 still has reduced capacity: 1.6 due to Intrinsic Fault
pipeline ARCO_91 still has reduced capacity: 9.688 due to Intrinsic Fault
pipeline ARCO_92 still has reduced capacity: 39.328 due to Intrinsic Fault
pipeline V_EDGE_53_9 still has reduced capacity: 5.68 due to Intrinsic Fault
pipeline ARCO_20 still has reduced capacity: 1.6 due to Intrinsic Fault
pipeline ARCO_21 still has reduced capacity: 9.688 due to Intrinsic Fault
pipeline ARCO_22 still has reduced capacity: 39.328 due to Intrinsic Fault
pipeline ARCO_73 still has reduced capacity: 9.688 due to Intrinsic Fault
Propagate Heavy Faults
Propagate Attacks
Inject Intrinsic Failure To Source
Inject Heavy Fault To Sources
Inject Attack Multiple To Source
Inject Intrinsic Fault To Pipeline
Inject Heavy Fault To Pipeline
Inject Attack To Pipeline
----------- Statistics ------------
	Sources Under Attack: 0
	Sources with Heavy Fault: 0
	Sources with Intrinsic Fault: 2
	Arcs with reduce capacity due to Attack: 0
	Arcs with reduce capacity due to Heavy Fault: 0
	Arcs with reduce capacity due to Intrinsic Fault: 16
	Arcs with Attacks: 0
	Arcs with Heavy Fault: 0
	Arcs with Intrinsic Fault: 0
--------- SOURCES STATISTICS ---------------
Demand del real Source[0]: -31.0, flusso erogato: 16.296, flusso entrante: 0.0, efficienza: 52.567741935483866 %
Demand del real Source[8]: -10.5, flusso erogato: 4.2719999999999985, flusso entrante: 0.0, efficienza: 40.68571428571427 %
Demand del real Source[9]: -7.1, flusso erogato: 20.976, flusso entrante: 15.296000000000001, efficienza: 295.4366197183099 %
Demand del real Source[17]: -25.0, flusso erogato: 0.0, flusso entrante: 0.0, efficienza: 0.0 %
Flusso totale entrante nei Real Source: 15.296000000000001
Flusso totale uscente dai Real Source: 41.544000000000004
Flusso netto sui real Source: -26.248000000000005
--- SINKS STATISTICS ---
Sink 3 SODDISFATTO. Flusso netto: 3.43, Demand: 3.43, percentage: 100.0
Sink 4 SODDISFATTO. Flusso netto: 0.5700000000000003, Demand: 0.57, percentage: 100.00000000000007
Sink 5 SODDISFATTO. Flusso netto: 0.6600000000000001, Demand: 0.66, percentage: 100.00000000000003
Sink 11 SODDISFATTO. Flusso netto: 1.03, Demand: 1.03, percentage: 100.0
Sink 15 SODDISFATTO. Flusso netto: 0.45999999999999996, Demand: 0.46, percentage: 99.99999999999999
Sink 16 non è soddisfatto. Flusso netto: 2.83, Demand: 8.4, percentage: 33.69047619047619
Sink 19 non è soddisfatto. Flusso netto: 0.0, Demand: 0.54, percentage: 0.0
Sink 23 non è soddisfatto. Flusso netto: 0.0, Demand: 0.6, percentage: 0.0
Sink 24 non è soddisfatto. Flusso netto: 0.0, Demand: 0.8, percentage: 0.0
Sink 25 non è soddisfatto. Flusso netto: 0.0, Demand: 3.5, percentage: 0.0
Sink 26 non è soddisfatto. Flusso netto: 0.0, Demand: 6.0, percentage: 0.0
Sink 28 non è soddisfatto. Flusso netto: 0.0, Demand: 0.4, percentage: 0.0
Sink 30 non è soddisfatto. Flusso netto: 0.0, Demand: 0.98, percentage: 0.0
Sink 31 non è soddisfatto. Flusso netto: 0.0, Demand: 0.4, percentage: 0.0
Sink 32 SODDISFATTO. Flusso netto: 1.0000000000000009, Demand: 1.0, percentage: 100.00000000000009
Sink 34 SODDISFATTO. Flusso netto: 1.74, Demand: 1.74, percentage: 100.0
Sink 35 SODDISFATTO. Flusso netto: 1.3, Demand: 1.3, percentage: 100.0
Sink 37 SODDISFATTO. Flusso netto: 1.0, Demand: 1.0, percentage: 100.0
Sink 39 non è soddisfatto. Flusso netto: 0.0, Demand: 0.4, percentage: 0.0
Sink 40 non è soddisfatto. Flusso netto: 0.0, Demand: 0.5, percentage: 0.0
Sink 41 SODDISFATTO. Flusso netto: 1.0599999999999987, Demand: 1.06, percentage: 99.99999999999987
Sink 42 SODDISFATTO. Flusso netto: 2.8200000000000003, Demand: 2.82, percentage: 100.00000000000003
Sink 45 SODDISFATTO. Flusso netto: 0.68, Demand: 0.68, percentage: 100.0
Sink 46 SODDISFATTO. Flusso netto: 1.17, Demand: 1.17, percentage: 100.0
Sink 49 non è soddisfatto. Flusso netto: 6.497999999999999, Demand: 7.0, percentage: 92.82857142857142
Flusso totale entrante nei SINK: 55.32000000000001
Flusso totale uscente nei SINK: 29.072
Flusso totale netto nei SINK: 26.248000000000008
Total DEMAND dei SINK: 46.44
Percentual di flusso ai SINK: 0.5652024117140398
Numero di Sink soddisfatti: 13.0, numero totale di sink: 25.0
Percentuale di Sink soddisfatti: 0.52

---------------------------------- DAY 287

Update Fixed Elements from Intrinsic Faults
Update Fixed Elements from Heavy Faults
Update Fixed Elements from Attack
Propagate Intrinsic Fault
Node NODO_19 has still failing due to Intrinsic Fault
Node NODO_11 has still failing due to Intrinsic Fault
pipeline ARCO_35 still has reduced capacity: 0.0 due to Intrinsic Fault
pipeline ARCO_109 still has reduced capacity: 0.0 due to Intrinsic Fault
pipeline ARCO_110 still has reduced capacity: 0.0 due to Intrinsic Fault
pipeline V_EDGE_53_17 still has reduced capacity: 0.0 due to Intrinsic Fault
pipeline ARCO_39 still has reduced capacity: 0.0 due to Intrinsic Fault
pipeline ARCO_40 still has reduced capacity: 0.0 due to Intrinsic Fault
pipeline ARCO_105 still has reduced capacity: 0.0 due to Intrinsic Fault
pipeline ARCO_3 still has reduced capacity: 9.688 due to Intrinsic Fault
pipeline ARCO_90 still has reduced capacity: 1.6 due to Intrinsic Fault
pipeline ARCO_91 still has reduced capacity: 9.688 due to Intrinsic Fault
pipeline ARCO_92 still has reduced capacity: 39.328 due to Intrinsic Fault
pipeline V_EDGE_53_9 still has reduced capacity: 5.68 due to Intrinsic Fault
pipeline ARCO_20 still has reduced capacity: 1.6 due to Intrinsic Fault
pipeline ARCO_21 still has reduced capacity: 9.688 due to Intrinsic Fault
pipeline ARCO_22 still has reduced capacity: 39.328 due to Intrinsic Fault
pipeline ARCO_73 still has reduced capacity: 9.688 due to Intrinsic Fault
Propagate Heavy Faults
Propagate Attacks
Inject Intrinsic Failure To Source
Inject Heavy Fault To Sources
Inject Attack Multiple To Source
Inject Intrinsic Fault To Pipeline
Inject Heavy Fault To Pipeline
Inject Attack To Pipeline
----------- Statistics ------------
	Sources Under Attack: 0
	Sources with Heavy Fault: 0
	Sources with Intrinsic Fault: 2
	Arcs with reduce capacity due to Attack: 0
	Arcs with reduce capacity due to Heavy Fault: 0
	Arcs with reduce capacity due to Intrinsic Fault: 16
	Arcs with Attacks: 0
	Arcs with Heavy Fault: 0
	Arcs with Intrinsic Fault: 0
--------- SOURCES STATISTICS ---------------
Demand del real Source[0]: -31.0, flusso erogato: 16.296, flusso entrante: 0.0, efficienza: 52.567741935483866 %
Demand del real Source[8]: -10.5, flusso erogato: 4.2719999999999985, flusso entrante: 0.0, efficienza: 40.68571428571427 %
Demand del real Source[9]: -7.1, flusso erogato: 20.976, flusso entrante: 15.296000000000001, efficienza: 295.4366197183099 %
Demand del real Source[17]: -25.0, flusso erogato: 0.0, flusso entrante: 0.0, efficienza: 0.0 %
Flusso totale entrante nei Real Source: 15.296000000000001
Flusso totale uscente dai Real Source: 41.544000000000004
Flusso netto sui real Source: -26.248000000000005
--- SINKS STATISTICS ---
Sink 3 SODDISFATTO. Flusso netto: 3.43, Demand: 3.43, percentage: 100.0
Sink 4 SODDISFATTO. Flusso netto: 0.5700000000000003, Demand: 0.57, percentage: 100.00000000000007
Sink 5 SODDISFATTO. Flusso netto: 0.6600000000000001, Demand: 0.66, percentage: 100.00000000000003
Sink 11 SODDISFATTO. Flusso netto: 1.03, Demand: 1.03, percentage: 100.0
Sink 15 SODDISFATTO. Flusso netto: 0.45999999999999996, Demand: 0.46, percentage: 99.99999999999999
Sink 16 non è soddisfatto. Flusso netto: 2.83, Demand: 8.4, percentage: 33.69047619047619
Sink 19 non è soddisfatto. Flusso netto: 0.0, Demand: 0.54, percentage: 0.0
Sink 23 non è soddisfatto. Flusso netto: 0.0, Demand: 0.6, percentage: 0.0
Sink 24 non è soddisfatto. Flusso netto: 0.0, Demand: 0.8, percentage: 0.0
Sink 25 non è soddisfatto. Flusso netto: 0.0, Demand: 3.5, percentage: 0.0
Sink 26 non è soddisfatto. Flusso netto: 0.0, Demand: 6.0, percentage: 0.0
Sink 28 non è soddisfatto. Flusso netto: 0.0, Demand: 0.4, percentage: 0.0
Sink 30 non è soddisfatto. Flusso netto: 0.0, Demand: 0.98, percentage: 0.0
Sink 31 non è soddisfatto. Flusso netto: 0.0, Demand: 0.4, percentage: 0.0
Sink 32 SODDISFATTO. Flusso netto: 1.0000000000000009, Demand: 1.0, percentage: 100.00000000000009
Sink 34 SODDISFATTO. Flusso netto: 1.74, Demand: 1.74, percentage: 100.0
Sink 35 SODDISFATTO. Flusso netto: 1.3, Demand: 1.3, percentage: 100.0
Sink 37 SODDISFATTO. Flusso netto: 1.0, Demand: 1.0, percentage: 100.0
Sink 39 non è soddisfatto. Flusso netto: 0.0, Demand: 0.4, percentage: 0.0
Sink 40 non è soddisfatto. Flusso netto: 0.0, Demand: 0.5, percentage: 0.0
Sink 41 SODDISFATTO. Flusso netto: 1.0599999999999987, Demand: 1.06, percentage: 99.99999999999987
Sink 42 SODDISFATTO. Flusso netto: 2.8200000000000003, Demand: 2.82, percentage: 100.00000000000003
Sink 45 SODDISFATTO. Flusso netto: 0.68, Demand: 0.68, percentage: 100.0
Sink 46 SODDISFATTO. Flusso netto: 1.17, Demand: 1.17, percentage: 100.0
Sink 49 non è soddisfatto. Flusso netto: 6.497999999999999, Demand: 7.0, percentage: 92.82857142857142
Flusso totale entrante nei SINK: 55.32000000000001
Flusso totale uscente nei SINK: 29.072
Flusso totale netto nei SINK: 26.248000000000008
Total DEMAND dei SINK: 46.44
Percentual di flusso ai SINK: 0.5652024117140398
Numero di Sink soddisfatti: 13.0, numero totale di sink: 25.0
Percentuale di Sink soddisfatti: 0.52

---------------------------------- DAY 288

Update Fixed Elements from Intrinsic Faults
Source NODO_11 fixed from Intrinsic Fault
Pipeline ARCO_3 fixed due to Source NODO_11 fixing from Intrinsic Fault
Pipeline ARCO_90 fixed due to Source NODO_11 fixing from Intrinsic Fault
Pipeline ARCO_91 fixed due to Source NODO_11 fixing from Intrinsic Fault
Pipeline ARCO_92 fixed due to Source NODO_11 fixing from Intrinsic Fault
Pipeline V_EDGE_53_9 fixed due to Source NODO_11 fixing from Intrinsic Fault
Pipeline ARCO_20 fixed due to Source NODO_11 fixing from Intrinsic Fault
Pipeline ARCO_21 fixed due to Source NODO_11 fixing from Intrinsic Fault
Pipeline ARCO_22 fixed due to Source NODO_11 fixing from Intrinsic Fault
Pipeline ARCO_73 fixed due to Source NODO_11 fixing from Intrinsic Fault
Update Fixed Elements from Heavy Faults
Update Fixed Elements from Attack
Propagate Intrinsic Fault
Node NODO_19 has still failing due to Intrinsic Fault
pipeline ARCO_35 still has reduced capacity: 0.0 due to Intrinsic Fault
pipeline ARCO_109 still has reduced capacity: 0.0 due to Intrinsic Fault
pipeline ARCO_110 still has reduced capacity: 0.0 due to Intrinsic Fault
pipeline V_EDGE_53_17 still has reduced capacity: 0.0 due to Intrinsic Fault
pipeline ARCO_39 still has reduced capacity: 0.0 due to Intrinsic Fault
pipeline ARCO_40 still has reduced capacity: 0.0 due to Intrinsic Fault
pipeline ARCO_105 still has reduced capacity: 0.0 due to Intrinsic Fault
Propagate Heavy Faults
Propagate Attacks
Inject Intrinsic Failure To Source
Source NODO_11 is failing for an Intrinsic Fault in day: 288
pipeline ARCO_3 has reduced capacity due to NODO_11 Intrinsic fault
pipeline ARCO_90 has reduced capacity due to NODO_11 Intrinsic fault
pipeline ARCO_91 has reduced capacity due to NODO_11 Intrinsic fault
pipeline ARCO_92 has reduced capacity due to NODO_11 Intrinsic fault
pipeline V_EDGE_53_9 has reduced capacity due to NODO_11 Intrinsic fault
pipeline ARCO_20 has reduced capacity due to NODO_11 Intrinsic fault
pipeline ARCO_21 has reduced capacity due to NODO_11 Intrinsic fault
pipeline ARCO_22 has reduced capacity due to NODO_11 Intrinsic fault
pipeline ARCO_73 has reduced capacity due to NODO_11 Intrinsic fault
Inject Heavy Fault To Sources
Inject Attack Multiple To Source
Inject Intrinsic Fault To Pipeline
Inject Heavy Fault To Pipeline
Inject Attack To Pipeline
----------- Statistics ------------
	Sources Under Attack: 0
	Sources with Heavy Fault: 0
	Sources with Intrinsic Fault: 2
	Arcs with reduce capacity due to Attack: 0
	Arcs with reduce capacity due to Heavy Fault: 0
	Arcs with reduce capacity due to Intrinsic Fault: 16
	Arcs with Attacks: 0
	Arcs with Heavy Fault: 0
	Arcs with Intrinsic Fault: 0
--------- SOURCES STATISTICS ---------------
Demand del real Source[0]: -31.0, flusso erogato: 16.296, flusso entrante: 0.0, efficienza: 52.567741935483866 %
Demand del real Source[8]: -10.5, flusso erogato: 4.2719999999999985, flusso entrante: 0.0, efficienza: 40.68571428571427 %
Demand del real Source[9]: -7.1, flusso erogato: 20.976, flusso entrante: 15.296000000000001, efficienza: 295.4366197183099 %
Demand del real Source[17]: -25.0, flusso erogato: 0.0, flusso entrante: 0.0, efficienza: 0.0 %
Flusso totale entrante nei Real Source: 15.296000000000001
Flusso totale uscente dai Real Source: 41.544000000000004
Flusso netto sui real Source: -26.248000000000005
--- SINKS STATISTICS ---
Sink 3 SODDISFATTO. Flusso netto: 3.43, Demand: 3.43, percentage: 100.0
Sink 4 SODDISFATTO. Flusso netto: 0.5700000000000003, Demand: 0.57, percentage: 100.00000000000007
Sink 5 SODDISFATTO. Flusso netto: 0.6600000000000001, Demand: 0.66, percentage: 100.00000000000003
Sink 11 SODDISFATTO. Flusso netto: 1.03, Demand: 1.03, percentage: 100.0
Sink 15 SODDISFATTO. Flusso netto: 0.45999999999999996, Demand: 0.46, percentage: 99.99999999999999
Sink 16 non è soddisfatto. Flusso netto: 2.83, Demand: 8.4, percentage: 33.69047619047619
Sink 19 non è soddisfatto. Flusso netto: 0.0, Demand: 0.54, percentage: 0.0
Sink 23 non è soddisfatto. Flusso netto: 0.0, Demand: 0.6, percentage: 0.0
Sink 24 non è soddisfatto. Flusso netto: 0.0, Demand: 0.8, percentage: 0.0
Sink 25 non è soddisfatto. Flusso netto: 0.0, Demand: 3.5, percentage: 0.0
Sink 26 non è soddisfatto. Flusso netto: 0.0, Demand: 6.0, percentage: 0.0
Sink 28 non è soddisfatto. Flusso netto: 0.0, Demand: 0.4, percentage: 0.0
Sink 30 non è soddisfatto. Flusso netto: 0.0, Demand: 0.98, percentage: 0.0
Sink 31 non è soddisfatto. Flusso netto: 0.0, Demand: 0.4, percentage: 0.0
Sink 32 SODDISFATTO. Flusso netto: 1.0000000000000009, Demand: 1.0, percentage: 100.00000000000009
Sink 34 SODDISFATTO. Flusso netto: 1.74, Demand: 1.74, percentage: 100.0
Sink 35 SODDISFATTO. Flusso netto: 1.3, Demand: 1.3, percentage: 100.0
Sink 37 SODDISFATTO. Flusso netto: 1.0, Demand: 1.0, percentage: 100.0
Sink 39 non è soddisfatto. Flusso netto: 0.0, Demand: 0.4, percentage: 0.0
Sink 40 non è soddisfatto. Flusso netto: 0.0, Demand: 0.5, percentage: 0.0
Sink 41 SODDISFATTO. Flusso netto: 1.0599999999999987, Demand: 1.06, percentage: 99.99999999999987
Sink 42 SODDISFATTO. Flusso netto: 2.8200000000000003, Demand: 2.82, percentage: 100.00000000000003
Sink 45 SODDISFATTO. Flusso netto: 0.68, Demand: 0.68, percentage: 100.0
Sink 46 SODDISFATTO. Flusso netto: 1.17, Demand: 1.17, percentage: 100.0
Sink 49 non è soddisfatto. Flusso netto: 6.497999999999999, Demand: 7.0, percentage: 92.82857142857142
Flusso totale entrante nei SINK: 55.32000000000001
Flusso totale uscente nei SINK: 29.072
Flusso totale netto nei SINK: 26.248000000000008
Total DEMAND dei SINK: 46.44
Percentual di flusso ai SINK: 0.5652024117140398
Numero di Sink soddisfatti: 13.0, numero totale di sink: 25.0
Percentuale di Sink soddisfatti: 0.52

---------------------------------- DAY 289

Update Fixed Elements from Intrinsic Faults
Source NODO_19 fixed from Intrinsic Fault
Pipeline ARCO_35 fixed due to Source NODO_19 fixing from Intrinsic Fault
Pipeline ARCO_109 fixed due to Source NODO_19 fixing from Intrinsic Fault
Pipeline ARCO_110 fixed due to Source NODO_19 fixing from Intrinsic Fault
Pipeline V_EDGE_53_17 fixed due to Source NODO_19 fixing from Intrinsic Fault
Pipeline ARCO_39 fixed due to Source NODO_19 fixing from Intrinsic Fault
Pipeline ARCO_40 fixed due to Source NODO_19 fixing from Intrinsic Fault
Pipeline ARCO_105 fixed due to Source NODO_19 fixing from Intrinsic Fault
Update Fixed Elements from Heavy Faults
Update Fixed Elements from Attack
Propagate Intrinsic Fault
Node NODO_11 has still failing due to Intrinsic Fault
pipeline ARCO_3 still has reduced capacity: 9.688 due to Intrinsic Fault
pipeline ARCO_90 still has reduced capacity: 1.6 due to Intrinsic Fault
pipeline ARCO_91 still has reduced capacity: 9.688 due to Intrinsic Fault
pipeline ARCO_92 still has reduced capacity: 39.328 due to Intrinsic Fault
pipeline V_EDGE_53_9 still has reduced capacity: 5.68 due to Intrinsic Fault
pipeline ARCO_20 still has reduced capacity: 1.6 due to Intrinsic Fault
pipeline ARCO_21 still has reduced capacity: 9.688 due to Intrinsic Fault
pipeline ARCO_22 still has reduced capacity: 39.328 due to Intrinsic Fault
pipeline ARCO_73 still has reduced capacity: 9.688 due to Intrinsic Fault
Propagate Heavy Faults
Propagate Attacks
Inject Intrinsic Failure To Source
Source NODO_11 is failing for an Intrinsic Fault in day: 289
pipeline ARCO_3 has reduced capacity due to NODO_11 Intrinsic fault
pipeline ARCO_90 has reduced capacity due to NODO_11 Intrinsic fault
pipeline ARCO_91 has reduced capacity due to NODO_11 Intrinsic fault
pipeline ARCO_92 has reduced capacity due to NODO_11 Intrinsic fault
pipeline V_EDGE_53_9 has reduced capacity due to NODO_11 Intrinsic fault
pipeline ARCO_20 has reduced capacity due to NODO_11 Intrinsic fault
pipeline ARCO_21 has reduced capacity due to NODO_11 Intrinsic fault
pipeline ARCO_22 has reduced capacity due to NODO_11 Intrinsic fault
pipeline ARCO_73 has reduced capacity due to NODO_11 Intrinsic fault
Inject Heavy Fault To Sources
Inject Attack Multiple To Source
Inject Intrinsic Fault To Pipeline
Inject Heavy Fault To Pipeline
Inject Attack To Pipeline
----------- Statistics ------------
	Sources Under Attack: 0
	Sources with Heavy Fault: 0
	Sources with Intrinsic Fault: 1
	Arcs with reduce capacity due to Attack: 0
	Arcs with reduce capacity due to Heavy Fault: 0
	Arcs with reduce capacity due to Intrinsic Fault: 9
	Arcs with Attacks: 0
	Arcs with Heavy Fault: 0
	Arcs with Intrinsic Fault: 0
--------- SOURCES STATISTICS ---------------
Demand del real Source[0]: -31.0, flusso erogato: 10.596399999999997, flusso entrante: 0.0, efficienza: 34.18193548387096 %
Demand del real Source[8]: -10.5, flusso erogato: 3.8600000000000003, flusso entrante: 0.0, efficienza: 36.76190476190476 %
Demand del real Source[9]: -7.1, flusso erogato: 14.140399999999998, flusso entrante: 9.5964, efficienza: 199.16056338028167 %
Demand del real Source[17]: -25.0, flusso erogato: 25.000000000000007, flusso entrante: 0.0, efficienza: 100.00000000000003 %
Flusso totale entrante nei Real Source: 9.5964
Flusso totale uscente dai Real Source: 53.5968
Flusso netto sui real Source: -44.0004
--- SINKS STATISTICS ---
Sink 3 SODDISFATTO. Flusso netto: 3.43, Demand: 3.43, percentage: 100.0
Sink 4 SODDISFATTO. Flusso netto: 0.5699999999999998, Demand: 0.57, percentage: 99.99999999999997
Sink 5 SODDISFATTO. Flusso netto: 0.6600000000000001, Demand: 0.66, percentage: 100.00000000000003
Sink 11 SODDISFATTO. Flusso netto: 1.03, Demand: 1.03, percentage: 100.0
Sink 15 SODDISFATTO. Flusso netto: 0.46, Demand: 0.46, percentage: 100.0
Sink 16 SODDISFATTO. Flusso netto: 8.400000000000002, Demand: 8.4, percentage: 100.00000000000003
Sink 19 SODDISFATTO. Flusso netto: 0.5399999999999991, Demand: 0.54, percentage: 99.99999999999983
Sink 23 SODDISFATTO. Flusso netto: 0.5999999999999999, Demand: 0.6, percentage: 99.99999999999997
Sink 24 SODDISFATTO. Flusso netto: 0.8, Demand: 0.8, percentage: 100.0
Sink 25 SODDISFATTO. Flusso netto: 3.5, Demand: 3.5, percentage: 100.0
Sink 26 SODDISFATTO. Flusso netto: 6.000000000000002, Demand: 6.0, percentage: 100.00000000000003
Sink 28 SODDISFATTO. Flusso netto: 0.4, Demand: 0.4, percentage: 100.0
Sink 30 SODDISFATTO. Flusso netto: 0.9799999999999986, Demand: 0.98, percentage: 99.99999999999987
Sink 31 SODDISFATTO. Flusso netto: 0.4, Demand: 0.4, percentage: 100.0
Sink 32 SODDISFATTO. Flusso netto: 0.9999999999999996, Demand: 1.0, percentage: 99.99999999999996
Sink 34 SODDISFATTO. Flusso netto: 1.74, Demand: 1.74, percentage: 100.0
Sink 35 SODDISFATTO. Flusso netto: 1.3, Demand: 1.3, percentage: 100.0
Sink 37 SODDISFATTO. Flusso netto: 1.0, Demand: 1.0, percentage: 100.0
Sink 39 SODDISFATTO. Flusso netto: 0.4, Demand: 0.4, percentage: 100.0
Sink 40 SODDISFATTO. Flusso netto: 0.5, Demand: 0.5, percentage: 100.0
Sink 41 SODDISFATTO. Flusso netto: 1.0599999999999996, Demand: 1.06, percentage: 99.99999999999996
Sink 42 SODDISFATTO. Flusso netto: 2.8200000000000003, Demand: 2.82, percentage: 100.00000000000003
Sink 45 SODDISFATTO. Flusso netto: 0.68, Demand: 0.68, percentage: 100.0
Sink 46 SODDISFATTO. Flusso netto: 1.17, Demand: 1.17, percentage: 100.0
Sink 49 non è soddisfatto. Flusso netto: 4.5604, Demand: 7.0, percentage: 65.14857142857142
Flusso totale entrante nei SINK: 87.4916
Flusso totale uscente nei SINK: 43.4912
Flusso totale netto nei SINK: 44.000400000000006
Total DEMAND dei SINK: 46.44
Percentual di flusso ai SINK: 0.9474677002583981
Numero di Sink soddisfatti: 24.0, numero totale di sink: 25.0
Percentuale di Sink soddisfatti: 0.96

---------------------------------- DAY 290

Update Fixed Elements from Intrinsic Faults
Update Fixed Elements from Heavy Faults
Update Fixed Elements from Attack
Propagate Intrinsic Fault
Node NODO_11 has still failing due to Intrinsic Fault
pipeline ARCO_3 still has reduced capacity: 9.688 due to Intrinsic Fault
pipeline ARCO_90 still has reduced capacity: 1.6 due to Intrinsic Fault
pipeline ARCO_91 still has reduced capacity: 9.688 due to Intrinsic Fault
pipeline ARCO_92 still has reduced capacity: 39.328 due to Intrinsic Fault
pipeline V_EDGE_53_9 still has reduced capacity: 5.68 due to Intrinsic Fault
pipeline ARCO_20 still has reduced capacity: 1.6 due to Intrinsic Fault
pipeline ARCO_21 still has reduced capacity: 9.688 due to Intrinsic Fault
pipeline ARCO_22 still has reduced capacity: 39.328 due to Intrinsic Fault
pipeline ARCO_73 still has reduced capacity: 9.688 due to Intrinsic Fault
Propagate Heavy Faults
Propagate Attacks
Inject Intrinsic Failure To Source
Inject Heavy Fault To Sources
Inject Attack Multiple To Source
Inject Intrinsic Fault To Pipeline
Inject Heavy Fault To Pipeline
Inject Attack To Pipeline
----------- Statistics ------------
	Sources Under Attack: 0
	Sources with Heavy Fault: 0
	Sources with Intrinsic Fault: 1
	Arcs with reduce capacity due to Attack: 0
	Arcs with reduce capacity due to Heavy Fault: 0
	Arcs with reduce capacity due to Intrinsic Fault: 9
	Arcs with Attacks: 0
	Arcs with Heavy Fault: 0
	Arcs with Intrinsic Fault: 0
--------- SOURCES STATISTICS ---------------
Demand del real Source[0]: -31.0, flusso erogato: 11.397999999999998, flusso entrante: 0.0, efficienza: 36.76774193548387 %
Demand del real Source[8]: -10.5, flusso erogato: 3.8600000000000003, flusso entrante: 0.0, efficienza: 36.76190476190476 %
Demand del real Source[9]: -7.1, flusso erogato: 16.077999999999996, flusso entrante: 10.397999999999998, efficienza: 226.45070422535207 %
Demand del real Source[17]: -25.0, flusso erogato: 25.000000000000007, flusso entrante: 0.0, efficienza: 100.00000000000003 %
Flusso totale entrante nei Real Source: 10.397999999999998
Flusso totale uscente dai Real Source: 56.336000000000006
Flusso netto sui real Source: -45.93800000000001
--- SINKS STATISTICS ---
Sink 3 SODDISFATTO. Flusso netto: 3.43, Demand: 3.43, percentage: 100.0
Sink 4 SODDISFATTO. Flusso netto: 0.5700000000000003, Demand: 0.57, percentage: 100.00000000000007
Sink 5 SODDISFATTO. Flusso netto: 0.6600000000000001, Demand: 0.66, percentage: 100.00000000000003
Sink 11 SODDISFATTO. Flusso netto: 1.03, Demand: 1.03, percentage: 100.0
Sink 15 SODDISFATTO. Flusso netto: 0.46, Demand: 0.46, percentage: 100.0
Sink 16 SODDISFATTO. Flusso netto: 8.400000000000002, Demand: 8.4, percentage: 100.00000000000003
Sink 19 SODDISFATTO. Flusso netto: 0.5399999999999991, Demand: 0.54, percentage: 99.99999999999983
Sink 23 SODDISFATTO. Flusso netto: 0.5999999999999999, Demand: 0.6, percentage: 99.99999999999997
Sink 24 SODDISFATTO. Flusso netto: 0.8, Demand: 0.8, percentage: 100.0
Sink 25 SODDISFATTO. Flusso netto: 3.5, Demand: 3.5, percentage: 100.0
Sink 26 SODDISFATTO. Flusso netto: 6.000000000000002, Demand: 6.0, percentage: 100.00000000000003
Sink 28 SODDISFATTO. Flusso netto: 0.4, Demand: 0.4, percentage: 100.0
Sink 30 SODDISFATTO. Flusso netto: 0.9799999999999986, Demand: 0.98, percentage: 99.99999999999987
Sink 31 SODDISFATTO. Flusso netto: 0.4, Demand: 0.4, percentage: 100.0
Sink 32 SODDISFATTO. Flusso netto: 0.9999999999999996, Demand: 1.0, percentage: 99.99999999999996
Sink 34 SODDISFATTO. Flusso netto: 1.74, Demand: 1.74, percentage: 100.0
Sink 35 SODDISFATTO. Flusso netto: 1.3, Demand: 1.3, percentage: 100.0
Sink 37 SODDISFATTO. Flusso netto: 1.0, Demand: 1.0, percentage: 100.0
Sink 39 SODDISFATTO. Flusso netto: 0.4, Demand: 0.4, percentage: 100.0
Sink 40 SODDISFATTO. Flusso netto: 0.5, Demand: 0.5, percentage: 100.0
Sink 41 SODDISFATTO. Flusso netto: 1.0599999999999996, Demand: 1.06, percentage: 99.99999999999996
Sink 42 SODDISFATTO. Flusso netto: 2.8200000000000003, Demand: 2.82, percentage: 100.00000000000003
Sink 45 SODDISFATTO. Flusso netto: 0.68, Demand: 0.68, percentage: 100.0
Sink 46 SODDISFATTO. Flusso netto: 1.17, Demand: 1.17, percentage: 100.0
Sink 49 non è soddisfatto. Flusso netto: 6.497999999999999, Demand: 7.0, percentage: 92.82857142857142
Flusso totale entrante nei SINK: 95.24200000000002
Flusso totale uscente nei SINK: 49.304
Flusso totale netto nei SINK: 45.93800000000002
Total DEMAND dei SINK: 46.44
Percentual di flusso ai SINK: 0.989190353143842
Numero di Sink soddisfatti: 24.0, numero totale di sink: 25.0
Percentuale di Sink soddisfatti: 0.96

---------------------------------- DAY 291

Update Fixed Elements from Intrinsic Faults
Source NODO_11 fixed from Intrinsic Fault
Pipeline ARCO_3 fixed due to Source NODO_11 fixing from Intrinsic Fault
Pipeline ARCO_90 fixed due to Source NODO_11 fixing from Intrinsic Fault
Pipeline ARCO_91 fixed due to Source NODO_11 fixing from Intrinsic Fault
Pipeline ARCO_92 fixed due to Source NODO_11 fixing from Intrinsic Fault
Pipeline V_EDGE_53_9 fixed due to Source NODO_11 fixing from Intrinsic Fault
Pipeline ARCO_20 fixed due to Source NODO_11 fixing from Intrinsic Fault
Pipeline ARCO_21 fixed due to Source NODO_11 fixing from Intrinsic Fault
Pipeline ARCO_22 fixed due to Source NODO_11 fixing from Intrinsic Fault
Pipeline ARCO_73 fixed due to Source NODO_11 fixing from Intrinsic Fault
Update Fixed Elements from Heavy Faults
Update Fixed Elements from Attack
Propagate Intrinsic Fault
Propagate Heavy Faults
Propagate Attacks
Inject Intrinsic Failure To Source
Inject Heavy Fault To Sources
Inject Attack Multiple To Source
Inject Intrinsic Fault To Pipeline
Inject Heavy Fault To Pipeline
Inject Attack To Pipeline
----------- Statistics ------------
	Sources Under Attack: 0
	Sources with Heavy Fault: 0
	Sources with Intrinsic Fault: 0
	Arcs with reduce capacity due to Attack: 0
	Arcs with reduce capacity due to Heavy Fault: 0
	Arcs with reduce capacity due to Intrinsic Fault: 0
	Arcs with Attacks: 0
	Arcs with Heavy Fault: 0
	Arcs with Intrinsic Fault: 0
--------- SOURCES STATISTICS ---------------
Demand del real Source[0]: -31.0, flusso erogato: 10.129999999999997, flusso entrante: 0.0, efficienza: 32.6774193548387 %
Demand del real Source[8]: -10.5, flusso erogato: 3.8600000000000003, flusso entrante: 0.0, efficienza: 36.76190476190476 %
Demand del real Source[9]: -7.1, flusso erogato: 16.229999999999997, flusso entrante: 9.129999999999997, efficienza: 228.59154929577463 %
Demand del real Source[17]: -25.0, flusso erogato: 25.000000000000007, flusso entrante: 0.0, efficienza: 100.00000000000003 %
Flusso totale entrante nei Real Source: 9.129999999999997
Flusso totale uscente dai Real Source: 55.220000000000006
Flusso netto sui real Source: -46.09000000000001
--- SINKS STATISTICS ---
Sink 3 SODDISFATTO. Flusso netto: 3.43, Demand: 3.43, percentage: 100.0
Sink 4 SODDISFATTO. Flusso netto: 0.5700000000000003, Demand: 0.57, percentage: 100.00000000000007
Sink 5 SODDISFATTO. Flusso netto: 0.6600000000000001, Demand: 0.66, percentage: 100.00000000000003
Sink 11 SODDISFATTO. Flusso netto: 1.03, Demand: 1.03, percentage: 100.0
Sink 15 SODDISFATTO. Flusso netto: 0.46, Demand: 0.46, percentage: 100.0
Sink 16 SODDISFATTO. Flusso netto: 8.400000000000002, Demand: 8.4, percentage: 100.00000000000003
Sink 19 SODDISFATTO. Flusso netto: 0.5399999999999991, Demand: 0.54, percentage: 99.99999999999983
Sink 23 SODDISFATTO. Flusso netto: 0.5999999999999999, Demand: 0.6, percentage: 99.99999999999997
Sink 24 SODDISFATTO. Flusso netto: 0.8, Demand: 0.8, percentage: 100.0
Sink 25 SODDISFATTO. Flusso netto: 3.5, Demand: 3.5, percentage: 100.0
Sink 26 SODDISFATTO. Flusso netto: 6.000000000000002, Demand: 6.0, percentage: 100.00000000000003
Sink 28 SODDISFATTO. Flusso netto: 0.4, Demand: 0.4, percentage: 100.0
Sink 30 SODDISFATTO. Flusso netto: 0.9799999999999986, Demand: 0.98, percentage: 99.99999999999987
Sink 31 SODDISFATTO. Flusso netto: 0.4, Demand: 0.4, percentage: 100.0
Sink 32 SODDISFATTO. Flusso netto: 0.9999999999999996, Demand: 1.0, percentage: 99.99999999999996
Sink 34 SODDISFATTO. Flusso netto: 1.74, Demand: 1.74, percentage: 100.0
Sink 35 SODDISFATTO. Flusso netto: 1.3, Demand: 1.3, percentage: 100.0
Sink 37 SODDISFATTO. Flusso netto: 1.0, Demand: 1.0, percentage: 100.0
Sink 39 SODDISFATTO. Flusso netto: 0.4, Demand: 0.4, percentage: 100.0
Sink 40 SODDISFATTO. Flusso netto: 0.5, Demand: 0.5, percentage: 100.0
Sink 41 SODDISFATTO. Flusso netto: 1.06, Demand: 1.06, percentage: 100.0
Sink 42 SODDISFATTO. Flusso netto: 2.8199999999999994, Demand: 2.82, percentage: 99.99999999999999
Sink 45 SODDISFATTO. Flusso netto: 0.68, Demand: 0.68, percentage: 100.0
Sink 46 SODDISFATTO. Flusso netto: 1.17, Demand: 1.17, percentage: 100.0
Sink 49 non è soddisfatto. Flusso netto: 6.6499999999999995, Demand: 7.0, percentage: 95.0
Flusso totale entrante nei SINK: 92.61000000000001
Flusso totale uscente nei SINK: 46.52
Flusso totale netto nei SINK: 46.09000000000001
Total DEMAND dei SINK: 46.44
Percentual di flusso ai SINK: 0.9924633936261846
Numero di Sink soddisfatti: 24.0, numero totale di sink: 25.0
Percentuale di Sink soddisfatti: 0.96

---------------------------------- DAY 292

Update Fixed Elements from Intrinsic Faults
Update Fixed Elements from Heavy Faults
Update Fixed Elements from Attack
Propagate Intrinsic Fault
Propagate Heavy Faults
Propagate Attacks
Inject Intrinsic Failure To Source
Source NODO_10 is failing for an Intrinsic Fault in day: 292
pipeline ARCO_17 has reduced capacity due to NODO_10 Intrinsic fault
pipeline ARCO_88 has reduced capacity due to NODO_10 Intrinsic fault
pipeline ARCO_89 has reduced capacity due to NODO_10 Intrinsic fault
pipeline V_EDGE_53_8 has reduced capacity due to NODO_10 Intrinsic fault
pipeline ARCO_18 has reduced capacity due to NODO_10 Intrinsic fault
pipeline ARCO_19 has reduced capacity due to NODO_10 Intrinsic fault
pipeline ARCO_87 has reduced capacity due to NODO_10 Intrinsic fault
Inject Heavy Fault To Sources
Inject Attack Multiple To Source
Inject Intrinsic Fault To Pipeline
Inject Heavy Fault To Pipeline
Inject Attack To Pipeline
----------- Statistics ------------
	Sources Under Attack: 0
	Sources with Heavy Fault: 0
	Sources with Intrinsic Fault: 1
	Arcs with reduce capacity due to Attack: 0
	Arcs with reduce capacity due to Heavy Fault: 0
	Arcs with reduce capacity due to Intrinsic Fault: 7
	Arcs with Attacks: 0
	Arcs with Heavy Fault: 0
	Arcs with Intrinsic Fault: 0
--------- SOURCES STATISTICS ---------------
Demand del real Source[0]: -31.0, flusso erogato: 11.159999999999998, flusso entrante: 0.0, efficienza: 35.99999999999999 %
Demand del real Source[8]: -10.5, flusso erogato: 0.0, flusso entrante: 0.0, efficienza: 0.0 %
Demand del real Source[9]: -7.1, flusso erogato: 17.259999999999998, flusso entrante: 10.159999999999998, efficienza: 243.09859154929575 %
Demand del real Source[17]: -25.0, flusso erogato: 25.000000000000007, flusso entrante: 0.0, efficienza: 100.00000000000003 %
Flusso totale entrante nei Real Source: 10.159999999999998
Flusso totale uscente dai Real Source: 53.42
Flusso netto sui real Source: -43.260000000000005
--- SINKS STATISTICS ---
Sink 3 SODDISFATTO. Flusso netto: 3.43, Demand: 3.43, percentage: 100.0
Sink 4 SODDISFATTO. Flusso netto: 0.5700000000000003, Demand: 0.57, percentage: 100.00000000000007
Sink 5 SODDISFATTO. Flusso netto: 0.6599999999999997, Demand: 0.66, percentage: 99.99999999999994
Sink 11 SODDISFATTO. Flusso netto: 1.03, Demand: 1.03, percentage: 100.0
Sink 15 SODDISFATTO. Flusso netto: 0.46, Demand: 0.46, percentage: 100.0
Sink 16 SODDISFATTO. Flusso netto: 8.400000000000002, Demand: 8.4, percentage: 100.00000000000003
Sink 19 SODDISFATTO. Flusso netto: 0.5399999999999991, Demand: 0.54, percentage: 99.99999999999983
Sink 23 SODDISFATTO. Flusso netto: 0.5999999999999999, Demand: 0.6, percentage: 99.99999999999997
Sink 24 SODDISFATTO. Flusso netto: 0.8, Demand: 0.8, percentage: 100.0
Sink 25 SODDISFATTO. Flusso netto: 3.5, Demand: 3.5, percentage: 100.0
Sink 26 SODDISFATTO. Flusso netto: 6.000000000000002, Demand: 6.0, percentage: 100.00000000000003
Sink 28 SODDISFATTO. Flusso netto: 0.4, Demand: 0.4, percentage: 100.0
Sink 30 SODDISFATTO. Flusso netto: 0.9799999999999986, Demand: 0.98, percentage: 99.99999999999987
Sink 31 SODDISFATTO. Flusso netto: 0.4, Demand: 0.4, percentage: 100.0
Sink 32 SODDISFATTO. Flusso netto: 0.9999999999999996, Demand: 1.0, percentage: 99.99999999999996
Sink 34 SODDISFATTO. Flusso netto: 1.74, Demand: 1.74, percentage: 100.0
Sink 35 SODDISFATTO. Flusso netto: 1.3, Demand: 1.3, percentage: 100.0
Sink 37 SODDISFATTO. Flusso netto: 1.0, Demand: 1.0, percentage: 100.0
Sink 39 SODDISFATTO. Flusso netto: 0.4, Demand: 0.4, percentage: 100.0
Sink 40 SODDISFATTO. Flusso netto: 0.5, Demand: 0.5, percentage: 100.0
Sink 41 SODDISFATTO. Flusso netto: 1.06, Demand: 1.06, percentage: 100.0
Sink 42 SODDISFATTO. Flusso netto: 2.8199999999999994, Demand: 2.82, percentage: 99.99999999999999
Sink 45 SODDISFATTO. Flusso netto: 0.68, Demand: 0.68, percentage: 100.0
Sink 46 SODDISFATTO. Flusso netto: 1.17, Demand: 1.17, percentage: 100.0
Sink 49 non è soddisfatto. Flusso netto: 3.82, Demand: 7.0, percentage: 54.57142857142857
Flusso totale entrante nei SINK: 89.12
Flusso totale uscente nei SINK: 45.86000000000001
Flusso totale netto nei SINK: 43.26
Total DEMAND dei SINK: 46.44
Percentual di flusso ai SINK: 0.9315245478036176
Numero di Sink soddisfatti: 24.0, numero totale di sink: 25.0
Percentuale di Sink soddisfatti: 0.96

---------------------------------- DAY 293

Update Fixed Elements from Intrinsic Faults
Update Fixed Elements from Heavy Faults
Update Fixed Elements from Attack
Propagate Intrinsic Fault
Node NODO_10 has still failing due to Intrinsic Fault
pipeline ARCO_17 still has reduced capacity: 0.0 due to Intrinsic Fault
pipeline ARCO_88 still has reduced capacity: 0.0 due to Intrinsic Fault
pipeline ARCO_89 still has reduced capacity: 0.0 due to Intrinsic Fault
pipeline V_EDGE_53_8 still has reduced capacity: 0.0 due to Intrinsic Fault
pipeline ARCO_18 still has reduced capacity: 0.0 due to Intrinsic Fault
pipeline ARCO_19 still has reduced capacity: 0.0 due to Intrinsic Fault
pipeline ARCO_87 still has reduced capacity: 0.0 due to Intrinsic Fault
Propagate Heavy Faults
Propagate Attacks
Inject Intrinsic Failure To Source
Inject Heavy Fault To Sources
Inject Attack Multiple To Source
Inject Intrinsic Fault To Pipeline
Inject Heavy Fault To Pipeline
Inject Attack To Pipeline
----------- Statistics ------------
	Sources Under Attack: 0
	Sources with Heavy Fault: 0
	Sources with Intrinsic Fault: 1
	Arcs with reduce capacity due to Attack: 0
	Arcs with reduce capacity due to Heavy Fault: 0
	Arcs with reduce capacity due to Intrinsic Fault: 7
	Arcs with Attacks: 0
	Arcs with Heavy Fault: 0
	Arcs with Intrinsic Fault: 0
--------- SOURCES STATISTICS ---------------
Demand del real Source[0]: -31.0, flusso erogato: 11.159999999999998, flusso entrante: 0.0, efficienza: 35.99999999999999 %
Demand del real Source[8]: -10.5, flusso erogato: 0.0, flusso entrante: 0.0, efficienza: 0.0 %
Demand del real Source[9]: -7.1, flusso erogato: 17.259999999999998, flusso entrante: 10.159999999999998, efficienza: 243.09859154929575 %
Demand del real Source[17]: -25.0, flusso erogato: 25.000000000000007, flusso entrante: 0.0, efficienza: 100.00000000000003 %
Flusso totale entrante nei Real Source: 10.159999999999998
Flusso totale uscente dai Real Source: 53.42
Flusso netto sui real Source: -43.260000000000005
--- SINKS STATISTICS ---
Sink 3 SODDISFATTO. Flusso netto: 3.43, Demand: 3.43, percentage: 100.0
Sink 4 SODDISFATTO. Flusso netto: 0.5700000000000003, Demand: 0.57, percentage: 100.00000000000007
Sink 5 SODDISFATTO. Flusso netto: 0.6599999999999997, Demand: 0.66, percentage: 99.99999999999994
Sink 11 SODDISFATTO. Flusso netto: 1.03, Demand: 1.03, percentage: 100.0
Sink 15 SODDISFATTO. Flusso netto: 0.46, Demand: 0.46, percentage: 100.0
Sink 16 SODDISFATTO. Flusso netto: 8.400000000000002, Demand: 8.4, percentage: 100.00000000000003
Sink 19 SODDISFATTO. Flusso netto: 0.5399999999999991, Demand: 0.54, percentage: 99.99999999999983
Sink 23 SODDISFATTO. Flusso netto: 0.5999999999999999, Demand: 0.6, percentage: 99.99999999999997
Sink 24 SODDISFATTO. Flusso netto: 0.8, Demand: 0.8, percentage: 100.0
Sink 25 SODDISFATTO. Flusso netto: 3.5, Demand: 3.5, percentage: 100.0
Sink 26 SODDISFATTO. Flusso netto: 6.000000000000002, Demand: 6.0, percentage: 100.00000000000003
Sink 28 SODDISFATTO. Flusso netto: 0.4, Demand: 0.4, percentage: 100.0
Sink 30 SODDISFATTO. Flusso netto: 0.9799999999999986, Demand: 0.98, percentage: 99.99999999999987
Sink 31 SODDISFATTO. Flusso netto: 0.4, Demand: 0.4, percentage: 100.0
Sink 32 SODDISFATTO. Flusso netto: 0.9999999999999996, Demand: 1.0, percentage: 99.99999999999996
Sink 34 SODDISFATTO. Flusso netto: 1.74, Demand: 1.74, percentage: 100.0
Sink 35 SODDISFATTO. Flusso netto: 1.3, Demand: 1.3, percentage: 100.0
Sink 37 SODDISFATTO. Flusso netto: 1.0, Demand: 1.0, percentage: 100.0
Sink 39 SODDISFATTO. Flusso netto: 0.4, Demand: 0.4, percentage: 100.0
Sink 40 SODDISFATTO. Flusso netto: 0.5, Demand: 0.5, percentage: 100.0
Sink 41 SODDISFATTO. Flusso netto: 1.06, Demand: 1.06, percentage: 100.0
Sink 42 SODDISFATTO. Flusso netto: 2.8199999999999994, Demand: 2.82, percentage: 99.99999999999999
Sink 45 SODDISFATTO. Flusso netto: 0.68, Demand: 0.68, percentage: 100.0
Sink 46 SODDISFATTO. Flusso netto: 1.17, Demand: 1.17, percentage: 100.0
Sink 49 non è soddisfatto. Flusso netto: 3.82, Demand: 7.0, percentage: 54.57142857142857
Flusso totale entrante nei SINK: 89.12
Flusso totale uscente nei SINK: 45.86000000000001
Flusso totale netto nei SINK: 43.26
Total DEMAND dei SINK: 46.44
Percentual di flusso ai SINK: 0.9315245478036176
Numero di Sink soddisfatti: 24.0, numero totale di sink: 25.0
Percentuale di Sink soddisfatti: 0.96

---------------------------------- DAY 294

Update Fixed Elements from Intrinsic Faults
Update Fixed Elements from Heavy Faults
Update Fixed Elements from Attack
Propagate Intrinsic Fault
Node NODO_10 has still failing due to Intrinsic Fault
pipeline ARCO_17 still has reduced capacity: 0.0 due to Intrinsic Fault
pipeline ARCO_88 still has reduced capacity: 0.0 due to Intrinsic Fault
pipeline ARCO_89 still has reduced capacity: 0.0 due to Intrinsic Fault
pipeline V_EDGE_53_8 still has reduced capacity: 0.0 due to Intrinsic Fault
pipeline ARCO_18 still has reduced capacity: 0.0 due to Intrinsic Fault
pipeline ARCO_19 still has reduced capacity: 0.0 due to Intrinsic Fault
pipeline ARCO_87 still has reduced capacity: 0.0 due to Intrinsic Fault
Propagate Heavy Faults
Propagate Attacks
Inject Intrinsic Failure To Source
Source NODO_11 is failing for an Intrinsic Fault in day: 294
pipeline ARCO_3 has reduced capacity due to NODO_11 Intrinsic fault
pipeline ARCO_90 has reduced capacity due to NODO_11 Intrinsic fault
pipeline ARCO_91 has reduced capacity due to NODO_11 Intrinsic fault
pipeline ARCO_92 has reduced capacity due to NODO_11 Intrinsic fault
pipeline V_EDGE_53_9 has reduced capacity due to NODO_11 Intrinsic fault
pipeline ARCO_20 has reduced capacity due to NODO_11 Intrinsic fault
pipeline ARCO_21 has reduced capacity due to NODO_11 Intrinsic fault
pipeline ARCO_22 has reduced capacity due to NODO_11 Intrinsic fault
pipeline ARCO_73 has reduced capacity due to NODO_11 Intrinsic fault
Inject Heavy Fault To Sources
Inject Attack Multiple To Source
Inject Intrinsic Fault To Pipeline
Inject Heavy Fault To Pipeline
Inject Attack To Pipeline
----------- Statistics ------------
	Sources Under Attack: 0
	Sources with Heavy Fault: 0
	Sources with Intrinsic Fault: 2
	Arcs with reduce capacity due to Attack: 0
	Arcs with reduce capacity due to Heavy Fault: 0
	Arcs with reduce capacity due to Intrinsic Fault: 16
	Arcs with Attacks: 0
	Arcs with Heavy Fault: 0
	Arcs with Intrinsic Fault: 0
--------- SOURCES STATISTICS ---------------
Demand del real Source[0]: -31.0, flusso erogato: 12.427999999999997, flusso entrante: 0.0, efficienza: 40.09032258064516 %
Demand del real Source[8]: -10.5, flusso erogato: 0.0, flusso entrante: 0.0, efficienza: 0.0 %
Demand del real Source[9]: -7.1, flusso erogato: 17.107999999999997, flusso entrante: 11.427999999999999, efficienza: 240.9577464788732 %
Demand del real Source[17]: -25.0, flusso erogato: 25.000000000000007, flusso entrante: 0.0, efficienza: 100.00000000000003 %
Flusso totale entrante nei Real Source: 11.427999999999999
Flusso totale uscente dai Real Source: 54.536
Flusso netto sui real Source: -43.108000000000004
--- SINKS STATISTICS ---
Sink 3 SODDISFATTO. Flusso netto: 3.43, Demand: 3.43, percentage: 100.0
Sink 4 SODDISFATTO. Flusso netto: 0.5700000000000003, Demand: 0.57, percentage: 100.00000000000007
Sink 5 SODDISFATTO. Flusso netto: 0.6599999999999997, Demand: 0.66, percentage: 99.99999999999994
Sink 11 SODDISFATTO. Flusso netto: 1.03, Demand: 1.03, percentage: 100.0
Sink 15 SODDISFATTO. Flusso netto: 0.46, Demand: 0.46, percentage: 100.0
Sink 16 SODDISFATTO. Flusso netto: 8.400000000000002, Demand: 8.4, percentage: 100.00000000000003
Sink 19 SODDISFATTO. Flusso netto: 0.5399999999999991, Demand: 0.54, percentage: 99.99999999999983
Sink 23 SODDISFATTO. Flusso netto: 0.5999999999999999, Demand: 0.6, percentage: 99.99999999999997
Sink 24 SODDISFATTO. Flusso netto: 0.8, Demand: 0.8, percentage: 100.0
Sink 25 SODDISFATTO. Flusso netto: 3.5, Demand: 3.5, percentage: 100.0
Sink 26 SODDISFATTO. Flusso netto: 6.000000000000002, Demand: 6.0, percentage: 100.00000000000003
Sink 28 SODDISFATTO. Flusso netto: 0.4, Demand: 0.4, percentage: 100.0
Sink 30 SODDISFATTO. Flusso netto: 0.9799999999999986, Demand: 0.98, percentage: 99.99999999999987
Sink 31 SODDISFATTO. Flusso netto: 0.4, Demand: 0.4, percentage: 100.0
Sink 32 SODDISFATTO. Flusso netto: 0.9999999999999996, Demand: 1.0, percentage: 99.99999999999996
Sink 34 SODDISFATTO. Flusso netto: 1.74, Demand: 1.74, percentage: 100.0
Sink 35 SODDISFATTO. Flusso netto: 1.3, Demand: 1.3, percentage: 100.0
Sink 37 SODDISFATTO. Flusso netto: 1.0, Demand: 1.0, percentage: 100.0
Sink 39 SODDISFATTO. Flusso netto: 0.4, Demand: 0.4, percentage: 100.0
Sink 40 SODDISFATTO. Flusso netto: 0.5, Demand: 0.5, percentage: 100.0
Sink 41 SODDISFATTO. Flusso netto: 1.0599999999999996, Demand: 1.06, percentage: 99.99999999999996
Sink 42 SODDISFATTO. Flusso netto: 2.8200000000000003, Demand: 2.82, percentage: 100.00000000000003
Sink 45 SODDISFATTO. Flusso netto: 0.68, Demand: 0.68, percentage: 100.0
Sink 46 SODDISFATTO. Flusso netto: 1.17, Demand: 1.17, percentage: 100.0
Sink 49 non è soddisfatto. Flusso netto: 3.6679999999999997, Demand: 7.0, percentage: 52.39999999999999
Flusso totale entrante nei SINK: 91.75200000000002
Flusso totale uscente nei SINK: 48.64399999999999
Flusso totale netto nei SINK: 43.10800000000003
Total DEMAND dei SINK: 46.44
Percentual di flusso ai SINK: 0.9282515073212755
Numero di Sink soddisfatti: 24.0, numero totale di sink: 25.0
Percentuale di Sink soddisfatti: 0.96

---------------------------------- DAY 295

Update Fixed Elements from Intrinsic Faults
Update Fixed Elements from Heavy Faults
Update Fixed Elements from Attack
Propagate Intrinsic Fault
Node NODO_10 has still failing due to Intrinsic Fault
Node NODO_11 has still failing due to Intrinsic Fault
pipeline ARCO_17 still has reduced capacity: 0.0 due to Intrinsic Fault
pipeline ARCO_88 still has reduced capacity: 0.0 due to Intrinsic Fault
pipeline ARCO_89 still has reduced capacity: 0.0 due to Intrinsic Fault
pipeline V_EDGE_53_8 still has reduced capacity: 0.0 due to Intrinsic Fault
pipeline ARCO_18 still has reduced capacity: 0.0 due to Intrinsic Fault
pipeline ARCO_19 still has reduced capacity: 0.0 due to Intrinsic Fault
pipeline ARCO_87 still has reduced capacity: 0.0 due to Intrinsic Fault
pipeline ARCO_3 still has reduced capacity: 9.688 due to Intrinsic Fault
pipeline ARCO_90 still has reduced capacity: 1.6 due to Intrinsic Fault
pipeline ARCO_91 still has reduced capacity: 9.688 due to Intrinsic Fault
pipeline ARCO_92 still has reduced capacity: 39.328 due to Intrinsic Fault
pipeline V_EDGE_53_9 still has reduced capacity: 5.68 due to Intrinsic Fault
pipeline ARCO_20 still has reduced capacity: 1.6 due to Intrinsic Fault
pipeline ARCO_21 still has reduced capacity: 9.688 due to Intrinsic Fault
pipeline ARCO_22 still has reduced capacity: 39.328 due to Intrinsic Fault
pipeline ARCO_73 still has reduced capacity: 9.688 due to Intrinsic Fault
Propagate Heavy Faults
Propagate Attacks
Inject Intrinsic Failure To Source
Inject Heavy Fault To Sources
Inject Attack Multiple To Source
Inject Intrinsic Fault To Pipeline
Inject Heavy Fault To Pipeline
Inject Attack To Pipeline
----------- Statistics ------------
	Sources Under Attack: 0
	Sources with Heavy Fault: 0
	Sources with Intrinsic Fault: 2
	Arcs with reduce capacity due to Attack: 0
	Arcs with reduce capacity due to Heavy Fault: 0
	Arcs with reduce capacity due to Intrinsic Fault: 16
	Arcs with Attacks: 0
	Arcs with Heavy Fault: 0
	Arcs with Intrinsic Fault: 0
--------- SOURCES STATISTICS ---------------
Demand del real Source[0]: -31.0, flusso erogato: 12.427999999999997, flusso entrante: 0.0, efficienza: 40.09032258064516 %
Demand del real Source[8]: -10.5, flusso erogato: 0.0, flusso entrante: 0.0, efficienza: 0.0 %
Demand del real Source[9]: -7.1, flusso erogato: 17.107999999999997, flusso entrante: 11.427999999999999, efficienza: 240.9577464788732 %
Demand del real Source[17]: -25.0, flusso erogato: 25.000000000000007, flusso entrante: 0.0, efficienza: 100.00000000000003 %
Flusso totale entrante nei Real Source: 11.427999999999999
Flusso totale uscente dai Real Source: 54.536
Flusso netto sui real Source: -43.108000000000004
--- SINKS STATISTICS ---
Sink 3 SODDISFATTO. Flusso netto: 3.43, Demand: 3.43, percentage: 100.0
Sink 4 SODDISFATTO. Flusso netto: 0.5700000000000003, Demand: 0.57, percentage: 100.00000000000007
Sink 5 SODDISFATTO. Flusso netto: 0.6599999999999997, Demand: 0.66, percentage: 99.99999999999994
Sink 11 SODDISFATTO. Flusso netto: 1.03, Demand: 1.03, percentage: 100.0
Sink 15 SODDISFATTO. Flusso netto: 0.46, Demand: 0.46, percentage: 100.0
Sink 16 SODDISFATTO. Flusso netto: 8.400000000000002, Demand: 8.4, percentage: 100.00000000000003
Sink 19 SODDISFATTO. Flusso netto: 0.5399999999999991, Demand: 0.54, percentage: 99.99999999999983
Sink 23 SODDISFATTO. Flusso netto: 0.5999999999999999, Demand: 0.6, percentage: 99.99999999999997
Sink 24 SODDISFATTO. Flusso netto: 0.8, Demand: 0.8, percentage: 100.0
Sink 25 SODDISFATTO. Flusso netto: 3.5, Demand: 3.5, percentage: 100.0
Sink 26 SODDISFATTO. Flusso netto: 6.000000000000002, Demand: 6.0, percentage: 100.00000000000003
Sink 28 SODDISFATTO. Flusso netto: 0.4, Demand: 0.4, percentage: 100.0
Sink 30 SODDISFATTO. Flusso netto: 0.9799999999999986, Demand: 0.98, percentage: 99.99999999999987
Sink 31 SODDISFATTO. Flusso netto: 0.4, Demand: 0.4, percentage: 100.0
Sink 32 SODDISFATTO. Flusso netto: 0.9999999999999996, Demand: 1.0, percentage: 99.99999999999996
Sink 34 SODDISFATTO. Flusso netto: 1.74, Demand: 1.74, percentage: 100.0
Sink 35 SODDISFATTO. Flusso netto: 1.3, Demand: 1.3, percentage: 100.0
Sink 37 SODDISFATTO. Flusso netto: 1.0, Demand: 1.0, percentage: 100.0
Sink 39 SODDISFATTO. Flusso netto: 0.4, Demand: 0.4, percentage: 100.0
Sink 40 SODDISFATTO. Flusso netto: 0.5, Demand: 0.5, percentage: 100.0
Sink 41 SODDISFATTO. Flusso netto: 1.0599999999999996, Demand: 1.06, percentage: 99.99999999999996
Sink 42 SODDISFATTO. Flusso netto: 2.8200000000000003, Demand: 2.82, percentage: 100.00000000000003
Sink 45 SODDISFATTO. Flusso netto: 0.68, Demand: 0.68, percentage: 100.0
Sink 46 SODDISFATTO. Flusso netto: 1.17, Demand: 1.17, percentage: 100.0
Sink 49 non è soddisfatto. Flusso netto: 3.6679999999999997, Demand: 7.0, percentage: 52.39999999999999
Flusso totale entrante nei SINK: 91.75200000000002
Flusso totale uscente nei SINK: 48.64399999999999
Flusso totale netto nei SINK: 43.10800000000003
Total DEMAND dei SINK: 46.44
Percentual di flusso ai SINK: 0.9282515073212755
Numero di Sink soddisfatti: 24.0, numero totale di sink: 25.0
Percentuale di Sink soddisfatti: 0.96

---------------------------------- DAY 296

Update Fixed Elements from Intrinsic Faults
Update Fixed Elements from Heavy Faults
Update Fixed Elements from Attack
Propagate Intrinsic Fault
Node NODO_10 has still failing due to Intrinsic Fault
Node NODO_11 has still failing due to Intrinsic Fault
pipeline ARCO_17 still has reduced capacity: 0.0 due to Intrinsic Fault
pipeline ARCO_88 still has reduced capacity: 0.0 due to Intrinsic Fault
pipeline ARCO_89 still has reduced capacity: 0.0 due to Intrinsic Fault
pipeline V_EDGE_53_8 still has reduced capacity: 0.0 due to Intrinsic Fault
pipeline ARCO_18 still has reduced capacity: 0.0 due to Intrinsic Fault
pipeline ARCO_19 still has reduced capacity: 0.0 due to Intrinsic Fault
pipeline ARCO_87 still has reduced capacity: 0.0 due to Intrinsic Fault
pipeline ARCO_3 still has reduced capacity: 9.688 due to Intrinsic Fault
pipeline ARCO_90 still has reduced capacity: 1.6 due to Intrinsic Fault
pipeline ARCO_91 still has reduced capacity: 9.688 due to Intrinsic Fault
pipeline ARCO_92 still has reduced capacity: 39.328 due to Intrinsic Fault
pipeline V_EDGE_53_9 still has reduced capacity: 5.68 due to Intrinsic Fault
pipeline ARCO_20 still has reduced capacity: 1.6 due to Intrinsic Fault
pipeline ARCO_21 still has reduced capacity: 9.688 due to Intrinsic Fault
pipeline ARCO_22 still has reduced capacity: 39.328 due to Intrinsic Fault
pipeline ARCO_73 still has reduced capacity: 9.688 due to Intrinsic Fault
Propagate Heavy Faults
Propagate Attacks
Inject Intrinsic Failure To Source
Source NODO_11 is failing for an Intrinsic Fault in day: 296
pipeline ARCO_3 has reduced capacity due to NODO_11 Intrinsic fault
pipeline ARCO_90 has reduced capacity due to NODO_11 Intrinsic fault
pipeline ARCO_91 has reduced capacity due to NODO_11 Intrinsic fault
pipeline ARCO_92 has reduced capacity due to NODO_11 Intrinsic fault
pipeline V_EDGE_53_9 has reduced capacity due to NODO_11 Intrinsic fault
pipeline ARCO_20 has reduced capacity due to NODO_11 Intrinsic fault
pipeline ARCO_21 has reduced capacity due to NODO_11 Intrinsic fault
pipeline ARCO_22 has reduced capacity due to NODO_11 Intrinsic fault
pipeline ARCO_73 has reduced capacity due to NODO_11 Intrinsic fault
Inject Heavy Fault To Sources
Inject Attack Multiple To Source
Inject Intrinsic Fault To Pipeline
Inject Heavy Fault To Pipeline
Inject Attack To Pipeline
----------- Statistics ------------
	Sources Under Attack: 0
	Sources with Heavy Fault: 0
	Sources with Intrinsic Fault: 2
	Arcs with reduce capacity due to Attack: 0
	Arcs with reduce capacity due to Heavy Fault: 0
	Arcs with reduce capacity due to Intrinsic Fault: 16
	Arcs with Attacks: 0
	Arcs with Heavy Fault: 0
	Arcs with Intrinsic Fault: 0
--------- SOURCES STATISTICS ---------------
Demand del real Source[0]: -31.0, flusso erogato: 11.626399999999997, flusso entrante: 0.0, efficienza: 37.50451612903225 %
Demand del real Source[8]: -10.5, flusso erogato: 0.0, flusso entrante: 0.0, efficienza: 0.0 %
Demand del real Source[9]: -7.1, flusso erogato: 15.170399999999997, flusso entrante: 10.626399999999999, efficienza: 213.6676056338028 %
Demand del real Source[17]: -25.0, flusso erogato: 25.000000000000007, flusso entrante: 0.0, efficienza: 100.00000000000003 %
Flusso totale entrante nei Real Source: 10.626399999999999
Flusso totale uscente dai Real Source: 51.796800000000005
Flusso netto sui real Source: -41.17040000000001
--- SINKS STATISTICS ---
Sink 3 SODDISFATTO. Flusso netto: 3.43, Demand: 3.43, percentage: 100.0
Sink 4 SODDISFATTO. Flusso netto: 0.5699999999999998, Demand: 0.57, percentage: 99.99999999999997
Sink 5 SODDISFATTO. Flusso netto: 0.6600000000000001, Demand: 0.66, percentage: 100.00000000000003
Sink 11 SODDISFATTO. Flusso netto: 1.03, Demand: 1.03, percentage: 100.0
Sink 15 SODDISFATTO. Flusso netto: 0.46, Demand: 0.46, percentage: 100.0
Sink 16 SODDISFATTO. Flusso netto: 8.400000000000002, Demand: 8.4, percentage: 100.00000000000003
Sink 19 SODDISFATTO. Flusso netto: 0.5399999999999991, Demand: 0.54, percentage: 99.99999999999983
Sink 23 SODDISFATTO. Flusso netto: 0.5999999999999999, Demand: 0.6, percentage: 99.99999999999997
Sink 24 SODDISFATTO. Flusso netto: 0.8, Demand: 0.8, percentage: 100.0
Sink 25 SODDISFATTO. Flusso netto: 3.5, Demand: 3.5, percentage: 100.0
Sink 26 SODDISFATTO. Flusso netto: 6.000000000000002, Demand: 6.0, percentage: 100.00000000000003
Sink 28 SODDISFATTO. Flusso netto: 0.4, Demand: 0.4, percentage: 100.0
Sink 30 SODDISFATTO. Flusso netto: 0.9799999999999986, Demand: 0.98, percentage: 99.99999999999987
Sink 31 SODDISFATTO. Flusso netto: 0.4, Demand: 0.4, percentage: 100.0
Sink 32 SODDISFATTO. Flusso netto: 0.9999999999999996, Demand: 1.0, percentage: 99.99999999999996
Sink 34 SODDISFATTO. Flusso netto: 1.74, Demand: 1.74, percentage: 100.0
Sink 35 SODDISFATTO. Flusso netto: 1.3, Demand: 1.3, percentage: 100.0
Sink 37 SODDISFATTO. Flusso netto: 1.0, Demand: 1.0, percentage: 100.0
Sink 39 SODDISFATTO. Flusso netto: 0.4, Demand: 0.4, percentage: 100.0
Sink 40 SODDISFATTO. Flusso netto: 0.5, Demand: 0.5, percentage: 100.0
Sink 41 SODDISFATTO. Flusso netto: 1.0600000000000005, Demand: 1.06, percentage: 100.00000000000004
Sink 42 SODDISFATTO. Flusso netto: 2.8200000000000003, Demand: 2.82, percentage: 100.00000000000003
Sink 45 SODDISFATTO. Flusso netto: 0.68, Demand: 0.68, percentage: 100.0
Sink 46 SODDISFATTO. Flusso netto: 1.17, Demand: 1.17, percentage: 100.0
Sink 49 non è soddisfatto. Flusso netto: 1.7304, Demand: 7.0, percentage: 24.72
Flusso totale entrante nei SINK: 84.06160000000001
Flusso totale uscente nei SINK: 42.8912
Flusso totale netto nei SINK: 41.170400000000015
Total DEMAND dei SINK: 46.44
Percentual di flusso ai SINK: 0.8865288544358315
Numero di Sink soddisfatti: 24.0, numero totale di sink: 25.0
Percentuale di Sink soddisfatti: 0.96

---------------------------------- DAY 297

Update Fixed Elements from Intrinsic Faults
Source NODO_10 fixed from Intrinsic Fault
Pipeline ARCO_17 fixed due to Source NODO_10 fixing from Intrinsic Fault
Pipeline ARCO_88 fixed due to Source NODO_10 fixing from Intrinsic Fault
Pipeline ARCO_89 fixed due to Source NODO_10 fixing from Intrinsic Fault
Pipeline V_EDGE_53_8 fixed due to Source NODO_10 fixing from Intrinsic Fault
Pipeline ARCO_18 fixed due to Source NODO_10 fixing from Intrinsic Fault
Pipeline ARCO_19 fixed due to Source NODO_10 fixing from Intrinsic Fault
Pipeline ARCO_87 fixed due to Source NODO_10 fixing from Intrinsic Fault
Source NODO_11 fixed from Intrinsic Fault
Pipeline ARCO_3 fixed due to Source NODO_11 fixing from Intrinsic Fault
Pipeline ARCO_90 fixed due to Source NODO_11 fixing from Intrinsic Fault
Pipeline ARCO_91 fixed due to Source NODO_11 fixing from Intrinsic Fault
Pipeline ARCO_92 fixed due to Source NODO_11 fixing from Intrinsic Fault
Pipeline V_EDGE_53_9 fixed due to Source NODO_11 fixing from Intrinsic Fault
Pipeline ARCO_20 fixed due to Source NODO_11 fixing from Intrinsic Fault
Pipeline ARCO_21 fixed due to Source NODO_11 fixing from Intrinsic Fault
Pipeline ARCO_22 fixed due to Source NODO_11 fixing from Intrinsic Fault
Pipeline ARCO_73 fixed due to Source NODO_11 fixing from Intrinsic Fault
Update Fixed Elements from Heavy Faults
Update Fixed Elements from Attack
Propagate Intrinsic Fault
Propagate Heavy Faults
Propagate Attacks
Inject Intrinsic Failure To Source
Source NODO_11 is failing for an Intrinsic Fault in day: 297
pipeline ARCO_3 has reduced capacity due to NODO_11 Intrinsic fault
pipeline ARCO_90 has reduced capacity due to NODO_11 Intrinsic fault
pipeline ARCO_91 has reduced capacity due to NODO_11 Intrinsic fault
pipeline ARCO_92 has reduced capacity due to NODO_11 Intrinsic fault
pipeline V_EDGE_53_9 has reduced capacity due to NODO_11 Intrinsic fault
pipeline ARCO_20 has reduced capacity due to NODO_11 Intrinsic fault
pipeline ARCO_21 has reduced capacity due to NODO_11 Intrinsic fault
pipeline ARCO_22 has reduced capacity due to NODO_11 Intrinsic fault
pipeline ARCO_73 has reduced capacity due to NODO_11 Intrinsic fault
Inject Heavy Fault To Sources
Inject Attack Multiple To Source
Inject Intrinsic Fault To Pipeline
Inject Heavy Fault To Pipeline
Inject Attack To Pipeline
----------- Statistics ------------
	Sources Under Attack: 0
	Sources with Heavy Fault: 0
	Sources with Intrinsic Fault: 1
	Arcs with reduce capacity due to Attack: 0
	Arcs with reduce capacity due to Heavy Fault: 0
	Arcs with reduce capacity due to Intrinsic Fault: 9
	Arcs with Attacks: 0
	Arcs with Heavy Fault: 0
	Arcs with Intrinsic Fault: 0
--------- SOURCES STATISTICS ---------------
Demand del real Source[0]: -31.0, flusso erogato: 11.397999999999998, flusso entrante: 0.0, efficienza: 36.76774193548387 %
Demand del real Source[8]: -10.5, flusso erogato: 3.8600000000000003, flusso entrante: 0.0, efficienza: 36.76190476190476 %
Demand del real Source[9]: -7.1, flusso erogato: 16.077999999999996, flusso entrante: 10.397999999999998, efficienza: 226.45070422535207 %
Demand del real Source[17]: -25.0, flusso erogato: 25.000000000000007, flusso entrante: 0.0, efficienza: 100.00000000000003 %
Flusso totale entrante nei Real Source: 10.397999999999998
Flusso totale uscente dai Real Source: 56.336000000000006
Flusso netto sui real Source: -45.93800000000001
--- SINKS STATISTICS ---
Sink 3 SODDISFATTO. Flusso netto: 3.43, Demand: 3.43, percentage: 100.0
Sink 4 SODDISFATTO. Flusso netto: 0.5700000000000003, Demand: 0.57, percentage: 100.00000000000007
Sink 5 SODDISFATTO. Flusso netto: 0.6600000000000001, Demand: 0.66, percentage: 100.00000000000003
Sink 11 SODDISFATTO. Flusso netto: 1.03, Demand: 1.03, percentage: 100.0
Sink 15 SODDISFATTO. Flusso netto: 0.46, Demand: 0.46, percentage: 100.0
Sink 16 SODDISFATTO. Flusso netto: 8.400000000000002, Demand: 8.4, percentage: 100.00000000000003
Sink 19 SODDISFATTO. Flusso netto: 0.5399999999999991, Demand: 0.54, percentage: 99.99999999999983
Sink 23 SODDISFATTO. Flusso netto: 0.5999999999999999, Demand: 0.6, percentage: 99.99999999999997
Sink 24 SODDISFATTO. Flusso netto: 0.8, Demand: 0.8, percentage: 100.0
Sink 25 SODDISFATTO. Flusso netto: 3.5, Demand: 3.5, percentage: 100.0
Sink 26 SODDISFATTO. Flusso netto: 6.000000000000002, Demand: 6.0, percentage: 100.00000000000003
Sink 28 SODDISFATTO. Flusso netto: 0.4, Demand: 0.4, percentage: 100.0
Sink 30 SODDISFATTO. Flusso netto: 0.9799999999999986, Demand: 0.98, percentage: 99.99999999999987
Sink 31 SODDISFATTO. Flusso netto: 0.4, Demand: 0.4, percentage: 100.0
Sink 32 SODDISFATTO. Flusso netto: 0.9999999999999996, Demand: 1.0, percentage: 99.99999999999996
Sink 34 SODDISFATTO. Flusso netto: 1.74, Demand: 1.74, percentage: 100.0
Sink 35 SODDISFATTO. Flusso netto: 1.3, Demand: 1.3, percentage: 100.0
Sink 37 SODDISFATTO. Flusso netto: 1.0, Demand: 1.0, percentage: 100.0
Sink 39 SODDISFATTO. Flusso netto: 0.4, Demand: 0.4, percentage: 100.0
Sink 40 SODDISFATTO. Flusso netto: 0.5, Demand: 0.5, percentage: 100.0
Sink 41 SODDISFATTO. Flusso netto: 1.0599999999999996, Demand: 1.06, percentage: 99.99999999999996
Sink 42 SODDISFATTO. Flusso netto: 2.8200000000000003, Demand: 2.82, percentage: 100.00000000000003
Sink 45 SODDISFATTO. Flusso netto: 0.68, Demand: 0.68, percentage: 100.0
Sink 46 SODDISFATTO. Flusso netto: 1.17, Demand: 1.17, percentage: 100.0
Sink 49 non è soddisfatto. Flusso netto: 6.497999999999999, Demand: 7.0, percentage: 92.82857142857142
Flusso totale entrante nei SINK: 95.24200000000002
Flusso totale uscente nei SINK: 49.304
Flusso totale netto nei SINK: 45.93800000000002
Total DEMAND dei SINK: 46.44
Percentual di flusso ai SINK: 0.989190353143842
Numero di Sink soddisfatti: 24.0, numero totale di sink: 25.0
Percentuale di Sink soddisfatti: 0.96

---------------------------------- DAY 298

Update Fixed Elements from Intrinsic Faults
Update Fixed Elements from Heavy Faults
Update Fixed Elements from Attack
Propagate Intrinsic Fault
Node NODO_11 has still failing due to Intrinsic Fault
pipeline ARCO_3 still has reduced capacity: 9.688 due to Intrinsic Fault
pipeline ARCO_90 still has reduced capacity: 1.6 due to Intrinsic Fault
pipeline ARCO_91 still has reduced capacity: 9.688 due to Intrinsic Fault
pipeline ARCO_92 still has reduced capacity: 39.328 due to Intrinsic Fault
pipeline V_EDGE_53_9 still has reduced capacity: 5.68 due to Intrinsic Fault
pipeline ARCO_20 still has reduced capacity: 1.6 due to Intrinsic Fault
pipeline ARCO_21 still has reduced capacity: 9.688 due to Intrinsic Fault
pipeline ARCO_22 still has reduced capacity: 39.328 due to Intrinsic Fault
pipeline ARCO_73 still has reduced capacity: 9.688 due to Intrinsic Fault
Propagate Heavy Faults
Propagate Attacks
Inject Intrinsic Failure To Source
Source NODO_19 is failing for an Intrinsic Fault in day: 298
pipeline ARCO_35 has reduced capacity due to NODO_19 Intrinsic fault
pipeline ARCO_109 has reduced capacity due to NODO_19 Intrinsic fault
pipeline ARCO_110 has reduced capacity due to NODO_19 Intrinsic fault
pipeline V_EDGE_53_17 has reduced capacity due to NODO_19 Intrinsic fault
pipeline ARCO_39 has reduced capacity due to NODO_19 Intrinsic fault
pipeline ARCO_40 has reduced capacity due to NODO_19 Intrinsic fault
pipeline ARCO_105 has reduced capacity due to NODO_19 Intrinsic fault
Inject Heavy Fault To Sources
Inject Attack Multiple To Source
Inject Intrinsic Fault To Pipeline
Inject Heavy Fault To Pipeline
Inject Attack To Pipeline
----------- Statistics ------------
	Sources Under Attack: 0
	Sources with Heavy Fault: 0
	Sources with Intrinsic Fault: 2
	Arcs with reduce capacity due to Attack: 0
	Arcs with reduce capacity due to Heavy Fault: 0
	Arcs with reduce capacity due to Intrinsic Fault: 16
	Arcs with Attacks: 0
	Arcs with Heavy Fault: 0
	Arcs with Intrinsic Fault: 0
--------- SOURCES STATISTICS ---------------
Demand del real Source[0]: -31.0, flusso erogato: 16.296, flusso entrante: 0.0, efficienza: 52.567741935483866 %
Demand del real Source[8]: -10.5, flusso erogato: 4.2719999999999985, flusso entrante: 0.0, efficienza: 40.68571428571427 %
Demand del real Source[9]: -7.1, flusso erogato: 20.976, flusso entrante: 15.296000000000001, efficienza: 295.4366197183099 %
Demand del real Source[17]: -25.0, flusso erogato: 0.0, flusso entrante: 0.0, efficienza: 0.0 %
Flusso totale entrante nei Real Source: 15.296000000000001
Flusso totale uscente dai Real Source: 41.544000000000004
Flusso netto sui real Source: -26.248000000000005
--- SINKS STATISTICS ---
Sink 3 SODDISFATTO. Flusso netto: 3.43, Demand: 3.43, percentage: 100.0
Sink 4 SODDISFATTO. Flusso netto: 0.5700000000000003, Demand: 0.57, percentage: 100.00000000000007
Sink 5 SODDISFATTO. Flusso netto: 0.6600000000000001, Demand: 0.66, percentage: 100.00000000000003
Sink 11 SODDISFATTO. Flusso netto: 1.03, Demand: 1.03, percentage: 100.0
Sink 15 SODDISFATTO. Flusso netto: 0.45999999999999996, Demand: 0.46, percentage: 99.99999999999999
Sink 16 non è soddisfatto. Flusso netto: 2.83, Demand: 8.4, percentage: 33.69047619047619
Sink 19 non è soddisfatto. Flusso netto: 0.0, Demand: 0.54, percentage: 0.0
Sink 23 non è soddisfatto. Flusso netto: 0.0, Demand: 0.6, percentage: 0.0
Sink 24 non è soddisfatto. Flusso netto: 0.0, Demand: 0.8, percentage: 0.0
Sink 25 non è soddisfatto. Flusso netto: 0.0, Demand: 3.5, percentage: 0.0
Sink 26 non è soddisfatto. Flusso netto: 0.0, Demand: 6.0, percentage: 0.0
Sink 28 non è soddisfatto. Flusso netto: 0.0, Demand: 0.4, percentage: 0.0
Sink 30 non è soddisfatto. Flusso netto: 0.0, Demand: 0.98, percentage: 0.0
Sink 31 non è soddisfatto. Flusso netto: 0.0, Demand: 0.4, percentage: 0.0
Sink 32 SODDISFATTO. Flusso netto: 1.0000000000000009, Demand: 1.0, percentage: 100.00000000000009
Sink 34 SODDISFATTO. Flusso netto: 1.74, Demand: 1.74, percentage: 100.0
Sink 35 SODDISFATTO. Flusso netto: 1.3, Demand: 1.3, percentage: 100.0
Sink 37 SODDISFATTO. Flusso netto: 1.0, Demand: 1.0, percentage: 100.0
Sink 39 non è soddisfatto. Flusso netto: 0.0, Demand: 0.4, percentage: 0.0
Sink 40 non è soddisfatto. Flusso netto: 0.0, Demand: 0.5, percentage: 0.0
Sink 41 SODDISFATTO. Flusso netto: 1.0599999999999987, Demand: 1.06, percentage: 99.99999999999987
Sink 42 SODDISFATTO. Flusso netto: 2.8200000000000003, Demand: 2.82, percentage: 100.00000000000003
Sink 45 SODDISFATTO. Flusso netto: 0.68, Demand: 0.68, percentage: 100.0
Sink 46 SODDISFATTO. Flusso netto: 1.17, Demand: 1.17, percentage: 100.0
Sink 49 non è soddisfatto. Flusso netto: 6.497999999999999, Demand: 7.0, percentage: 92.82857142857142
Flusso totale entrante nei SINK: 55.32000000000001
Flusso totale uscente nei SINK: 29.072
Flusso totale netto nei SINK: 26.248000000000008
Total DEMAND dei SINK: 46.44
Percentual di flusso ai SINK: 0.5652024117140398
Numero di Sink soddisfatti: 13.0, numero totale di sink: 25.0
Percentuale di Sink soddisfatti: 0.52

---------------------------------- DAY 299

Update Fixed Elements from Intrinsic Faults
Update Fixed Elements from Heavy Faults
Update Fixed Elements from Attack
Propagate Intrinsic Fault
Node NODO_11 has still failing due to Intrinsic Fault
Node NODO_19 has still failing due to Intrinsic Fault
pipeline ARCO_3 still has reduced capacity: 9.688 due to Intrinsic Fault
pipeline ARCO_90 still has reduced capacity: 1.6 due to Intrinsic Fault
pipeline ARCO_91 still has reduced capacity: 9.688 due to Intrinsic Fault
pipeline ARCO_92 still has reduced capacity: 39.328 due to Intrinsic Fault
pipeline V_EDGE_53_9 still has reduced capacity: 5.68 due to Intrinsic Fault
pipeline ARCO_20 still has reduced capacity: 1.6 due to Intrinsic Fault
pipeline ARCO_21 still has reduced capacity: 9.688 due to Intrinsic Fault
pipeline ARCO_22 still has reduced capacity: 39.328 due to Intrinsic Fault
pipeline ARCO_73 still has reduced capacity: 9.688 due to Intrinsic Fault
pipeline ARCO_35 still has reduced capacity: 0.0 due to Intrinsic Fault
pipeline ARCO_109 still has reduced capacity: 0.0 due to Intrinsic Fault
pipeline ARCO_110 still has reduced capacity: 0.0 due to Intrinsic Fault
pipeline V_EDGE_53_17 still has reduced capacity: 0.0 due to Intrinsic Fault
pipeline ARCO_39 still has reduced capacity: 0.0 due to Intrinsic Fault
pipeline ARCO_40 still has reduced capacity: 0.0 due to Intrinsic Fault
pipeline ARCO_105 still has reduced capacity: 0.0 due to Intrinsic Fault
Propagate Heavy Faults
Propagate Attacks
Inject Intrinsic Failure To Source
Inject Heavy Fault To Sources
Inject Attack Multiple To Source
Inject Intrinsic Fault To Pipeline
Inject Heavy Fault To Pipeline
Inject Attack To Pipeline
----------- Statistics ------------
	Sources Under Attack: 0
	Sources with Heavy Fault: 0
	Sources with Intrinsic Fault: 2
	Arcs with reduce capacity due to Attack: 0
	Arcs with reduce capacity due to Heavy Fault: 0
	Arcs with reduce capacity due to Intrinsic Fault: 16
	Arcs with Attacks: 0
	Arcs with Heavy Fault: 0
	Arcs with Intrinsic Fault: 0
--------- SOURCES STATISTICS ---------------
Demand del real Source[0]: -31.0, flusso erogato: 16.296, flusso entrante: 0.0, efficienza: 52.567741935483866 %
Demand del real Source[8]: -10.5, flusso erogato: 4.2719999999999985, flusso entrante: 0.0, efficienza: 40.68571428571427 %
Demand del real Source[9]: -7.1, flusso erogato: 20.976, flusso entrante: 15.296000000000001, efficienza: 295.4366197183099 %
Demand del real Source[17]: -25.0, flusso erogato: 0.0, flusso entrante: 0.0, efficienza: 0.0 %
Flusso totale entrante nei Real Source: 15.296000000000001
Flusso totale uscente dai Real Source: 41.544000000000004
Flusso netto sui real Source: -26.248000000000005
--- SINKS STATISTICS ---
Sink 3 SODDISFATTO. Flusso netto: 3.43, Demand: 3.43, percentage: 100.0
Sink 4 SODDISFATTO. Flusso netto: 0.5700000000000003, Demand: 0.57, percentage: 100.00000000000007
Sink 5 SODDISFATTO. Flusso netto: 0.6600000000000001, Demand: 0.66, percentage: 100.00000000000003
Sink 11 SODDISFATTO. Flusso netto: 1.03, Demand: 1.03, percentage: 100.0
Sink 15 SODDISFATTO. Flusso netto: 0.45999999999999996, Demand: 0.46, percentage: 99.99999999999999
Sink 16 non è soddisfatto. Flusso netto: 2.83, Demand: 8.4, percentage: 33.69047619047619
Sink 19 non è soddisfatto. Flusso netto: 0.0, Demand: 0.54, percentage: 0.0
Sink 23 non è soddisfatto. Flusso netto: 0.0, Demand: 0.6, percentage: 0.0
Sink 24 non è soddisfatto. Flusso netto: 0.0, Demand: 0.8, percentage: 0.0
Sink 25 non è soddisfatto. Flusso netto: 0.0, Demand: 3.5, percentage: 0.0
Sink 26 non è soddisfatto. Flusso netto: 0.0, Demand: 6.0, percentage: 0.0
Sink 28 non è soddisfatto. Flusso netto: 0.0, Demand: 0.4, percentage: 0.0
Sink 30 non è soddisfatto. Flusso netto: 0.0, Demand: 0.98, percentage: 0.0
Sink 31 non è soddisfatto. Flusso netto: 0.0, Demand: 0.4, percentage: 0.0
Sink 32 SODDISFATTO. Flusso netto: 1.0000000000000009, Demand: 1.0, percentage: 100.00000000000009
Sink 34 SODDISFATTO. Flusso netto: 1.74, Demand: 1.74, percentage: 100.0
Sink 35 SODDISFATTO. Flusso netto: 1.3, Demand: 1.3, percentage: 100.0
Sink 37 SODDISFATTO. Flusso netto: 1.0, Demand: 1.0, percentage: 100.0
Sink 39 non è soddisfatto. Flusso netto: 0.0, Demand: 0.4, percentage: 0.0
Sink 40 non è soddisfatto. Flusso netto: 0.0, Demand: 0.5, percentage: 0.0
Sink 41 SODDISFATTO. Flusso netto: 1.0599999999999987, Demand: 1.06, percentage: 99.99999999999987
Sink 42 SODDISFATTO. Flusso netto: 2.8200000000000003, Demand: 2.82, percentage: 100.00000000000003
Sink 45 SODDISFATTO. Flusso netto: 0.68, Demand: 0.68, percentage: 100.0
Sink 46 SODDISFATTO. Flusso netto: 1.17, Demand: 1.17, percentage: 100.0
Sink 49 non è soddisfatto. Flusso netto: 6.497999999999999, Demand: 7.0, percentage: 92.82857142857142
Flusso totale entrante nei SINK: 55.32000000000001
Flusso totale uscente nei SINK: 29.072
Flusso totale netto nei SINK: 26.248000000000008
Total DEMAND dei SINK: 46.44
Percentual di flusso ai SINK: 0.5652024117140398
Numero di Sink soddisfatti: 13.0, numero totale di sink: 25.0
Percentuale di Sink soddisfatti: 0.52

---------------------------------- DAY 300

Update Fixed Elements from Intrinsic Faults
Source NODO_11 fixed from Intrinsic Fault
Pipeline ARCO_3 fixed due to Source NODO_11 fixing from Intrinsic Fault
Pipeline ARCO_90 fixed due to Source NODO_11 fixing from Intrinsic Fault
Pipeline ARCO_91 fixed due to Source NODO_11 fixing from Intrinsic Fault
Pipeline ARCO_92 fixed due to Source NODO_11 fixing from Intrinsic Fault
Pipeline V_EDGE_53_9 fixed due to Source NODO_11 fixing from Intrinsic Fault
Pipeline ARCO_20 fixed due to Source NODO_11 fixing from Intrinsic Fault
Pipeline ARCO_21 fixed due to Source NODO_11 fixing from Intrinsic Fault
Pipeline ARCO_22 fixed due to Source NODO_11 fixing from Intrinsic Fault
Pipeline ARCO_73 fixed due to Source NODO_11 fixing from Intrinsic Fault
Update Fixed Elements from Heavy Faults
Update Fixed Elements from Attack
Propagate Intrinsic Fault
Node NODO_19 has still failing due to Intrinsic Fault
pipeline ARCO_35 still has reduced capacity: 0.0 due to Intrinsic Fault
pipeline ARCO_109 still has reduced capacity: 0.0 due to Intrinsic Fault
pipeline ARCO_110 still has reduced capacity: 0.0 due to Intrinsic Fault
pipeline V_EDGE_53_17 still has reduced capacity: 0.0 due to Intrinsic Fault
pipeline ARCO_39 still has reduced capacity: 0.0 due to Intrinsic Fault
pipeline ARCO_40 still has reduced capacity: 0.0 due to Intrinsic Fault
pipeline ARCO_105 still has reduced capacity: 0.0 due to Intrinsic Fault
Propagate Heavy Faults
Propagate Attacks
Inject Intrinsic Failure To Source
Inject Heavy Fault To Sources
Inject Attack Multiple To Source
Inject Intrinsic Fault To Pipeline
Inject Heavy Fault To Pipeline
Inject Attack To Pipeline
----------- Statistics ------------
	Sources Under Attack: 0
	Sources with Heavy Fault: 0
	Sources with Intrinsic Fault: 1
	Arcs with reduce capacity due to Attack: 0
	Arcs with reduce capacity due to Heavy Fault: 0
	Arcs with reduce capacity due to Intrinsic Fault: 7
	Arcs with Attacks: 0
	Arcs with Heavy Fault: 0
	Arcs with Intrinsic Fault: 0
--------- SOURCES STATISTICS ---------------
Demand del real Source[0]: -31.0, flusso erogato: 15.440000000000001, flusso entrante: 0.0, efficienza: 49.80645161290323 %
Demand del real Source[8]: -10.5, flusso erogato: 3.8600000000000003, flusso entrante: 0.0, efficienza: 36.76190476190476 %
Demand del real Source[9]: -7.1, flusso erogato: 21.54, flusso entrante: 14.440000000000001, efficienza: 303.38028169014086 %
Demand del real Source[17]: -25.0, flusso erogato: 0.0, flusso entrante: 0.0, efficienza: 0.0 %
Flusso totale entrante nei Real Source: 14.440000000000001
Flusso totale uscente dai Real Source: 40.84
Flusso netto sui real Source: -26.400000000000002
--- SINKS STATISTICS ---
Sink 3 SODDISFATTO. Flusso netto: 3.43, Demand: 3.43, percentage: 100.0
Sink 4 SODDISFATTO. Flusso netto: 0.5700000000000003, Demand: 0.57, percentage: 100.00000000000007
Sink 5 SODDISFATTO. Flusso netto: 0.6600000000000001, Demand: 0.66, percentage: 100.00000000000003
Sink 11 SODDISFATTO. Flusso netto: 1.03, Demand: 1.03, percentage: 100.0
Sink 15 SODDISFATTO. Flusso netto: 0.45999999999999996, Demand: 0.46, percentage: 99.99999999999999
Sink 16 non è soddisfatto. Flusso netto: 2.83, Demand: 8.4, percentage: 33.69047619047619
Sink 19 non è soddisfatto. Flusso netto: 0.0, Demand: 0.54, percentage: 0.0
Sink 23 non è soddisfatto. Flusso netto: 0.0, Demand: 0.6, percentage: 0.0
Sink 24 non è soddisfatto. Flusso netto: 0.0, Demand: 0.8, percentage: 0.0
Sink 25 non è soddisfatto. Flusso netto: 0.0, Demand: 3.5, percentage: 0.0
Sink 26 non è soddisfatto. Flusso netto: 0.0, Demand: 6.0, percentage: 0.0
Sink 28 non è soddisfatto. Flusso netto: 0.0, Demand: 0.4, percentage: 0.0
Sink 30 non è soddisfatto. Flusso netto: 0.0, Demand: 0.98, percentage: 0.0
Sink 31 non è soddisfatto. Flusso netto: 0.0, Demand: 0.4, percentage: 0.0
Sink 32 SODDISFATTO. Flusso netto: 1.0, Demand: 1.0, percentage: 100.0
Sink 34 SODDISFATTO. Flusso netto: 1.74, Demand: 1.74, percentage: 100.0
Sink 35 SODDISFATTO. Flusso netto: 1.3, Demand: 1.3, percentage: 100.0
Sink 37 SODDISFATTO. Flusso netto: 1.0, Demand: 1.0, percentage: 100.0
Sink 39 non è soddisfatto. Flusso netto: 0.0, Demand: 0.4, percentage: 0.0
Sink 40 non è soddisfatto. Flusso netto: 0.0, Demand: 0.5, percentage: 0.0
Sink 41 SODDISFATTO. Flusso netto: 1.0600000000000005, Demand: 1.06, percentage: 100.00000000000004
Sink 42 SODDISFATTO. Flusso netto: 2.8199999999999994, Demand: 2.82, percentage: 99.99999999999999
Sink 45 SODDISFATTO. Flusso netto: 0.68, Demand: 0.68, percentage: 100.0
Sink 46 SODDISFATTO. Flusso netto: 1.17, Demand: 1.17, percentage: 100.0
Sink 49 non è soddisfatto. Flusso netto: 6.6499999999999995, Demand: 7.0, percentage: 95.0
Flusso totale entrante nei SINK: 53.099999999999994
Flusso totale uscente nei SINK: 26.7
Flusso totale netto nei SINK: 26.399999999999995
Total DEMAND dei SINK: 46.44
Percentual di flusso ai SINK: 0.5684754521963824
Numero di Sink soddisfatti: 13.0, numero totale di sink: 25.0
Percentuale di Sink soddisfatti: 0.52

---------------------------------- DAY 301

Update Fixed Elements from Intrinsic Faults
Update Fixed Elements from Heavy Faults
Update Fixed Elements from Attack
Propagate Intrinsic Fault
Node NODO_19 has still failing due to Intrinsic Fault
pipeline ARCO_35 still has reduced capacity: 0.0 due to Intrinsic Fault
pipeline ARCO_109 still has reduced capacity: 0.0 due to Intrinsic Fault
pipeline ARCO_110 still has reduced capacity: 0.0 due to Intrinsic Fault
pipeline V_EDGE_53_17 still has reduced capacity: 0.0 due to Intrinsic Fault
pipeline ARCO_39 still has reduced capacity: 0.0 due to Intrinsic Fault
pipeline ARCO_40 still has reduced capacity: 0.0 due to Intrinsic Fault
pipeline ARCO_105 still has reduced capacity: 0.0 due to Intrinsic Fault
Propagate Heavy Faults
Propagate Attacks
Inject Intrinsic Failure To Source
Inject Heavy Fault To Sources
Inject Attack Multiple To Source
Inject Intrinsic Fault To Pipeline
Inject Heavy Fault To Pipeline
Inject Attack To Pipeline
----------- Statistics ------------
	Sources Under Attack: 0
	Sources with Heavy Fault: 0
	Sources with Intrinsic Fault: 1
	Arcs with reduce capacity due to Attack: 0
	Arcs with reduce capacity due to Heavy Fault: 0
	Arcs with reduce capacity due to Intrinsic Fault: 7
	Arcs with Attacks: 0
	Arcs with Heavy Fault: 0
	Arcs with Intrinsic Fault: 0
--------- SOURCES STATISTICS ---------------
Demand del real Source[0]: -31.0, flusso erogato: 15.440000000000001, flusso entrante: 0.0, efficienza: 49.80645161290323 %
Demand del real Source[8]: -10.5, flusso erogato: 3.8600000000000003, flusso entrante: 0.0, efficienza: 36.76190476190476 %
Demand del real Source[9]: -7.1, flusso erogato: 21.54, flusso entrante: 14.440000000000001, efficienza: 303.38028169014086 %
Demand del real Source[17]: -25.0, flusso erogato: 0.0, flusso entrante: 0.0, efficienza: 0.0 %
Flusso totale entrante nei Real Source: 14.440000000000001
Flusso totale uscente dai Real Source: 40.84
Flusso netto sui real Source: -26.400000000000002
--- SINKS STATISTICS ---
Sink 3 SODDISFATTO. Flusso netto: 3.43, Demand: 3.43, percentage: 100.0
Sink 4 SODDISFATTO. Flusso netto: 0.5700000000000003, Demand: 0.57, percentage: 100.00000000000007
Sink 5 SODDISFATTO. Flusso netto: 0.6600000000000001, Demand: 0.66, percentage: 100.00000000000003
Sink 11 SODDISFATTO. Flusso netto: 1.03, Demand: 1.03, percentage: 100.0
Sink 15 SODDISFATTO. Flusso netto: 0.45999999999999996, Demand: 0.46, percentage: 99.99999999999999
Sink 16 non è soddisfatto. Flusso netto: 2.83, Demand: 8.4, percentage: 33.69047619047619
Sink 19 non è soddisfatto. Flusso netto: 0.0, Demand: 0.54, percentage: 0.0
Sink 23 non è soddisfatto. Flusso netto: 0.0, Demand: 0.6, percentage: 0.0
Sink 24 non è soddisfatto. Flusso netto: 0.0, Demand: 0.8, percentage: 0.0
Sink 25 non è soddisfatto. Flusso netto: 0.0, Demand: 3.5, percentage: 0.0
Sink 26 non è soddisfatto. Flusso netto: 0.0, Demand: 6.0, percentage: 0.0
Sink 28 non è soddisfatto. Flusso netto: 0.0, Demand: 0.4, percentage: 0.0
Sink 30 non è soddisfatto. Flusso netto: 0.0, Demand: 0.98, percentage: 0.0
Sink 31 non è soddisfatto. Flusso netto: 0.0, Demand: 0.4, percentage: 0.0
Sink 32 SODDISFATTO. Flusso netto: 1.0, Demand: 1.0, percentage: 100.0
Sink 34 SODDISFATTO. Flusso netto: 1.74, Demand: 1.74, percentage: 100.0
Sink 35 SODDISFATTO. Flusso netto: 1.3, Demand: 1.3, percentage: 100.0
Sink 37 SODDISFATTO. Flusso netto: 1.0, Demand: 1.0, percentage: 100.0
Sink 39 non è soddisfatto. Flusso netto: 0.0, Demand: 0.4, percentage: 0.0
Sink 40 non è soddisfatto. Flusso netto: 0.0, Demand: 0.5, percentage: 0.0
Sink 41 SODDISFATTO. Flusso netto: 1.0600000000000005, Demand: 1.06, percentage: 100.00000000000004
Sink 42 SODDISFATTO. Flusso netto: 2.8199999999999994, Demand: 2.82, percentage: 99.99999999999999
Sink 45 SODDISFATTO. Flusso netto: 0.68, Demand: 0.68, percentage: 100.0
Sink 46 SODDISFATTO. Flusso netto: 1.17, Demand: 1.17, percentage: 100.0
Sink 49 non è soddisfatto. Flusso netto: 6.6499999999999995, Demand: 7.0, percentage: 95.0
Flusso totale entrante nei SINK: 53.099999999999994
Flusso totale uscente nei SINK: 26.7
Flusso totale netto nei SINK: 26.399999999999995
Total DEMAND dei SINK: 46.44
Percentual di flusso ai SINK: 0.5684754521963824
Numero di Sink soddisfatti: 13.0, numero totale di sink: 25.0
Percentuale di Sink soddisfatti: 0.52

---------------------------------- DAY 302

Update Fixed Elements from Intrinsic Faults
Source NODO_19 fixed from Intrinsic Fault
Pipeline ARCO_35 fixed due to Source NODO_19 fixing from Intrinsic Fault
Pipeline ARCO_109 fixed due to Source NODO_19 fixing from Intrinsic Fault
Pipeline ARCO_110 fixed due to Source NODO_19 fixing from Intrinsic Fault
Pipeline V_EDGE_53_17 fixed due to Source NODO_19 fixing from Intrinsic Fault
Pipeline ARCO_39 fixed due to Source NODO_19 fixing from Intrinsic Fault
Pipeline ARCO_40 fixed due to Source NODO_19 fixing from Intrinsic Fault
Pipeline ARCO_105 fixed due to Source NODO_19 fixing from Intrinsic Fault
Update Fixed Elements from Heavy Faults
Update Fixed Elements from Attack
Propagate Intrinsic Fault
Propagate Heavy Faults
Propagate Attacks
Inject Intrinsic Failure To Source
Source NODO_11 is failing for an Intrinsic Fault in day: 302
pipeline ARCO_3 has reduced capacity due to NODO_11 Intrinsic fault
pipeline ARCO_90 has reduced capacity due to NODO_11 Intrinsic fault
pipeline ARCO_91 has reduced capacity due to NODO_11 Intrinsic fault
pipeline ARCO_92 has reduced capacity due to NODO_11 Intrinsic fault
pipeline V_EDGE_53_9 has reduced capacity due to NODO_11 Intrinsic fault
pipeline ARCO_20 has reduced capacity due to NODO_11 Intrinsic fault
pipeline ARCO_21 has reduced capacity due to NODO_11 Intrinsic fault
pipeline ARCO_22 has reduced capacity due to NODO_11 Intrinsic fault
pipeline ARCO_73 has reduced capacity due to NODO_11 Intrinsic fault
Inject Heavy Fault To Sources
Inject Attack Multiple To Source
Inject Intrinsic Fault To Pipeline
Inject Heavy Fault To Pipeline
Inject Attack To Pipeline
----------- Statistics ------------
	Sources Under Attack: 0
	Sources with Heavy Fault: 0
	Sources with Intrinsic Fault: 1
	Arcs with reduce capacity due to Attack: 0
	Arcs with reduce capacity due to Heavy Fault: 0
	Arcs with reduce capacity due to Intrinsic Fault: 9
	Arcs with Attacks: 0
	Arcs with Heavy Fault: 0
	Arcs with Intrinsic Fault: 0
--------- SOURCES STATISTICS ---------------
Demand del real Source[0]: -31.0, flusso erogato: 11.397999999999998, flusso entrante: 0.0, efficienza: 36.76774193548387 %
Demand del real Source[8]: -10.5, flusso erogato: 3.8600000000000003, flusso entrante: 0.0, efficienza: 36.76190476190476 %
Demand del real Source[9]: -7.1, flusso erogato: 16.077999999999996, flusso entrante: 10.397999999999998, efficienza: 226.45070422535207 %
Demand del real Source[17]: -25.0, flusso erogato: 25.000000000000007, flusso entrante: 0.0, efficienza: 100.00000000000003 %
Flusso totale entrante nei Real Source: 10.397999999999998
Flusso totale uscente dai Real Source: 56.336000000000006
Flusso netto sui real Source: -45.93800000000001
--- SINKS STATISTICS ---
Sink 3 SODDISFATTO. Flusso netto: 3.43, Demand: 3.43, percentage: 100.0
Sink 4 SODDISFATTO. Flusso netto: 0.5700000000000003, Demand: 0.57, percentage: 100.00000000000007
Sink 5 SODDISFATTO. Flusso netto: 0.6600000000000001, Demand: 0.66, percentage: 100.00000000000003
Sink 11 SODDISFATTO. Flusso netto: 1.03, Demand: 1.03, percentage: 100.0
Sink 15 SODDISFATTO. Flusso netto: 0.46, Demand: 0.46, percentage: 100.0
Sink 16 SODDISFATTO. Flusso netto: 8.400000000000002, Demand: 8.4, percentage: 100.00000000000003
Sink 19 SODDISFATTO. Flusso netto: 0.5399999999999991, Demand: 0.54, percentage: 99.99999999999983
Sink 23 SODDISFATTO. Flusso netto: 0.5999999999999999, Demand: 0.6, percentage: 99.99999999999997
Sink 24 SODDISFATTO. Flusso netto: 0.8, Demand: 0.8, percentage: 100.0
Sink 25 SODDISFATTO. Flusso netto: 3.5, Demand: 3.5, percentage: 100.0
Sink 26 SODDISFATTO. Flusso netto: 6.000000000000002, Demand: 6.0, percentage: 100.00000000000003
Sink 28 SODDISFATTO. Flusso netto: 0.4, Demand: 0.4, percentage: 100.0
Sink 30 SODDISFATTO. Flusso netto: 0.9799999999999986, Demand: 0.98, percentage: 99.99999999999987
Sink 31 SODDISFATTO. Flusso netto: 0.4, Demand: 0.4, percentage: 100.0
Sink 32 SODDISFATTO. Flusso netto: 0.9999999999999996, Demand: 1.0, percentage: 99.99999999999996
Sink 34 SODDISFATTO. Flusso netto: 1.74, Demand: 1.74, percentage: 100.0
Sink 35 SODDISFATTO. Flusso netto: 1.3, Demand: 1.3, percentage: 100.0
Sink 37 SODDISFATTO. Flusso netto: 1.0, Demand: 1.0, percentage: 100.0
Sink 39 SODDISFATTO. Flusso netto: 0.4, Demand: 0.4, percentage: 100.0
Sink 40 SODDISFATTO. Flusso netto: 0.5, Demand: 0.5, percentage: 100.0
Sink 41 SODDISFATTO. Flusso netto: 1.0599999999999996, Demand: 1.06, percentage: 99.99999999999996
Sink 42 SODDISFATTO. Flusso netto: 2.8200000000000003, Demand: 2.82, percentage: 100.00000000000003
Sink 45 SODDISFATTO. Flusso netto: 0.68, Demand: 0.68, percentage: 100.0
Sink 46 SODDISFATTO. Flusso netto: 1.17, Demand: 1.17, percentage: 100.0
Sink 49 non è soddisfatto. Flusso netto: 6.497999999999999, Demand: 7.0, percentage: 92.82857142857142
Flusso totale entrante nei SINK: 95.24200000000002
Flusso totale uscente nei SINK: 49.304
Flusso totale netto nei SINK: 45.93800000000002
Total DEMAND dei SINK: 46.44
Percentual di flusso ai SINK: 0.989190353143842
Numero di Sink soddisfatti: 24.0, numero totale di sink: 25.0
Percentuale di Sink soddisfatti: 0.96

---------------------------------- DAY 303

Update Fixed Elements from Intrinsic Faults
Update Fixed Elements from Heavy Faults
Update Fixed Elements from Attack
Propagate Intrinsic Fault
Node NODO_11 has still failing due to Intrinsic Fault
pipeline ARCO_3 still has reduced capacity: 9.688 due to Intrinsic Fault
pipeline ARCO_90 still has reduced capacity: 1.6 due to Intrinsic Fault
pipeline ARCO_91 still has reduced capacity: 9.688 due to Intrinsic Fault
pipeline ARCO_92 still has reduced capacity: 39.328 due to Intrinsic Fault
pipeline V_EDGE_53_9 still has reduced capacity: 5.68 due to Intrinsic Fault
pipeline ARCO_20 still has reduced capacity: 1.6 due to Intrinsic Fault
pipeline ARCO_21 still has reduced capacity: 9.688 due to Intrinsic Fault
pipeline ARCO_22 still has reduced capacity: 39.328 due to Intrinsic Fault
pipeline ARCO_73 still has reduced capacity: 9.688 due to Intrinsic Fault
Propagate Heavy Faults
Propagate Attacks
Inject Intrinsic Failure To Source
Source NODO_2 is failing for an Intrinsic Fault in day: 303
pipeline ARCO_70 has reduced capacity due to NODO_2 Intrinsic fault
pipeline V_EDGE_53_0 has reduced capacity due to NODO_2 Intrinsic fault
pipeline ARCO_0 has reduced capacity due to NODO_2 Intrinsic fault
Inject Heavy Fault To Sources
Inject Attack Multiple To Source
Inject Intrinsic Fault To Pipeline
Inject Heavy Fault To Pipeline
Inject Attack To Pipeline
----------- Statistics ------------
	Sources Under Attack: 0
	Sources with Heavy Fault: 0
	Sources with Intrinsic Fault: 2
	Arcs with reduce capacity due to Attack: 0
	Arcs with reduce capacity due to Heavy Fault: 0
	Arcs with reduce capacity due to Intrinsic Fault: 12
	Arcs with Attacks: 0
	Arcs with Heavy Fault: 0
	Arcs with Intrinsic Fault: 0
--------- SOURCES STATISTICS ---------------
Demand del real Source[0]: -31.0, flusso erogato: 11.397999999999998, flusso entrante: 0.0, efficienza: 36.76774193548387 %
Demand del real Source[8]: -10.5, flusso erogato: 3.8600000000000003, flusso entrante: 0.0, efficienza: 36.76190476190476 %
Demand del real Source[9]: -7.1, flusso erogato: 16.077999999999996, flusso entrante: 10.397999999999998, efficienza: 226.45070422535207 %
Demand del real Source[17]: -25.0, flusso erogato: 25.000000000000007, flusso entrante: 0.0, efficienza: 100.00000000000003 %
Flusso totale entrante nei Real Source: 10.397999999999998
Flusso totale uscente dai Real Source: 56.336000000000006
Flusso netto sui real Source: -45.93800000000001
--- SINKS STATISTICS ---
Sink 3 SODDISFATTO. Flusso netto: 3.43, Demand: 3.43, percentage: 100.0
Sink 4 SODDISFATTO. Flusso netto: 0.5700000000000003, Demand: 0.57, percentage: 100.00000000000007
Sink 5 SODDISFATTO. Flusso netto: 0.6600000000000001, Demand: 0.66, percentage: 100.00000000000003
Sink 11 SODDISFATTO. Flusso netto: 1.03, Demand: 1.03, percentage: 100.0
Sink 15 SODDISFATTO. Flusso netto: 0.46, Demand: 0.46, percentage: 100.0
Sink 16 SODDISFATTO. Flusso netto: 8.400000000000002, Demand: 8.4, percentage: 100.00000000000003
Sink 19 SODDISFATTO. Flusso netto: 0.5399999999999991, Demand: 0.54, percentage: 99.99999999999983
Sink 23 SODDISFATTO. Flusso netto: 0.5999999999999999, Demand: 0.6, percentage: 99.99999999999997
Sink 24 SODDISFATTO. Flusso netto: 0.8, Demand: 0.8, percentage: 100.0
Sink 25 SODDISFATTO. Flusso netto: 3.5, Demand: 3.5, percentage: 100.0
Sink 26 SODDISFATTO. Flusso netto: 6.000000000000002, Demand: 6.0, percentage: 100.00000000000003
Sink 28 SODDISFATTO. Flusso netto: 0.4, Demand: 0.4, percentage: 100.0
Sink 30 SODDISFATTO. Flusso netto: 0.9799999999999986, Demand: 0.98, percentage: 99.99999999999987
Sink 31 SODDISFATTO. Flusso netto: 0.4, Demand: 0.4, percentage: 100.0
Sink 32 SODDISFATTO. Flusso netto: 0.9999999999999996, Demand: 1.0, percentage: 99.99999999999996
Sink 34 SODDISFATTO. Flusso netto: 1.74, Demand: 1.74, percentage: 100.0
Sink 35 SODDISFATTO. Flusso netto: 1.3, Demand: 1.3, percentage: 100.0
Sink 37 SODDISFATTO. Flusso netto: 1.0, Demand: 1.0, percentage: 100.0
Sink 39 SODDISFATTO. Flusso netto: 0.4, Demand: 0.4, percentage: 100.0
Sink 40 SODDISFATTO. Flusso netto: 0.5, Demand: 0.5, percentage: 100.0
Sink 41 SODDISFATTO. Flusso netto: 1.0599999999999996, Demand: 1.06, percentage: 99.99999999999996
Sink 42 SODDISFATTO. Flusso netto: 2.8200000000000003, Demand: 2.82, percentage: 100.00000000000003
Sink 45 SODDISFATTO. Flusso netto: 0.68, Demand: 0.68, percentage: 100.0
Sink 46 SODDISFATTO. Flusso netto: 1.17, Demand: 1.17, percentage: 100.0
Sink 49 non è soddisfatto. Flusso netto: 6.497999999999999, Demand: 7.0, percentage: 92.82857142857142
Flusso totale entrante nei SINK: 95.24200000000002
Flusso totale uscente nei SINK: 49.304
Flusso totale netto nei SINK: 45.93800000000002
Total DEMAND dei SINK: 46.44
Percentual di flusso ai SINK: 0.989190353143842
Numero di Sink soddisfatti: 24.0, numero totale di sink: 25.0
Percentuale di Sink soddisfatti: 0.96

---------------------------------- DAY 304

Update Fixed Elements from Intrinsic Faults
Update Fixed Elements from Heavy Faults
Update Fixed Elements from Attack
Propagate Intrinsic Fault
Node NODO_11 has still failing due to Intrinsic Fault
Node NODO_2 has still failing due to Intrinsic Fault
pipeline ARCO_3 still has reduced capacity: 9.688 due to Intrinsic Fault
pipeline ARCO_90 still has reduced capacity: 1.6 due to Intrinsic Fault
pipeline ARCO_91 still has reduced capacity: 9.688 due to Intrinsic Fault
pipeline ARCO_92 still has reduced capacity: 39.328 due to Intrinsic Fault
pipeline V_EDGE_53_9 still has reduced capacity: 5.68 due to Intrinsic Fault
pipeline ARCO_20 still has reduced capacity: 1.6 due to Intrinsic Fault
pipeline ARCO_21 still has reduced capacity: 9.688 due to Intrinsic Fault
pipeline ARCO_22 still has reduced capacity: 39.328 due to Intrinsic Fault
pipeline ARCO_73 still has reduced capacity: 9.688 due to Intrinsic Fault
pipeline ARCO_70 still has reduced capacity: 24.8 due to Intrinsic Fault
pipeline V_EDGE_53_0 still has reduced capacity: 24.8 due to Intrinsic Fault
pipeline ARCO_0 still has reduced capacity: 24.8 due to Intrinsic Fault
Propagate Heavy Faults
Propagate Attacks
Inject Intrinsic Failure To Source
Inject Heavy Fault To Sources
Inject Attack Multiple To Source
Inject Intrinsic Fault To Pipeline
Inject Heavy Fault To Pipeline
Inject Attack To Pipeline
----------- Statistics ------------
	Sources Under Attack: 0
	Sources with Heavy Fault: 0
	Sources with Intrinsic Fault: 2
	Arcs with reduce capacity due to Attack: 0
	Arcs with reduce capacity due to Heavy Fault: 0
	Arcs with reduce capacity due to Intrinsic Fault: 12
	Arcs with Attacks: 0
	Arcs with Heavy Fault: 0
	Arcs with Intrinsic Fault: 0
--------- SOURCES STATISTICS ---------------
Demand del real Source[0]: -31.0, flusso erogato: 11.397999999999998, flusso entrante: 0.0, efficienza: 36.76774193548387 %
Demand del real Source[8]: -10.5, flusso erogato: 3.8600000000000003, flusso entrante: 0.0, efficienza: 36.76190476190476 %
Demand del real Source[9]: -7.1, flusso erogato: 16.077999999999996, flusso entrante: 10.397999999999998, efficienza: 226.45070422535207 %
Demand del real Source[17]: -25.0, flusso erogato: 25.000000000000007, flusso entrante: 0.0, efficienza: 100.00000000000003 %
Flusso totale entrante nei Real Source: 10.397999999999998
Flusso totale uscente dai Real Source: 56.336000000000006
Flusso netto sui real Source: -45.93800000000001
--- SINKS STATISTICS ---
Sink 3 SODDISFATTO. Flusso netto: 3.43, Demand: 3.43, percentage: 100.0
Sink 4 SODDISFATTO. Flusso netto: 0.5700000000000003, Demand: 0.57, percentage: 100.00000000000007
Sink 5 SODDISFATTO. Flusso netto: 0.6600000000000001, Demand: 0.66, percentage: 100.00000000000003
Sink 11 SODDISFATTO. Flusso netto: 1.03, Demand: 1.03, percentage: 100.0
Sink 15 SODDISFATTO. Flusso netto: 0.46, Demand: 0.46, percentage: 100.0
Sink 16 SODDISFATTO. Flusso netto: 8.400000000000002, Demand: 8.4, percentage: 100.00000000000003
Sink 19 SODDISFATTO. Flusso netto: 0.5399999999999991, Demand: 0.54, percentage: 99.99999999999983
Sink 23 SODDISFATTO. Flusso netto: 0.5999999999999999, Demand: 0.6, percentage: 99.99999999999997
Sink 24 SODDISFATTO. Flusso netto: 0.8, Demand: 0.8, percentage: 100.0
Sink 25 SODDISFATTO. Flusso netto: 3.5, Demand: 3.5, percentage: 100.0
Sink 26 SODDISFATTO. Flusso netto: 6.000000000000002, Demand: 6.0, percentage: 100.00000000000003
Sink 28 SODDISFATTO. Flusso netto: 0.4, Demand: 0.4, percentage: 100.0
Sink 30 SODDISFATTO. Flusso netto: 0.9799999999999986, Demand: 0.98, percentage: 99.99999999999987
Sink 31 SODDISFATTO. Flusso netto: 0.4, Demand: 0.4, percentage: 100.0
Sink 32 SODDISFATTO. Flusso netto: 0.9999999999999996, Demand: 1.0, percentage: 99.99999999999996
Sink 34 SODDISFATTO. Flusso netto: 1.74, Demand: 1.74, percentage: 100.0
Sink 35 SODDISFATTO. Flusso netto: 1.3, Demand: 1.3, percentage: 100.0
Sink 37 SODDISFATTO. Flusso netto: 1.0, Demand: 1.0, percentage: 100.0
Sink 39 SODDISFATTO. Flusso netto: 0.4, Demand: 0.4, percentage: 100.0
Sink 40 SODDISFATTO. Flusso netto: 0.5, Demand: 0.5, percentage: 100.0
Sink 41 SODDISFATTO. Flusso netto: 1.0599999999999996, Demand: 1.06, percentage: 99.99999999999996
Sink 42 SODDISFATTO. Flusso netto: 2.8200000000000003, Demand: 2.82, percentage: 100.00000000000003
Sink 45 SODDISFATTO. Flusso netto: 0.68, Demand: 0.68, percentage: 100.0
Sink 46 SODDISFATTO. Flusso netto: 1.17, Demand: 1.17, percentage: 100.0
Sink 49 non è soddisfatto. Flusso netto: 6.497999999999999, Demand: 7.0, percentage: 92.82857142857142
Flusso totale entrante nei SINK: 95.24200000000002
Flusso totale uscente nei SINK: 49.304
Flusso totale netto nei SINK: 45.93800000000002
Total DEMAND dei SINK: 46.44
Percentual di flusso ai SINK: 0.989190353143842
Numero di Sink soddisfatti: 24.0, numero totale di sink: 25.0
Percentuale di Sink soddisfatti: 0.96

---------------------------------- DAY 305

Update Fixed Elements from Intrinsic Faults
Source NODO_11 fixed from Intrinsic Fault
Pipeline ARCO_3 fixed due to Source NODO_11 fixing from Intrinsic Fault
Pipeline ARCO_90 fixed due to Source NODO_11 fixing from Intrinsic Fault
Pipeline ARCO_91 fixed due to Source NODO_11 fixing from Intrinsic Fault
Pipeline ARCO_92 fixed due to Source NODO_11 fixing from Intrinsic Fault
Pipeline V_EDGE_53_9 fixed due to Source NODO_11 fixing from Intrinsic Fault
Pipeline ARCO_20 fixed due to Source NODO_11 fixing from Intrinsic Fault
Pipeline ARCO_21 fixed due to Source NODO_11 fixing from Intrinsic Fault
Pipeline ARCO_22 fixed due to Source NODO_11 fixing from Intrinsic Fault
Pipeline ARCO_73 fixed due to Source NODO_11 fixing from Intrinsic Fault
Update Fixed Elements from Heavy Faults
Update Fixed Elements from Attack
Propagate Intrinsic Fault
Node NODO_2 has still failing due to Intrinsic Fault
pipeline ARCO_70 still has reduced capacity: 24.8 due to Intrinsic Fault
pipeline V_EDGE_53_0 still has reduced capacity: 24.8 due to Intrinsic Fault
pipeline ARCO_0 still has reduced capacity: 24.8 due to Intrinsic Fault
Propagate Heavy Faults
Propagate Attacks
Inject Intrinsic Failure To Source
Inject Heavy Fault To Sources
Inject Attack Multiple To Source
Inject Intrinsic Fault To Pipeline
Inject Heavy Fault To Pipeline
Inject Attack To Pipeline
----------- Statistics ------------
	Sources Under Attack: 0
	Sources with Heavy Fault: 0
	Sources with Intrinsic Fault: 1
	Arcs with reduce capacity due to Attack: 0
	Arcs with reduce capacity due to Heavy Fault: 0
	Arcs with reduce capacity due to Intrinsic Fault: 3
	Arcs with Attacks: 0
	Arcs with Heavy Fault: 0
	Arcs with Intrinsic Fault: 0
--------- SOURCES STATISTICS ---------------
Demand del real Source[0]: -31.0, flusso erogato: 10.129999999999997, flusso entrante: 0.0, efficienza: 32.6774193548387 %
Demand del real Source[8]: -10.5, flusso erogato: 3.8600000000000003, flusso entrante: 0.0, efficienza: 36.76190476190476 %
Demand del real Source[9]: -7.1, flusso erogato: 16.229999999999997, flusso entrante: 9.129999999999997, efficienza: 228.59154929577463 %
Demand del real Source[17]: -25.0, flusso erogato: 25.000000000000007, flusso entrante: 0.0, efficienza: 100.00000000000003 %
Flusso totale entrante nei Real Source: 9.129999999999997
Flusso totale uscente dai Real Source: 55.220000000000006
Flusso netto sui real Source: -46.09000000000001
--- SINKS STATISTICS ---
Sink 3 SODDISFATTO. Flusso netto: 3.43, Demand: 3.43, percentage: 100.0
Sink 4 SODDISFATTO. Flusso netto: 0.5700000000000003, Demand: 0.57, percentage: 100.00000000000007
Sink 5 SODDISFATTO. Flusso netto: 0.6600000000000001, Demand: 0.66, percentage: 100.00000000000003
Sink 11 SODDISFATTO. Flusso netto: 1.03, Demand: 1.03, percentage: 100.0
Sink 15 SODDISFATTO. Flusso netto: 0.46, Demand: 0.46, percentage: 100.0
Sink 16 SODDISFATTO. Flusso netto: 8.400000000000002, Demand: 8.4, percentage: 100.00000000000003
Sink 19 SODDISFATTO. Flusso netto: 0.5399999999999991, Demand: 0.54, percentage: 99.99999999999983
Sink 23 SODDISFATTO. Flusso netto: 0.5999999999999999, Demand: 0.6, percentage: 99.99999999999997
Sink 24 SODDISFATTO. Flusso netto: 0.8, Demand: 0.8, percentage: 100.0
Sink 25 SODDISFATTO. Flusso netto: 3.5, Demand: 3.5, percentage: 100.0
Sink 26 SODDISFATTO. Flusso netto: 6.000000000000002, Demand: 6.0, percentage: 100.00000000000003
Sink 28 SODDISFATTO. Flusso netto: 0.4, Demand: 0.4, percentage: 100.0
Sink 30 SODDISFATTO. Flusso netto: 0.9799999999999986, Demand: 0.98, percentage: 99.99999999999987
Sink 31 SODDISFATTO. Flusso netto: 0.4, Demand: 0.4, percentage: 100.0
Sink 32 SODDISFATTO. Flusso netto: 0.9999999999999996, Demand: 1.0, percentage: 99.99999999999996
Sink 34 SODDISFATTO. Flusso netto: 1.74, Demand: 1.74, percentage: 100.0
Sink 35 SODDISFATTO. Flusso netto: 1.3, Demand: 1.3, percentage: 100.0
Sink 37 SODDISFATTO. Flusso netto: 1.0, Demand: 1.0, percentage: 100.0
Sink 39 SODDISFATTO. Flusso netto: 0.4, Demand: 0.4, percentage: 100.0
Sink 40 SODDISFATTO. Flusso netto: 0.5, Demand: 0.5, percentage: 100.0
Sink 41 SODDISFATTO. Flusso netto: 1.06, Demand: 1.06, percentage: 100.0
Sink 42 SODDISFATTO. Flusso netto: 2.8199999999999994, Demand: 2.82, percentage: 99.99999999999999
Sink 45 SODDISFATTO. Flusso netto: 0.68, Demand: 0.68, percentage: 100.0
Sink 46 SODDISFATTO. Flusso netto: 1.17, Demand: 1.17, percentage: 100.0
Sink 49 non è soddisfatto. Flusso netto: 6.6499999999999995, Demand: 7.0, percentage: 95.0
Flusso totale entrante nei SINK: 92.61000000000001
Flusso totale uscente nei SINK: 46.52
Flusso totale netto nei SINK: 46.09000000000001
Total DEMAND dei SINK: 46.44
Percentual di flusso ai SINK: 0.9924633936261846
Numero di Sink soddisfatti: 24.0, numero totale di sink: 25.0
Percentuale di Sink soddisfatti: 0.96

---------------------------------- DAY 306

Update Fixed Elements from Intrinsic Faults
Source NODO_2 fixed from Intrinsic Fault
Pipeline ARCO_70 fixed due to Source NODO_2 fixing from Intrinsic Fault
Pipeline V_EDGE_53_0 fixed due to Source NODO_2 fixing from Intrinsic Fault
Pipeline ARCO_0 fixed due to Source NODO_2 fixing from Intrinsic Fault
Update Fixed Elements from Heavy Faults
Update Fixed Elements from Attack
Propagate Intrinsic Fault
Propagate Heavy Faults
Propagate Attacks
Inject Intrinsic Failure To Source
Inject Heavy Fault To Sources
Inject Attack Multiple To Source
Inject Intrinsic Fault To Pipeline
Inject Heavy Fault To Pipeline
Inject Attack To Pipeline
----------- Statistics ------------
	Sources Under Attack: 0
	Sources with Heavy Fault: 0
	Sources with Intrinsic Fault: 0
	Arcs with reduce capacity due to Attack: 0
	Arcs with reduce capacity due to Heavy Fault: 0
	Arcs with reduce capacity due to Intrinsic Fault: 0
	Arcs with Attacks: 0
	Arcs with Heavy Fault: 0
	Arcs with Intrinsic Fault: 0
--------- SOURCES STATISTICS ---------------
Demand del real Source[0]: -31.0, flusso erogato: 10.129999999999997, flusso entrante: 0.0, efficienza: 32.6774193548387 %
Demand del real Source[8]: -10.5, flusso erogato: 3.8600000000000003, flusso entrante: 0.0, efficienza: 36.76190476190476 %
Demand del real Source[9]: -7.1, flusso erogato: 16.229999999999997, flusso entrante: 9.129999999999997, efficienza: 228.59154929577463 %
Demand del real Source[17]: -25.0, flusso erogato: 25.000000000000007, flusso entrante: 0.0, efficienza: 100.00000000000003 %
Flusso totale entrante nei Real Source: 9.129999999999997
Flusso totale uscente dai Real Source: 55.220000000000006
Flusso netto sui real Source: -46.09000000000001
--- SINKS STATISTICS ---
Sink 3 SODDISFATTO. Flusso netto: 3.43, Demand: 3.43, percentage: 100.0
Sink 4 SODDISFATTO. Flusso netto: 0.5700000000000003, Demand: 0.57, percentage: 100.00000000000007
Sink 5 SODDISFATTO. Flusso netto: 0.6600000000000001, Demand: 0.66, percentage: 100.00000000000003
Sink 11 SODDISFATTO. Flusso netto: 1.03, Demand: 1.03, percentage: 100.0
Sink 15 SODDISFATTO. Flusso netto: 0.46, Demand: 0.46, percentage: 100.0
Sink 16 SODDISFATTO. Flusso netto: 8.400000000000002, Demand: 8.4, percentage: 100.00000000000003
Sink 19 SODDISFATTO. Flusso netto: 0.5399999999999991, Demand: 0.54, percentage: 99.99999999999983
Sink 23 SODDISFATTO. Flusso netto: 0.5999999999999999, Demand: 0.6, percentage: 99.99999999999997
Sink 24 SODDISFATTO. Flusso netto: 0.8, Demand: 0.8, percentage: 100.0
Sink 25 SODDISFATTO. Flusso netto: 3.5, Demand: 3.5, percentage: 100.0
Sink 26 SODDISFATTO. Flusso netto: 6.000000000000002, Demand: 6.0, percentage: 100.00000000000003
Sink 28 SODDISFATTO. Flusso netto: 0.4, Demand: 0.4, percentage: 100.0
Sink 30 SODDISFATTO. Flusso netto: 0.9799999999999986, Demand: 0.98, percentage: 99.99999999999987
Sink 31 SODDISFATTO. Flusso netto: 0.4, Demand: 0.4, percentage: 100.0
Sink 32 SODDISFATTO. Flusso netto: 0.9999999999999996, Demand: 1.0, percentage: 99.99999999999996
Sink 34 SODDISFATTO. Flusso netto: 1.74, Demand: 1.74, percentage: 100.0
Sink 35 SODDISFATTO. Flusso netto: 1.3, Demand: 1.3, percentage: 100.0
Sink 37 SODDISFATTO. Flusso netto: 1.0, Demand: 1.0, percentage: 100.0
Sink 39 SODDISFATTO. Flusso netto: 0.4, Demand: 0.4, percentage: 100.0
Sink 40 SODDISFATTO. Flusso netto: 0.5, Demand: 0.5, percentage: 100.0
Sink 41 SODDISFATTO. Flusso netto: 1.06, Demand: 1.06, percentage: 100.0
Sink 42 SODDISFATTO. Flusso netto: 2.8199999999999994, Demand: 2.82, percentage: 99.99999999999999
Sink 45 SODDISFATTO. Flusso netto: 0.68, Demand: 0.68, percentage: 100.0
Sink 46 SODDISFATTO. Flusso netto: 1.17, Demand: 1.17, percentage: 100.0
Sink 49 non è soddisfatto. Flusso netto: 6.6499999999999995, Demand: 7.0, percentage: 95.0
Flusso totale entrante nei SINK: 92.61000000000001
Flusso totale uscente nei SINK: 46.52
Flusso totale netto nei SINK: 46.09000000000001
Total DEMAND dei SINK: 46.44
Percentual di flusso ai SINK: 0.9924633936261846
Numero di Sink soddisfatti: 24.0, numero totale di sink: 25.0
Percentuale di Sink soddisfatti: 0.96

---------------------------------- DAY 307

Update Fixed Elements from Intrinsic Faults
Update Fixed Elements from Heavy Faults
Update Fixed Elements from Attack
Propagate Intrinsic Fault
Propagate Heavy Faults
Propagate Attacks
Inject Intrinsic Failure To Source
Source NODO_2 is failing for an Intrinsic Fault in day: 307
pipeline ARCO_70 has reduced capacity due to NODO_2 Intrinsic fault
pipeline V_EDGE_53_0 has reduced capacity due to NODO_2 Intrinsic fault
pipeline ARCO_0 has reduced capacity due to NODO_2 Intrinsic fault
Inject Heavy Fault To Sources
Inject Attack Multiple To Source
Inject Intrinsic Fault To Pipeline
Inject Heavy Fault To Pipeline
Inject Attack To Pipeline
----------- Statistics ------------
	Sources Under Attack: 0
	Sources with Heavy Fault: 0
	Sources with Intrinsic Fault: 1
	Arcs with reduce capacity due to Attack: 0
	Arcs with reduce capacity due to Heavy Fault: 0
	Arcs with reduce capacity due to Intrinsic Fault: 3
	Arcs with Attacks: 0
	Arcs with Heavy Fault: 0
	Arcs with Intrinsic Fault: 0
--------- SOURCES STATISTICS ---------------
Demand del real Source[0]: -31.0, flusso erogato: 10.129999999999997, flusso entrante: 0.0, efficienza: 32.6774193548387 %
Demand del real Source[8]: -10.5, flusso erogato: 3.8600000000000003, flusso entrante: 0.0, efficienza: 36.76190476190476 %
Demand del real Source[9]: -7.1, flusso erogato: 16.229999999999997, flusso entrante: 9.129999999999997, efficienza: 228.59154929577463 %
Demand del real Source[17]: -25.0, flusso erogato: 25.000000000000007, flusso entrante: 0.0, efficienza: 100.00000000000003 %
Flusso totale entrante nei Real Source: 9.129999999999997
Flusso totale uscente dai Real Source: 55.220000000000006
Flusso netto sui real Source: -46.09000000000001
--- SINKS STATISTICS ---
Sink 3 SODDISFATTO. Flusso netto: 3.43, Demand: 3.43, percentage: 100.0
Sink 4 SODDISFATTO. Flusso netto: 0.5700000000000003, Demand: 0.57, percentage: 100.00000000000007
Sink 5 SODDISFATTO. Flusso netto: 0.6600000000000001, Demand: 0.66, percentage: 100.00000000000003
Sink 11 SODDISFATTO. Flusso netto: 1.03, Demand: 1.03, percentage: 100.0
Sink 15 SODDISFATTO. Flusso netto: 0.46, Demand: 0.46, percentage: 100.0
Sink 16 SODDISFATTO. Flusso netto: 8.400000000000002, Demand: 8.4, percentage: 100.00000000000003
Sink 19 SODDISFATTO. Flusso netto: 0.5399999999999991, Demand: 0.54, percentage: 99.99999999999983
Sink 23 SODDISFATTO. Flusso netto: 0.5999999999999999, Demand: 0.6, percentage: 99.99999999999997
Sink 24 SODDISFATTO. Flusso netto: 0.8, Demand: 0.8, percentage: 100.0
Sink 25 SODDISFATTO. Flusso netto: 3.5, Demand: 3.5, percentage: 100.0
Sink 26 SODDISFATTO. Flusso netto: 6.000000000000002, Demand: 6.0, percentage: 100.00000000000003
Sink 28 SODDISFATTO. Flusso netto: 0.4, Demand: 0.4, percentage: 100.0
Sink 30 SODDISFATTO. Flusso netto: 0.9799999999999986, Demand: 0.98, percentage: 99.99999999999987
Sink 31 SODDISFATTO. Flusso netto: 0.4, Demand: 0.4, percentage: 100.0
Sink 32 SODDISFATTO. Flusso netto: 0.9999999999999996, Demand: 1.0, percentage: 99.99999999999996
Sink 34 SODDISFATTO. Flusso netto: 1.74, Demand: 1.74, percentage: 100.0
Sink 35 SODDISFATTO. Flusso netto: 1.3, Demand: 1.3, percentage: 100.0
Sink 37 SODDISFATTO. Flusso netto: 1.0, Demand: 1.0, percentage: 100.0
Sink 39 SODDISFATTO. Flusso netto: 0.4, Demand: 0.4, percentage: 100.0
Sink 40 SODDISFATTO. Flusso netto: 0.5, Demand: 0.5, percentage: 100.0
Sink 41 SODDISFATTO. Flusso netto: 1.06, Demand: 1.06, percentage: 100.0
Sink 42 SODDISFATTO. Flusso netto: 2.8199999999999994, Demand: 2.82, percentage: 99.99999999999999
Sink 45 SODDISFATTO. Flusso netto: 0.68, Demand: 0.68, percentage: 100.0
Sink 46 SODDISFATTO. Flusso netto: 1.17, Demand: 1.17, percentage: 100.0
Sink 49 non è soddisfatto. Flusso netto: 6.6499999999999995, Demand: 7.0, percentage: 95.0
Flusso totale entrante nei SINK: 92.61000000000001
Flusso totale uscente nei SINK: 46.52
Flusso totale netto nei SINK: 46.09000000000001
Total DEMAND dei SINK: 46.44
Percentual di flusso ai SINK: 0.9924633936261846
Numero di Sink soddisfatti: 24.0, numero totale di sink: 25.0
Percentuale di Sink soddisfatti: 0.96

---------------------------------- DAY 308

Update Fixed Elements from Intrinsic Faults
Update Fixed Elements from Heavy Faults
Update Fixed Elements from Attack
Propagate Intrinsic Fault
Node NODO_2 has still failing due to Intrinsic Fault
pipeline ARCO_70 still has reduced capacity: 24.8 due to Intrinsic Fault
pipeline V_EDGE_53_0 still has reduced capacity: 24.8 due to Intrinsic Fault
pipeline ARCO_0 still has reduced capacity: 24.8 due to Intrinsic Fault
Propagate Heavy Faults
Propagate Attacks
Inject Intrinsic Failure To Source
Inject Heavy Fault To Sources
Inject Attack Multiple To Source
Inject Intrinsic Fault To Pipeline
Inject Heavy Fault To Pipeline
Inject Attack To Pipeline
----------- Statistics ------------
	Sources Under Attack: 0
	Sources with Heavy Fault: 0
	Sources with Intrinsic Fault: 1
	Arcs with reduce capacity due to Attack: 0
	Arcs with reduce capacity due to Heavy Fault: 0
	Arcs with reduce capacity due to Intrinsic Fault: 3
	Arcs with Attacks: 0
	Arcs with Heavy Fault: 0
	Arcs with Intrinsic Fault: 0
--------- SOURCES STATISTICS ---------------
Demand del real Source[0]: -31.0, flusso erogato: 10.129999999999997, flusso entrante: 0.0, efficienza: 32.6774193548387 %
Demand del real Source[8]: -10.5, flusso erogato: 3.8600000000000003, flusso entrante: 0.0, efficienza: 36.76190476190476 %
Demand del real Source[9]: -7.1, flusso erogato: 16.229999999999997, flusso entrante: 9.129999999999997, efficienza: 228.59154929577463 %
Demand del real Source[17]: -25.0, flusso erogato: 25.000000000000007, flusso entrante: 0.0, efficienza: 100.00000000000003 %
Flusso totale entrante nei Real Source: 9.129999999999997
Flusso totale uscente dai Real Source: 55.220000000000006
Flusso netto sui real Source: -46.09000000000001
--- SINKS STATISTICS ---
Sink 3 SODDISFATTO. Flusso netto: 3.43, Demand: 3.43, percentage: 100.0
Sink 4 SODDISFATTO. Flusso netto: 0.5700000000000003, Demand: 0.57, percentage: 100.00000000000007
Sink 5 SODDISFATTO. Flusso netto: 0.6600000000000001, Demand: 0.66, percentage: 100.00000000000003
Sink 11 SODDISFATTO. Flusso netto: 1.03, Demand: 1.03, percentage: 100.0
Sink 15 SODDISFATTO. Flusso netto: 0.46, Demand: 0.46, percentage: 100.0
Sink 16 SODDISFATTO. Flusso netto: 8.400000000000002, Demand: 8.4, percentage: 100.00000000000003
Sink 19 SODDISFATTO. Flusso netto: 0.5399999999999991, Demand: 0.54, percentage: 99.99999999999983
Sink 23 SODDISFATTO. Flusso netto: 0.5999999999999999, Demand: 0.6, percentage: 99.99999999999997
Sink 24 SODDISFATTO. Flusso netto: 0.8, Demand: 0.8, percentage: 100.0
Sink 25 SODDISFATTO. Flusso netto: 3.5, Demand: 3.5, percentage: 100.0
Sink 26 SODDISFATTO. Flusso netto: 6.000000000000002, Demand: 6.0, percentage: 100.00000000000003
Sink 28 SODDISFATTO. Flusso netto: 0.4, Demand: 0.4, percentage: 100.0
Sink 30 SODDISFATTO. Flusso netto: 0.9799999999999986, Demand: 0.98, percentage: 99.99999999999987
Sink 31 SODDISFATTO. Flusso netto: 0.4, Demand: 0.4, percentage: 100.0
Sink 32 SODDISFATTO. Flusso netto: 0.9999999999999996, Demand: 1.0, percentage: 99.99999999999996
Sink 34 SODDISFATTO. Flusso netto: 1.74, Demand: 1.74, percentage: 100.0
Sink 35 SODDISFATTO. Flusso netto: 1.3, Demand: 1.3, percentage: 100.0
Sink 37 SODDISFATTO. Flusso netto: 1.0, Demand: 1.0, percentage: 100.0
Sink 39 SODDISFATTO. Flusso netto: 0.4, Demand: 0.4, percentage: 100.0
Sink 40 SODDISFATTO. Flusso netto: 0.5, Demand: 0.5, percentage: 100.0
Sink 41 SODDISFATTO. Flusso netto: 1.06, Demand: 1.06, percentage: 100.0
Sink 42 SODDISFATTO. Flusso netto: 2.8199999999999994, Demand: 2.82, percentage: 99.99999999999999
Sink 45 SODDISFATTO. Flusso netto: 0.68, Demand: 0.68, percentage: 100.0
Sink 46 SODDISFATTO. Flusso netto: 1.17, Demand: 1.17, percentage: 100.0
Sink 49 non è soddisfatto. Flusso netto: 6.6499999999999995, Demand: 7.0, percentage: 95.0
Flusso totale entrante nei SINK: 92.61000000000001
Flusso totale uscente nei SINK: 46.52
Flusso totale netto nei SINK: 46.09000000000001
Total DEMAND dei SINK: 46.44
Percentual di flusso ai SINK: 0.9924633936261846
Numero di Sink soddisfatti: 24.0, numero totale di sink: 25.0
Percentuale di Sink soddisfatti: 0.96

---------------------------------- DAY 309

Update Fixed Elements from Intrinsic Faults
Update Fixed Elements from Heavy Faults
Update Fixed Elements from Attack
Propagate Intrinsic Fault
Node NODO_2 has still failing due to Intrinsic Fault
pipeline ARCO_70 still has reduced capacity: 24.8 due to Intrinsic Fault
pipeline V_EDGE_53_0 still has reduced capacity: 24.8 due to Intrinsic Fault
pipeline ARCO_0 still has reduced capacity: 24.8 due to Intrinsic Fault
Propagate Heavy Faults
Propagate Attacks
Inject Intrinsic Failure To Source
Inject Heavy Fault To Sources
Inject Attack Multiple To Source
Inject Intrinsic Fault To Pipeline
Inject Heavy Fault To Pipeline
Inject Attack To Pipeline
----------- Statistics ------------
	Sources Under Attack: 0
	Sources with Heavy Fault: 0
	Sources with Intrinsic Fault: 1
	Arcs with reduce capacity due to Attack: 0
	Arcs with reduce capacity due to Heavy Fault: 0
	Arcs with reduce capacity due to Intrinsic Fault: 3
	Arcs with Attacks: 0
	Arcs with Heavy Fault: 0
	Arcs with Intrinsic Fault: 0
--------- SOURCES STATISTICS ---------------
Demand del real Source[0]: -31.0, flusso erogato: 10.129999999999997, flusso entrante: 0.0, efficienza: 32.6774193548387 %
Demand del real Source[8]: -10.5, flusso erogato: 3.8600000000000003, flusso entrante: 0.0, efficienza: 36.76190476190476 %
Demand del real Source[9]: -7.1, flusso erogato: 16.229999999999997, flusso entrante: 9.129999999999997, efficienza: 228.59154929577463 %
Demand del real Source[17]: -25.0, flusso erogato: 25.000000000000007, flusso entrante: 0.0, efficienza: 100.00000000000003 %
Flusso totale entrante nei Real Source: 9.129999999999997
Flusso totale uscente dai Real Source: 55.220000000000006
Flusso netto sui real Source: -46.09000000000001
--- SINKS STATISTICS ---
Sink 3 SODDISFATTO. Flusso netto: 3.43, Demand: 3.43, percentage: 100.0
Sink 4 SODDISFATTO. Flusso netto: 0.5700000000000003, Demand: 0.57, percentage: 100.00000000000007
Sink 5 SODDISFATTO. Flusso netto: 0.6600000000000001, Demand: 0.66, percentage: 100.00000000000003
Sink 11 SODDISFATTO. Flusso netto: 1.03, Demand: 1.03, percentage: 100.0
Sink 15 SODDISFATTO. Flusso netto: 0.46, Demand: 0.46, percentage: 100.0
Sink 16 SODDISFATTO. Flusso netto: 8.400000000000002, Demand: 8.4, percentage: 100.00000000000003
Sink 19 SODDISFATTO. Flusso netto: 0.5399999999999991, Demand: 0.54, percentage: 99.99999999999983
Sink 23 SODDISFATTO. Flusso netto: 0.5999999999999999, Demand: 0.6, percentage: 99.99999999999997
Sink 24 SODDISFATTO. Flusso netto: 0.8, Demand: 0.8, percentage: 100.0
Sink 25 SODDISFATTO. Flusso netto: 3.5, Demand: 3.5, percentage: 100.0
Sink 26 SODDISFATTO. Flusso netto: 6.000000000000002, Demand: 6.0, percentage: 100.00000000000003
Sink 28 SODDISFATTO. Flusso netto: 0.4, Demand: 0.4, percentage: 100.0
Sink 30 SODDISFATTO. Flusso netto: 0.9799999999999986, Demand: 0.98, percentage: 99.99999999999987
Sink 31 SODDISFATTO. Flusso netto: 0.4, Demand: 0.4, percentage: 100.0
Sink 32 SODDISFATTO. Flusso netto: 0.9999999999999996, Demand: 1.0, percentage: 99.99999999999996
Sink 34 SODDISFATTO. Flusso netto: 1.74, Demand: 1.74, percentage: 100.0
Sink 35 SODDISFATTO. Flusso netto: 1.3, Demand: 1.3, percentage: 100.0
Sink 37 SODDISFATTO. Flusso netto: 1.0, Demand: 1.0, percentage: 100.0
Sink 39 SODDISFATTO. Flusso netto: 0.4, Demand: 0.4, percentage: 100.0
Sink 40 SODDISFATTO. Flusso netto: 0.5, Demand: 0.5, percentage: 100.0
Sink 41 SODDISFATTO. Flusso netto: 1.06, Demand: 1.06, percentage: 100.0
Sink 42 SODDISFATTO. Flusso netto: 2.8199999999999994, Demand: 2.82, percentage: 99.99999999999999
Sink 45 SODDISFATTO. Flusso netto: 0.68, Demand: 0.68, percentage: 100.0
Sink 46 SODDISFATTO. Flusso netto: 1.17, Demand: 1.17, percentage: 100.0
Sink 49 non è soddisfatto. Flusso netto: 6.6499999999999995, Demand: 7.0, percentage: 95.0
Flusso totale entrante nei SINK: 92.61000000000001
Flusso totale uscente nei SINK: 46.52
Flusso totale netto nei SINK: 46.09000000000001
Total DEMAND dei SINK: 46.44
Percentual di flusso ai SINK: 0.9924633936261846
Numero di Sink soddisfatti: 24.0, numero totale di sink: 25.0
Percentuale di Sink soddisfatti: 0.96

---------------------------------- DAY 310

Update Fixed Elements from Intrinsic Faults
Source NODO_2 fixed from Intrinsic Fault
Pipeline ARCO_70 fixed due to Source NODO_2 fixing from Intrinsic Fault
Pipeline V_EDGE_53_0 fixed due to Source NODO_2 fixing from Intrinsic Fault
Pipeline ARCO_0 fixed due to Source NODO_2 fixing from Intrinsic Fault
Update Fixed Elements from Heavy Faults
Update Fixed Elements from Attack
Propagate Intrinsic Fault
Propagate Heavy Faults
Propagate Attacks
Inject Intrinsic Failure To Source
Inject Heavy Fault To Sources
Inject Attack Multiple To Source
Inject Intrinsic Fault To Pipeline
Inject Heavy Fault To Pipeline
Inject Attack To Pipeline
----------- Statistics ------------
	Sources Under Attack: 0
	Sources with Heavy Fault: 0
	Sources with Intrinsic Fault: 0
	Arcs with reduce capacity due to Attack: 0
	Arcs with reduce capacity due to Heavy Fault: 0
	Arcs with reduce capacity due to Intrinsic Fault: 0
	Arcs with Attacks: 0
	Arcs with Heavy Fault: 0
	Arcs with Intrinsic Fault: 0
--------- SOURCES STATISTICS ---------------
Demand del real Source[0]: -31.0, flusso erogato: 10.129999999999997, flusso entrante: 0.0, efficienza: 32.6774193548387 %
Demand del real Source[8]: -10.5, flusso erogato: 3.8600000000000003, flusso entrante: 0.0, efficienza: 36.76190476190476 %
Demand del real Source[9]: -7.1, flusso erogato: 16.229999999999997, flusso entrante: 9.129999999999997, efficienza: 228.59154929577463 %
Demand del real Source[17]: -25.0, flusso erogato: 25.000000000000007, flusso entrante: 0.0, efficienza: 100.00000000000003 %
Flusso totale entrante nei Real Source: 9.129999999999997
Flusso totale uscente dai Real Source: 55.220000000000006
Flusso netto sui real Source: -46.09000000000001
--- SINKS STATISTICS ---
Sink 3 SODDISFATTO. Flusso netto: 3.43, Demand: 3.43, percentage: 100.0
Sink 4 SODDISFATTO. Flusso netto: 0.5700000000000003, Demand: 0.57, percentage: 100.00000000000007
Sink 5 SODDISFATTO. Flusso netto: 0.6600000000000001, Demand: 0.66, percentage: 100.00000000000003
Sink 11 SODDISFATTO. Flusso netto: 1.03, Demand: 1.03, percentage: 100.0
Sink 15 SODDISFATTO. Flusso netto: 0.46, Demand: 0.46, percentage: 100.0
Sink 16 SODDISFATTO. Flusso netto: 8.400000000000002, Demand: 8.4, percentage: 100.00000000000003
Sink 19 SODDISFATTO. Flusso netto: 0.5399999999999991, Demand: 0.54, percentage: 99.99999999999983
Sink 23 SODDISFATTO. Flusso netto: 0.5999999999999999, Demand: 0.6, percentage: 99.99999999999997
Sink 24 SODDISFATTO. Flusso netto: 0.8, Demand: 0.8, percentage: 100.0
Sink 25 SODDISFATTO. Flusso netto: 3.5, Demand: 3.5, percentage: 100.0
Sink 26 SODDISFATTO. Flusso netto: 6.000000000000002, Demand: 6.0, percentage: 100.00000000000003
Sink 28 SODDISFATTO. Flusso netto: 0.4, Demand: 0.4, percentage: 100.0
Sink 30 SODDISFATTO. Flusso netto: 0.9799999999999986, Demand: 0.98, percentage: 99.99999999999987
Sink 31 SODDISFATTO. Flusso netto: 0.4, Demand: 0.4, percentage: 100.0
Sink 32 SODDISFATTO. Flusso netto: 0.9999999999999996, Demand: 1.0, percentage: 99.99999999999996
Sink 34 SODDISFATTO. Flusso netto: 1.74, Demand: 1.74, percentage: 100.0
Sink 35 SODDISFATTO. Flusso netto: 1.3, Demand: 1.3, percentage: 100.0
Sink 37 SODDISFATTO. Flusso netto: 1.0, Demand: 1.0, percentage: 100.0
Sink 39 SODDISFATTO. Flusso netto: 0.4, Demand: 0.4, percentage: 100.0
Sink 40 SODDISFATTO. Flusso netto: 0.5, Demand: 0.5, percentage: 100.0
Sink 41 SODDISFATTO. Flusso netto: 1.06, Demand: 1.06, percentage: 100.0
Sink 42 SODDISFATTO. Flusso netto: 2.8199999999999994, Demand: 2.82, percentage: 99.99999999999999
Sink 45 SODDISFATTO. Flusso netto: 0.68, Demand: 0.68, percentage: 100.0
Sink 46 SODDISFATTO. Flusso netto: 1.17, Demand: 1.17, percentage: 100.0
Sink 49 non è soddisfatto. Flusso netto: 6.6499999999999995, Demand: 7.0, percentage: 95.0
Flusso totale entrante nei SINK: 92.61000000000001
Flusso totale uscente nei SINK: 46.52
Flusso totale netto nei SINK: 46.09000000000001
Total DEMAND dei SINK: 46.44
Percentual di flusso ai SINK: 0.9924633936261846
Numero di Sink soddisfatti: 24.0, numero totale di sink: 25.0
Percentuale di Sink soddisfatti: 0.96

---------------------------------- DAY 311

Update Fixed Elements from Intrinsic Faults
Update Fixed Elements from Heavy Faults
Update Fixed Elements from Attack
Propagate Intrinsic Fault
Propagate Heavy Faults
Propagate Attacks
Inject Intrinsic Failure To Source
Inject Heavy Fault To Sources
Inject Attack Multiple To Source
Inject Intrinsic Fault To Pipeline
Inject Heavy Fault To Pipeline
Inject Attack To Pipeline
----------- Statistics ------------
	Sources Under Attack: 0
	Sources with Heavy Fault: 0
	Sources with Intrinsic Fault: 0
	Arcs with reduce capacity due to Attack: 0
	Arcs with reduce capacity due to Heavy Fault: 0
	Arcs with reduce capacity due to Intrinsic Fault: 0
	Arcs with Attacks: 0
	Arcs with Heavy Fault: 0
	Arcs with Intrinsic Fault: 0
--------- SOURCES STATISTICS ---------------
Demand del real Source[0]: -31.0, flusso erogato: 10.129999999999997, flusso entrante: 0.0, efficienza: 32.6774193548387 %
Demand del real Source[8]: -10.5, flusso erogato: 3.8600000000000003, flusso entrante: 0.0, efficienza: 36.76190476190476 %
Demand del real Source[9]: -7.1, flusso erogato: 16.229999999999997, flusso entrante: 9.129999999999997, efficienza: 228.59154929577463 %
Demand del real Source[17]: -25.0, flusso erogato: 25.000000000000007, flusso entrante: 0.0, efficienza: 100.00000000000003 %
Flusso totale entrante nei Real Source: 9.129999999999997
Flusso totale uscente dai Real Source: 55.220000000000006
Flusso netto sui real Source: -46.09000000000001
--- SINKS STATISTICS ---
Sink 3 SODDISFATTO. Flusso netto: 3.43, Demand: 3.43, percentage: 100.0
Sink 4 SODDISFATTO. Flusso netto: 0.5700000000000003, Demand: 0.57, percentage: 100.00000000000007
Sink 5 SODDISFATTO. Flusso netto: 0.6600000000000001, Demand: 0.66, percentage: 100.00000000000003
Sink 11 SODDISFATTO. Flusso netto: 1.03, Demand: 1.03, percentage: 100.0
Sink 15 SODDISFATTO. Flusso netto: 0.46, Demand: 0.46, percentage: 100.0
Sink 16 SODDISFATTO. Flusso netto: 8.400000000000002, Demand: 8.4, percentage: 100.00000000000003
Sink 19 SODDISFATTO. Flusso netto: 0.5399999999999991, Demand: 0.54, percentage: 99.99999999999983
Sink 23 SODDISFATTO. Flusso netto: 0.5999999999999999, Demand: 0.6, percentage: 99.99999999999997
Sink 24 SODDISFATTO. Flusso netto: 0.8, Demand: 0.8, percentage: 100.0
Sink 25 SODDISFATTO. Flusso netto: 3.5, Demand: 3.5, percentage: 100.0
Sink 26 SODDISFATTO. Flusso netto: 6.000000000000002, Demand: 6.0, percentage: 100.00000000000003
Sink 28 SODDISFATTO. Flusso netto: 0.4, Demand: 0.4, percentage: 100.0
Sink 30 SODDISFATTO. Flusso netto: 0.9799999999999986, Demand: 0.98, percentage: 99.99999999999987
Sink 31 SODDISFATTO. Flusso netto: 0.4, Demand: 0.4, percentage: 100.0
Sink 32 SODDISFATTO. Flusso netto: 0.9999999999999996, Demand: 1.0, percentage: 99.99999999999996
Sink 34 SODDISFATTO. Flusso netto: 1.74, Demand: 1.74, percentage: 100.0
Sink 35 SODDISFATTO. Flusso netto: 1.3, Demand: 1.3, percentage: 100.0
Sink 37 SODDISFATTO. Flusso netto: 1.0, Demand: 1.0, percentage: 100.0
Sink 39 SODDISFATTO. Flusso netto: 0.4, Demand: 0.4, percentage: 100.0
Sink 40 SODDISFATTO. Flusso netto: 0.5, Demand: 0.5, percentage: 100.0
Sink 41 SODDISFATTO. Flusso netto: 1.06, Demand: 1.06, percentage: 100.0
Sink 42 SODDISFATTO. Flusso netto: 2.8199999999999994, Demand: 2.82, percentage: 99.99999999999999
Sink 45 SODDISFATTO. Flusso netto: 0.68, Demand: 0.68, percentage: 100.0
Sink 46 SODDISFATTO. Flusso netto: 1.17, Demand: 1.17, percentage: 100.0
Sink 49 non è soddisfatto. Flusso netto: 6.6499999999999995, Demand: 7.0, percentage: 95.0
Flusso totale entrante nei SINK: 92.61000000000001
Flusso totale uscente nei SINK: 46.52
Flusso totale netto nei SINK: 46.09000000000001
Total DEMAND dei SINK: 46.44
Percentual di flusso ai SINK: 0.9924633936261846
Numero di Sink soddisfatti: 24.0, numero totale di sink: 25.0
Percentuale di Sink soddisfatti: 0.96

---------------------------------- DAY 312

Update Fixed Elements from Intrinsic Faults
Update Fixed Elements from Heavy Faults
Update Fixed Elements from Attack
Propagate Intrinsic Fault
Propagate Heavy Faults
Propagate Attacks
Inject Intrinsic Failure To Source
Inject Heavy Fault To Sources
Inject Attack Multiple To Source
Inject Intrinsic Fault To Pipeline
Inject Heavy Fault To Pipeline
Inject Attack To Pipeline
----------- Statistics ------------
	Sources Under Attack: 0
	Sources with Heavy Fault: 0
	Sources with Intrinsic Fault: 0
	Arcs with reduce capacity due to Attack: 0
	Arcs with reduce capacity due to Heavy Fault: 0
	Arcs with reduce capacity due to Intrinsic Fault: 0
	Arcs with Attacks: 0
	Arcs with Heavy Fault: 0
	Arcs with Intrinsic Fault: 0
--------- SOURCES STATISTICS ---------------
Demand del real Source[0]: -31.0, flusso erogato: 10.129999999999997, flusso entrante: 0.0, efficienza: 32.6774193548387 %
Demand del real Source[8]: -10.5, flusso erogato: 3.8600000000000003, flusso entrante: 0.0, efficienza: 36.76190476190476 %
Demand del real Source[9]: -7.1, flusso erogato: 16.229999999999997, flusso entrante: 9.129999999999997, efficienza: 228.59154929577463 %
Demand del real Source[17]: -25.0, flusso erogato: 25.000000000000007, flusso entrante: 0.0, efficienza: 100.00000000000003 %
Flusso totale entrante nei Real Source: 9.129999999999997
Flusso totale uscente dai Real Source: 55.220000000000006
Flusso netto sui real Source: -46.09000000000001
--- SINKS STATISTICS ---
Sink 3 SODDISFATTO. Flusso netto: 3.43, Demand: 3.43, percentage: 100.0
Sink 4 SODDISFATTO. Flusso netto: 0.5700000000000003, Demand: 0.57, percentage: 100.00000000000007
Sink 5 SODDISFATTO. Flusso netto: 0.6600000000000001, Demand: 0.66, percentage: 100.00000000000003
Sink 11 SODDISFATTO. Flusso netto: 1.03, Demand: 1.03, percentage: 100.0
Sink 15 SODDISFATTO. Flusso netto: 0.46, Demand: 0.46, percentage: 100.0
Sink 16 SODDISFATTO. Flusso netto: 8.400000000000002, Demand: 8.4, percentage: 100.00000000000003
Sink 19 SODDISFATTO. Flusso netto: 0.5399999999999991, Demand: 0.54, percentage: 99.99999999999983
Sink 23 SODDISFATTO. Flusso netto: 0.5999999999999999, Demand: 0.6, percentage: 99.99999999999997
Sink 24 SODDISFATTO. Flusso netto: 0.8, Demand: 0.8, percentage: 100.0
Sink 25 SODDISFATTO. Flusso netto: 3.5, Demand: 3.5, percentage: 100.0
Sink 26 SODDISFATTO. Flusso netto: 6.000000000000002, Demand: 6.0, percentage: 100.00000000000003
Sink 28 SODDISFATTO. Flusso netto: 0.4, Demand: 0.4, percentage: 100.0
Sink 30 SODDISFATTO. Flusso netto: 0.9799999999999986, Demand: 0.98, percentage: 99.99999999999987
Sink 31 SODDISFATTO. Flusso netto: 0.4, Demand: 0.4, percentage: 100.0
Sink 32 SODDISFATTO. Flusso netto: 0.9999999999999996, Demand: 1.0, percentage: 99.99999999999996
Sink 34 SODDISFATTO. Flusso netto: 1.74, Demand: 1.74, percentage: 100.0
Sink 35 SODDISFATTO. Flusso netto: 1.3, Demand: 1.3, percentage: 100.0
Sink 37 SODDISFATTO. Flusso netto: 1.0, Demand: 1.0, percentage: 100.0
Sink 39 SODDISFATTO. Flusso netto: 0.4, Demand: 0.4, percentage: 100.0
Sink 40 SODDISFATTO. Flusso netto: 0.5, Demand: 0.5, percentage: 100.0
Sink 41 SODDISFATTO. Flusso netto: 1.06, Demand: 1.06, percentage: 100.0
Sink 42 SODDISFATTO. Flusso netto: 2.8199999999999994, Demand: 2.82, percentage: 99.99999999999999
Sink 45 SODDISFATTO. Flusso netto: 0.68, Demand: 0.68, percentage: 100.0
Sink 46 SODDISFATTO. Flusso netto: 1.17, Demand: 1.17, percentage: 100.0
Sink 49 non è soddisfatto. Flusso netto: 6.6499999999999995, Demand: 7.0, percentage: 95.0
Flusso totale entrante nei SINK: 92.61000000000001
Flusso totale uscente nei SINK: 46.52
Flusso totale netto nei SINK: 46.09000000000001
Total DEMAND dei SINK: 46.44
Percentual di flusso ai SINK: 0.9924633936261846
Numero di Sink soddisfatti: 24.0, numero totale di sink: 25.0
Percentuale di Sink soddisfatti: 0.96

---------------------------------- DAY 313

Update Fixed Elements from Intrinsic Faults
Update Fixed Elements from Heavy Faults
Update Fixed Elements from Attack
Propagate Intrinsic Fault
Propagate Heavy Faults
Propagate Attacks
Inject Intrinsic Failure To Source
Inject Heavy Fault To Sources
Inject Attack Multiple To Source
Inject Intrinsic Fault To Pipeline
Inject Heavy Fault To Pipeline
Inject Attack To Pipeline
----------- Statistics ------------
	Sources Under Attack: 0
	Sources with Heavy Fault: 0
	Sources with Intrinsic Fault: 0
	Arcs with reduce capacity due to Attack: 0
	Arcs with reduce capacity due to Heavy Fault: 0
	Arcs with reduce capacity due to Intrinsic Fault: 0
	Arcs with Attacks: 0
	Arcs with Heavy Fault: 0
	Arcs with Intrinsic Fault: 0
--------- SOURCES STATISTICS ---------------
Demand del real Source[0]: -31.0, flusso erogato: 10.129999999999997, flusso entrante: 0.0, efficienza: 32.6774193548387 %
Demand del real Source[8]: -10.5, flusso erogato: 3.8600000000000003, flusso entrante: 0.0, efficienza: 36.76190476190476 %
Demand del real Source[9]: -7.1, flusso erogato: 16.229999999999997, flusso entrante: 9.129999999999997, efficienza: 228.59154929577463 %
Demand del real Source[17]: -25.0, flusso erogato: 25.000000000000007, flusso entrante: 0.0, efficienza: 100.00000000000003 %
Flusso totale entrante nei Real Source: 9.129999999999997
Flusso totale uscente dai Real Source: 55.220000000000006
Flusso netto sui real Source: -46.09000000000001
--- SINKS STATISTICS ---
Sink 3 SODDISFATTO. Flusso netto: 3.43, Demand: 3.43, percentage: 100.0
Sink 4 SODDISFATTO. Flusso netto: 0.5700000000000003, Demand: 0.57, percentage: 100.00000000000007
Sink 5 SODDISFATTO. Flusso netto: 0.6600000000000001, Demand: 0.66, percentage: 100.00000000000003
Sink 11 SODDISFATTO. Flusso netto: 1.03, Demand: 1.03, percentage: 100.0
Sink 15 SODDISFATTO. Flusso netto: 0.46, Demand: 0.46, percentage: 100.0
Sink 16 SODDISFATTO. Flusso netto: 8.400000000000002, Demand: 8.4, percentage: 100.00000000000003
Sink 19 SODDISFATTO. Flusso netto: 0.5399999999999991, Demand: 0.54, percentage: 99.99999999999983
Sink 23 SODDISFATTO. Flusso netto: 0.5999999999999999, Demand: 0.6, percentage: 99.99999999999997
Sink 24 SODDISFATTO. Flusso netto: 0.8, Demand: 0.8, percentage: 100.0
Sink 25 SODDISFATTO. Flusso netto: 3.5, Demand: 3.5, percentage: 100.0
Sink 26 SODDISFATTO. Flusso netto: 6.000000000000002, Demand: 6.0, percentage: 100.00000000000003
Sink 28 SODDISFATTO. Flusso netto: 0.4, Demand: 0.4, percentage: 100.0
Sink 30 SODDISFATTO. Flusso netto: 0.9799999999999986, Demand: 0.98, percentage: 99.99999999999987
Sink 31 SODDISFATTO. Flusso netto: 0.4, Demand: 0.4, percentage: 100.0
Sink 32 SODDISFATTO. Flusso netto: 0.9999999999999996, Demand: 1.0, percentage: 99.99999999999996
Sink 34 SODDISFATTO. Flusso netto: 1.74, Demand: 1.74, percentage: 100.0
Sink 35 SODDISFATTO. Flusso netto: 1.3, Demand: 1.3, percentage: 100.0
Sink 37 SODDISFATTO. Flusso netto: 1.0, Demand: 1.0, percentage: 100.0
Sink 39 SODDISFATTO. Flusso netto: 0.4, Demand: 0.4, percentage: 100.0
Sink 40 SODDISFATTO. Flusso netto: 0.5, Demand: 0.5, percentage: 100.0
Sink 41 SODDISFATTO. Flusso netto: 1.06, Demand: 1.06, percentage: 100.0
Sink 42 SODDISFATTO. Flusso netto: 2.8199999999999994, Demand: 2.82, percentage: 99.99999999999999
Sink 45 SODDISFATTO. Flusso netto: 0.68, Demand: 0.68, percentage: 100.0
Sink 46 SODDISFATTO. Flusso netto: 1.17, Demand: 1.17, percentage: 100.0
Sink 49 non è soddisfatto. Flusso netto: 6.6499999999999995, Demand: 7.0, percentage: 95.0
Flusso totale entrante nei SINK: 92.61000000000001
Flusso totale uscente nei SINK: 46.52
Flusso totale netto nei SINK: 46.09000000000001
Total DEMAND dei SINK: 46.44
Percentual di flusso ai SINK: 0.9924633936261846
Numero di Sink soddisfatti: 24.0, numero totale di sink: 25.0
Percentuale di Sink soddisfatti: 0.96

---------------------------------- DAY 314

Update Fixed Elements from Intrinsic Faults
Update Fixed Elements from Heavy Faults
Update Fixed Elements from Attack
Propagate Intrinsic Fault
Propagate Heavy Faults
Propagate Attacks
Inject Intrinsic Failure To Source
Inject Heavy Fault To Sources
Inject Attack Multiple To Source
Inject Intrinsic Fault To Pipeline
Inject Heavy Fault To Pipeline
Inject Attack To Pipeline
----------- Statistics ------------
	Sources Under Attack: 0
	Sources with Heavy Fault: 0
	Sources with Intrinsic Fault: 0
	Arcs with reduce capacity due to Attack: 0
	Arcs with reduce capacity due to Heavy Fault: 0
	Arcs with reduce capacity due to Intrinsic Fault: 0
	Arcs with Attacks: 0
	Arcs with Heavy Fault: 0
	Arcs with Intrinsic Fault: 0
--------- SOURCES STATISTICS ---------------
Demand del real Source[0]: -31.0, flusso erogato: 10.129999999999997, flusso entrante: 0.0, efficienza: 32.6774193548387 %
Demand del real Source[8]: -10.5, flusso erogato: 3.8600000000000003, flusso entrante: 0.0, efficienza: 36.76190476190476 %
Demand del real Source[9]: -7.1, flusso erogato: 16.229999999999997, flusso entrante: 9.129999999999997, efficienza: 228.59154929577463 %
Demand del real Source[17]: -25.0, flusso erogato: 25.000000000000007, flusso entrante: 0.0, efficienza: 100.00000000000003 %
Flusso totale entrante nei Real Source: 9.129999999999997
Flusso totale uscente dai Real Source: 55.220000000000006
Flusso netto sui real Source: -46.09000000000001
--- SINKS STATISTICS ---
Sink 3 SODDISFATTO. Flusso netto: 3.43, Demand: 3.43, percentage: 100.0
Sink 4 SODDISFATTO. Flusso netto: 0.5700000000000003, Demand: 0.57, percentage: 100.00000000000007
Sink 5 SODDISFATTO. Flusso netto: 0.6600000000000001, Demand: 0.66, percentage: 100.00000000000003
Sink 11 SODDISFATTO. Flusso netto: 1.03, Demand: 1.03, percentage: 100.0
Sink 15 SODDISFATTO. Flusso netto: 0.46, Demand: 0.46, percentage: 100.0
Sink 16 SODDISFATTO. Flusso netto: 8.400000000000002, Demand: 8.4, percentage: 100.00000000000003
Sink 19 SODDISFATTO. Flusso netto: 0.5399999999999991, Demand: 0.54, percentage: 99.99999999999983
Sink 23 SODDISFATTO. Flusso netto: 0.5999999999999999, Demand: 0.6, percentage: 99.99999999999997
Sink 24 SODDISFATTO. Flusso netto: 0.8, Demand: 0.8, percentage: 100.0
Sink 25 SODDISFATTO. Flusso netto: 3.5, Demand: 3.5, percentage: 100.0
Sink 26 SODDISFATTO. Flusso netto: 6.000000000000002, Demand: 6.0, percentage: 100.00000000000003
Sink 28 SODDISFATTO. Flusso netto: 0.4, Demand: 0.4, percentage: 100.0
Sink 30 SODDISFATTO. Flusso netto: 0.9799999999999986, Demand: 0.98, percentage: 99.99999999999987
Sink 31 SODDISFATTO. Flusso netto: 0.4, Demand: 0.4, percentage: 100.0
Sink 32 SODDISFATTO. Flusso netto: 0.9999999999999996, Demand: 1.0, percentage: 99.99999999999996
Sink 34 SODDISFATTO. Flusso netto: 1.74, Demand: 1.74, percentage: 100.0
Sink 35 SODDISFATTO. Flusso netto: 1.3, Demand: 1.3, percentage: 100.0
Sink 37 SODDISFATTO. Flusso netto: 1.0, Demand: 1.0, percentage: 100.0
Sink 39 SODDISFATTO. Flusso netto: 0.4, Demand: 0.4, percentage: 100.0
Sink 40 SODDISFATTO. Flusso netto: 0.5, Demand: 0.5, percentage: 100.0
Sink 41 SODDISFATTO. Flusso netto: 1.06, Demand: 1.06, percentage: 100.0
Sink 42 SODDISFATTO. Flusso netto: 2.8199999999999994, Demand: 2.82, percentage: 99.99999999999999
Sink 45 SODDISFATTO. Flusso netto: 0.68, Demand: 0.68, percentage: 100.0
Sink 46 SODDISFATTO. Flusso netto: 1.17, Demand: 1.17, percentage: 100.0
Sink 49 non è soddisfatto. Flusso netto: 6.6499999999999995, Demand: 7.0, percentage: 95.0
Flusso totale entrante nei SINK: 92.61000000000001
Flusso totale uscente nei SINK: 46.52
Flusso totale netto nei SINK: 46.09000000000001
Total DEMAND dei SINK: 46.44
Percentual di flusso ai SINK: 0.9924633936261846
Numero di Sink soddisfatti: 24.0, numero totale di sink: 25.0
Percentuale di Sink soddisfatti: 0.96

---------------------------------- DAY 315

Update Fixed Elements from Intrinsic Faults
Update Fixed Elements from Heavy Faults
Update Fixed Elements from Attack
Propagate Intrinsic Fault
Propagate Heavy Faults
Propagate Attacks
Inject Intrinsic Failure To Source
Source NODO_2 is failing for an Intrinsic Fault in day: 315
pipeline ARCO_70 has reduced capacity due to NODO_2 Intrinsic fault
pipeline V_EDGE_53_0 has reduced capacity due to NODO_2 Intrinsic fault
pipeline ARCO_0 has reduced capacity due to NODO_2 Intrinsic fault
Inject Heavy Fault To Sources
Inject Attack Multiple To Source
Inject Intrinsic Fault To Pipeline
Inject Heavy Fault To Pipeline
Inject Attack To Pipeline
----------- Statistics ------------
	Sources Under Attack: 0
	Sources with Heavy Fault: 0
	Sources with Intrinsic Fault: 1
	Arcs with reduce capacity due to Attack: 0
	Arcs with reduce capacity due to Heavy Fault: 0
	Arcs with reduce capacity due to Intrinsic Fault: 3
	Arcs with Attacks: 0
	Arcs with Heavy Fault: 0
	Arcs with Intrinsic Fault: 0
--------- SOURCES STATISTICS ---------------
Demand del real Source[0]: -31.0, flusso erogato: 10.129999999999997, flusso entrante: 0.0, efficienza: 32.6774193548387 %
Demand del real Source[8]: -10.5, flusso erogato: 3.8600000000000003, flusso entrante: 0.0, efficienza: 36.76190476190476 %
Demand del real Source[9]: -7.1, flusso erogato: 16.229999999999997, flusso entrante: 9.129999999999997, efficienza: 228.59154929577463 %
Demand del real Source[17]: -25.0, flusso erogato: 25.000000000000007, flusso entrante: 0.0, efficienza: 100.00000000000003 %
Flusso totale entrante nei Real Source: 9.129999999999997
Flusso totale uscente dai Real Source: 55.220000000000006
Flusso netto sui real Source: -46.09000000000001
--- SINKS STATISTICS ---
Sink 3 SODDISFATTO. Flusso netto: 3.43, Demand: 3.43, percentage: 100.0
Sink 4 SODDISFATTO. Flusso netto: 0.5700000000000003, Demand: 0.57, percentage: 100.00000000000007
Sink 5 SODDISFATTO. Flusso netto: 0.6600000000000001, Demand: 0.66, percentage: 100.00000000000003
Sink 11 SODDISFATTO. Flusso netto: 1.03, Demand: 1.03, percentage: 100.0
Sink 15 SODDISFATTO. Flusso netto: 0.46, Demand: 0.46, percentage: 100.0
Sink 16 SODDISFATTO. Flusso netto: 8.400000000000002, Demand: 8.4, percentage: 100.00000000000003
Sink 19 SODDISFATTO. Flusso netto: 0.5399999999999991, Demand: 0.54, percentage: 99.99999999999983
Sink 23 SODDISFATTO. Flusso netto: 0.5999999999999999, Demand: 0.6, percentage: 99.99999999999997
Sink 24 SODDISFATTO. Flusso netto: 0.8, Demand: 0.8, percentage: 100.0
Sink 25 SODDISFATTO. Flusso netto: 3.5, Demand: 3.5, percentage: 100.0
Sink 26 SODDISFATTO. Flusso netto: 6.000000000000002, Demand: 6.0, percentage: 100.00000000000003
Sink 28 SODDISFATTO. Flusso netto: 0.4, Demand: 0.4, percentage: 100.0
Sink 30 SODDISFATTO. Flusso netto: 0.9799999999999986, Demand: 0.98, percentage: 99.99999999999987
Sink 31 SODDISFATTO. Flusso netto: 0.4, Demand: 0.4, percentage: 100.0
Sink 32 SODDISFATTO. Flusso netto: 0.9999999999999996, Demand: 1.0, percentage: 99.99999999999996
Sink 34 SODDISFATTO. Flusso netto: 1.74, Demand: 1.74, percentage: 100.0
Sink 35 SODDISFATTO. Flusso netto: 1.3, Demand: 1.3, percentage: 100.0
Sink 37 SODDISFATTO. Flusso netto: 1.0, Demand: 1.0, percentage: 100.0
Sink 39 SODDISFATTO. Flusso netto: 0.4, Demand: 0.4, percentage: 100.0
Sink 40 SODDISFATTO. Flusso netto: 0.5, Demand: 0.5, percentage: 100.0
Sink 41 SODDISFATTO. Flusso netto: 1.06, Demand: 1.06, percentage: 100.0
Sink 42 SODDISFATTO. Flusso netto: 2.8199999999999994, Demand: 2.82, percentage: 99.99999999999999
Sink 45 SODDISFATTO. Flusso netto: 0.68, Demand: 0.68, percentage: 100.0
Sink 46 SODDISFATTO. Flusso netto: 1.17, Demand: 1.17, percentage: 100.0
Sink 49 non è soddisfatto. Flusso netto: 6.6499999999999995, Demand: 7.0, percentage: 95.0
Flusso totale entrante nei SINK: 92.61000000000001
Flusso totale uscente nei SINK: 46.52
Flusso totale netto nei SINK: 46.09000000000001
Total DEMAND dei SINK: 46.44
Percentual di flusso ai SINK: 0.9924633936261846
Numero di Sink soddisfatti: 24.0, numero totale di sink: 25.0
Percentuale di Sink soddisfatti: 0.96

---------------------------------- DAY 316

Update Fixed Elements from Intrinsic Faults
Update Fixed Elements from Heavy Faults
Update Fixed Elements from Attack
Propagate Intrinsic Fault
Node NODO_2 has still failing due to Intrinsic Fault
pipeline ARCO_70 still has reduced capacity: 24.8 due to Intrinsic Fault
pipeline V_EDGE_53_0 still has reduced capacity: 24.8 due to Intrinsic Fault
pipeline ARCO_0 still has reduced capacity: 24.8 due to Intrinsic Fault
Propagate Heavy Faults
Propagate Attacks
Inject Intrinsic Failure To Source
Inject Heavy Fault To Sources
Inject Attack Multiple To Source
Inject Intrinsic Fault To Pipeline
Inject Heavy Fault To Pipeline
Inject Attack To Pipeline
----------- Statistics ------------
	Sources Under Attack: 0
	Sources with Heavy Fault: 0
	Sources with Intrinsic Fault: 1
	Arcs with reduce capacity due to Attack: 0
	Arcs with reduce capacity due to Heavy Fault: 0
	Arcs with reduce capacity due to Intrinsic Fault: 3
	Arcs with Attacks: 0
	Arcs with Heavy Fault: 0
	Arcs with Intrinsic Fault: 0
--------- SOURCES STATISTICS ---------------
Demand del real Source[0]: -31.0, flusso erogato: 10.129999999999997, flusso entrante: 0.0, efficienza: 32.6774193548387 %
Demand del real Source[8]: -10.5, flusso erogato: 3.8600000000000003, flusso entrante: 0.0, efficienza: 36.76190476190476 %
Demand del real Source[9]: -7.1, flusso erogato: 16.229999999999997, flusso entrante: 9.129999999999997, efficienza: 228.59154929577463 %
Demand del real Source[17]: -25.0, flusso erogato: 25.000000000000007, flusso entrante: 0.0, efficienza: 100.00000000000003 %
Flusso totale entrante nei Real Source: 9.129999999999997
Flusso totale uscente dai Real Source: 55.220000000000006
Flusso netto sui real Source: -46.09000000000001
--- SINKS STATISTICS ---
Sink 3 SODDISFATTO. Flusso netto: 3.43, Demand: 3.43, percentage: 100.0
Sink 4 SODDISFATTO. Flusso netto: 0.5700000000000003, Demand: 0.57, percentage: 100.00000000000007
Sink 5 SODDISFATTO. Flusso netto: 0.6600000000000001, Demand: 0.66, percentage: 100.00000000000003
Sink 11 SODDISFATTO. Flusso netto: 1.03, Demand: 1.03, percentage: 100.0
Sink 15 SODDISFATTO. Flusso netto: 0.46, Demand: 0.46, percentage: 100.0
Sink 16 SODDISFATTO. Flusso netto: 8.400000000000002, Demand: 8.4, percentage: 100.00000000000003
Sink 19 SODDISFATTO. Flusso netto: 0.5399999999999991, Demand: 0.54, percentage: 99.99999999999983
Sink 23 SODDISFATTO. Flusso netto: 0.5999999999999999, Demand: 0.6, percentage: 99.99999999999997
Sink 24 SODDISFATTO. Flusso netto: 0.8, Demand: 0.8, percentage: 100.0
Sink 25 SODDISFATTO. Flusso netto: 3.5, Demand: 3.5, percentage: 100.0
Sink 26 SODDISFATTO. Flusso netto: 6.000000000000002, Demand: 6.0, percentage: 100.00000000000003
Sink 28 SODDISFATTO. Flusso netto: 0.4, Demand: 0.4, percentage: 100.0
Sink 30 SODDISFATTO. Flusso netto: 0.9799999999999986, Demand: 0.98, percentage: 99.99999999999987
Sink 31 SODDISFATTO. Flusso netto: 0.4, Demand: 0.4, percentage: 100.0
Sink 32 SODDISFATTO. Flusso netto: 0.9999999999999996, Demand: 1.0, percentage: 99.99999999999996
Sink 34 SODDISFATTO. Flusso netto: 1.74, Demand: 1.74, percentage: 100.0
Sink 35 SODDISFATTO. Flusso netto: 1.3, Demand: 1.3, percentage: 100.0
Sink 37 SODDISFATTO. Flusso netto: 1.0, Demand: 1.0, percentage: 100.0
Sink 39 SODDISFATTO. Flusso netto: 0.4, Demand: 0.4, percentage: 100.0
Sink 40 SODDISFATTO. Flusso netto: 0.5, Demand: 0.5, percentage: 100.0
Sink 41 SODDISFATTO. Flusso netto: 1.06, Demand: 1.06, percentage: 100.0
Sink 42 SODDISFATTO. Flusso netto: 2.8199999999999994, Demand: 2.82, percentage: 99.99999999999999
Sink 45 SODDISFATTO. Flusso netto: 0.68, Demand: 0.68, percentage: 100.0
Sink 46 SODDISFATTO. Flusso netto: 1.17, Demand: 1.17, percentage: 100.0
Sink 49 non è soddisfatto. Flusso netto: 6.6499999999999995, Demand: 7.0, percentage: 95.0
Flusso totale entrante nei SINK: 92.61000000000001
Flusso totale uscente nei SINK: 46.52
Flusso totale netto nei SINK: 46.09000000000001
Total DEMAND dei SINK: 46.44
Percentual di flusso ai SINK: 0.9924633936261846
Numero di Sink soddisfatti: 24.0, numero totale di sink: 25.0
Percentuale di Sink soddisfatti: 0.96

---------------------------------- DAY 317

Update Fixed Elements from Intrinsic Faults
Update Fixed Elements from Heavy Faults
Update Fixed Elements from Attack
Propagate Intrinsic Fault
Node NODO_2 has still failing due to Intrinsic Fault
pipeline ARCO_70 still has reduced capacity: 24.8 due to Intrinsic Fault
pipeline V_EDGE_53_0 still has reduced capacity: 24.8 due to Intrinsic Fault
pipeline ARCO_0 still has reduced capacity: 24.8 due to Intrinsic Fault
Propagate Heavy Faults
Propagate Attacks
Inject Intrinsic Failure To Source
Source NODO_2 is failing for an Intrinsic Fault in day: 317
pipeline ARCO_70 has reduced capacity due to NODO_2 Intrinsic fault
pipeline V_EDGE_53_0 has reduced capacity due to NODO_2 Intrinsic fault
pipeline ARCO_0 has reduced capacity due to NODO_2 Intrinsic fault
Inject Heavy Fault To Sources
Inject Attack Multiple To Source
Inject Intrinsic Fault To Pipeline
Inject Heavy Fault To Pipeline
Inject Attack To Pipeline
----------- Statistics ------------
	Sources Under Attack: 0
	Sources with Heavy Fault: 0
	Sources with Intrinsic Fault: 1
	Arcs with reduce capacity due to Attack: 0
	Arcs with reduce capacity due to Heavy Fault: 0
	Arcs with reduce capacity due to Intrinsic Fault: 3
	Arcs with Attacks: 0
	Arcs with Heavy Fault: 0
	Arcs with Intrinsic Fault: 0
--------- SOURCES STATISTICS ---------------
Demand del real Source[0]: -31.0, flusso erogato: 10.129999999999997, flusso entrante: 0.0, efficienza: 32.6774193548387 %
Demand del real Source[8]: -10.5, flusso erogato: 3.8600000000000003, flusso entrante: 0.0, efficienza: 36.76190476190476 %
Demand del real Source[9]: -7.1, flusso erogato: 16.229999999999997, flusso entrante: 9.129999999999997, efficienza: 228.59154929577463 %
Demand del real Source[17]: -25.0, flusso erogato: 25.000000000000007, flusso entrante: 0.0, efficienza: 100.00000000000003 %
Flusso totale entrante nei Real Source: 9.129999999999997
Flusso totale uscente dai Real Source: 55.220000000000006
Flusso netto sui real Source: -46.09000000000001
--- SINKS STATISTICS ---
Sink 3 SODDISFATTO. Flusso netto: 3.43, Demand: 3.43, percentage: 100.0
Sink 4 SODDISFATTO. Flusso netto: 0.5700000000000003, Demand: 0.57, percentage: 100.00000000000007
Sink 5 SODDISFATTO. Flusso netto: 0.6600000000000001, Demand: 0.66, percentage: 100.00000000000003
Sink 11 SODDISFATTO. Flusso netto: 1.03, Demand: 1.03, percentage: 100.0
Sink 15 SODDISFATTO. Flusso netto: 0.46, Demand: 0.46, percentage: 100.0
Sink 16 SODDISFATTO. Flusso netto: 8.400000000000002, Demand: 8.4, percentage: 100.00000000000003
Sink 19 SODDISFATTO. Flusso netto: 0.5399999999999991, Demand: 0.54, percentage: 99.99999999999983
Sink 23 SODDISFATTO. Flusso netto: 0.5999999999999999, Demand: 0.6, percentage: 99.99999999999997
Sink 24 SODDISFATTO. Flusso netto: 0.8, Demand: 0.8, percentage: 100.0
Sink 25 SODDISFATTO. Flusso netto: 3.5, Demand: 3.5, percentage: 100.0
Sink 26 SODDISFATTO. Flusso netto: 6.000000000000002, Demand: 6.0, percentage: 100.00000000000003
Sink 28 SODDISFATTO. Flusso netto: 0.4, Demand: 0.4, percentage: 100.0
Sink 30 SODDISFATTO. Flusso netto: 0.9799999999999986, Demand: 0.98, percentage: 99.99999999999987
Sink 31 SODDISFATTO. Flusso netto: 0.4, Demand: 0.4, percentage: 100.0
Sink 32 SODDISFATTO. Flusso netto: 0.9999999999999996, Demand: 1.0, percentage: 99.99999999999996
Sink 34 SODDISFATTO. Flusso netto: 1.74, Demand: 1.74, percentage: 100.0
Sink 35 SODDISFATTO. Flusso netto: 1.3, Demand: 1.3, percentage: 100.0
Sink 37 SODDISFATTO. Flusso netto: 1.0, Demand: 1.0, percentage: 100.0
Sink 39 SODDISFATTO. Flusso netto: 0.4, Demand: 0.4, percentage: 100.0
Sink 40 SODDISFATTO. Flusso netto: 0.5, Demand: 0.5, percentage: 100.0
Sink 41 SODDISFATTO. Flusso netto: 1.06, Demand: 1.06, percentage: 100.0
Sink 42 SODDISFATTO. Flusso netto: 2.8199999999999994, Demand: 2.82, percentage: 99.99999999999999
Sink 45 SODDISFATTO. Flusso netto: 0.68, Demand: 0.68, percentage: 100.0
Sink 46 SODDISFATTO. Flusso netto: 1.17, Demand: 1.17, percentage: 100.0
Sink 49 non è soddisfatto. Flusso netto: 6.6499999999999995, Demand: 7.0, percentage: 95.0
Flusso totale entrante nei SINK: 92.61000000000001
Flusso totale uscente nei SINK: 46.52
Flusso totale netto nei SINK: 46.09000000000001
Total DEMAND dei SINK: 46.44
Percentual di flusso ai SINK: 0.9924633936261846
Numero di Sink soddisfatti: 24.0, numero totale di sink: 25.0
Percentuale di Sink soddisfatti: 0.96

---------------------------------- DAY 318

Update Fixed Elements from Intrinsic Faults
Source NODO_2 fixed from Intrinsic Fault
Pipeline ARCO_70 fixed due to Source NODO_2 fixing from Intrinsic Fault
Pipeline V_EDGE_53_0 fixed due to Source NODO_2 fixing from Intrinsic Fault
Pipeline ARCO_0 fixed due to Source NODO_2 fixing from Intrinsic Fault
Update Fixed Elements from Heavy Faults
Update Fixed Elements from Attack
Propagate Intrinsic Fault
Propagate Heavy Faults
Propagate Attacks
Inject Intrinsic Failure To Source
Source NODO_11 is failing for an Intrinsic Fault in day: 318
pipeline ARCO_3 has reduced capacity due to NODO_11 Intrinsic fault
pipeline ARCO_90 has reduced capacity due to NODO_11 Intrinsic fault
pipeline ARCO_91 has reduced capacity due to NODO_11 Intrinsic fault
pipeline ARCO_92 has reduced capacity due to NODO_11 Intrinsic fault
pipeline V_EDGE_53_9 has reduced capacity due to NODO_11 Intrinsic fault
pipeline ARCO_20 has reduced capacity due to NODO_11 Intrinsic fault
pipeline ARCO_21 has reduced capacity due to NODO_11 Intrinsic fault
pipeline ARCO_22 has reduced capacity due to NODO_11 Intrinsic fault
pipeline ARCO_73 has reduced capacity due to NODO_11 Intrinsic fault
Inject Heavy Fault To Sources
Inject Attack Multiple To Source
Inject Intrinsic Fault To Pipeline
Inject Heavy Fault To Pipeline
Inject Attack To Pipeline
----------- Statistics ------------
	Sources Under Attack: 0
	Sources with Heavy Fault: 0
	Sources with Intrinsic Fault: 1
	Arcs with reduce capacity due to Attack: 0
	Arcs with reduce capacity due to Heavy Fault: 0
	Arcs with reduce capacity due to Intrinsic Fault: 9
	Arcs with Attacks: 0
	Arcs with Heavy Fault: 0
	Arcs with Intrinsic Fault: 0
--------- SOURCES STATISTICS ---------------
Demand del real Source[0]: -31.0, flusso erogato: 11.397999999999998, flusso entrante: 0.0, efficienza: 36.76774193548387 %
Demand del real Source[8]: -10.5, flusso erogato: 3.8600000000000003, flusso entrante: 0.0, efficienza: 36.76190476190476 %
Demand del real Source[9]: -7.1, flusso erogato: 16.077999999999996, flusso entrante: 10.397999999999998, efficienza: 226.45070422535207 %
Demand del real Source[17]: -25.0, flusso erogato: 25.000000000000007, flusso entrante: 0.0, efficienza: 100.00000000000003 %
Flusso totale entrante nei Real Source: 10.397999999999998
Flusso totale uscente dai Real Source: 56.336000000000006
Flusso netto sui real Source: -45.93800000000001
--- SINKS STATISTICS ---
Sink 3 SODDISFATTO. Flusso netto: 3.43, Demand: 3.43, percentage: 100.0
Sink 4 SODDISFATTO. Flusso netto: 0.5700000000000003, Demand: 0.57, percentage: 100.00000000000007
Sink 5 SODDISFATTO. Flusso netto: 0.6600000000000001, Demand: 0.66, percentage: 100.00000000000003
Sink 11 SODDISFATTO. Flusso netto: 1.03, Demand: 1.03, percentage: 100.0
Sink 15 SODDISFATTO. Flusso netto: 0.46, Demand: 0.46, percentage: 100.0
Sink 16 SODDISFATTO. Flusso netto: 8.400000000000002, Demand: 8.4, percentage: 100.00000000000003
Sink 19 SODDISFATTO. Flusso netto: 0.5399999999999991, Demand: 0.54, percentage: 99.99999999999983
Sink 23 SODDISFATTO. Flusso netto: 0.5999999999999999, Demand: 0.6, percentage: 99.99999999999997
Sink 24 SODDISFATTO. Flusso netto: 0.8, Demand: 0.8, percentage: 100.0
Sink 25 SODDISFATTO. Flusso netto: 3.5, Demand: 3.5, percentage: 100.0
Sink 26 SODDISFATTO. Flusso netto: 6.000000000000002, Demand: 6.0, percentage: 100.00000000000003
Sink 28 SODDISFATTO. Flusso netto: 0.4, Demand: 0.4, percentage: 100.0
Sink 30 SODDISFATTO. Flusso netto: 0.9799999999999986, Demand: 0.98, percentage: 99.99999999999987
Sink 31 SODDISFATTO. Flusso netto: 0.4, Demand: 0.4, percentage: 100.0
Sink 32 SODDISFATTO. Flusso netto: 0.9999999999999996, Demand: 1.0, percentage: 99.99999999999996
Sink 34 SODDISFATTO. Flusso netto: 1.74, Demand: 1.74, percentage: 100.0
Sink 35 SODDISFATTO. Flusso netto: 1.3, Demand: 1.3, percentage: 100.0
Sink 37 SODDISFATTO. Flusso netto: 1.0, Demand: 1.0, percentage: 100.0
Sink 39 SODDISFATTO. Flusso netto: 0.4, Demand: 0.4, percentage: 100.0
Sink 40 SODDISFATTO. Flusso netto: 0.5, Demand: 0.5, percentage: 100.0
Sink 41 SODDISFATTO. Flusso netto: 1.0599999999999996, Demand: 1.06, percentage: 99.99999999999996
Sink 42 SODDISFATTO. Flusso netto: 2.8200000000000003, Demand: 2.82, percentage: 100.00000000000003
Sink 45 SODDISFATTO. Flusso netto: 0.68, Demand: 0.68, percentage: 100.0
Sink 46 SODDISFATTO. Flusso netto: 1.17, Demand: 1.17, percentage: 100.0
Sink 49 non è soddisfatto. Flusso netto: 6.497999999999999, Demand: 7.0, percentage: 92.82857142857142
Flusso totale entrante nei SINK: 95.24200000000002
Flusso totale uscente nei SINK: 49.304
Flusso totale netto nei SINK: 45.93800000000002
Total DEMAND dei SINK: 46.44
Percentual di flusso ai SINK: 0.989190353143842
Numero di Sink soddisfatti: 24.0, numero totale di sink: 25.0
Percentuale di Sink soddisfatti: 0.96

---------------------------------- DAY 319

Update Fixed Elements from Intrinsic Faults
Update Fixed Elements from Heavy Faults
Update Fixed Elements from Attack
Propagate Intrinsic Fault
Node NODO_11 has still failing due to Intrinsic Fault
pipeline ARCO_3 still has reduced capacity: 9.688 due to Intrinsic Fault
pipeline ARCO_90 still has reduced capacity: 1.6 due to Intrinsic Fault
pipeline ARCO_91 still has reduced capacity: 9.688 due to Intrinsic Fault
pipeline ARCO_92 still has reduced capacity: 39.328 due to Intrinsic Fault
pipeline V_EDGE_53_9 still has reduced capacity: 5.68 due to Intrinsic Fault
pipeline ARCO_20 still has reduced capacity: 1.6 due to Intrinsic Fault
pipeline ARCO_21 still has reduced capacity: 9.688 due to Intrinsic Fault
pipeline ARCO_22 still has reduced capacity: 39.328 due to Intrinsic Fault
pipeline ARCO_73 still has reduced capacity: 9.688 due to Intrinsic Fault
Propagate Heavy Faults
Propagate Attacks
Inject Intrinsic Failure To Source
Inject Heavy Fault To Sources
Inject Attack Multiple To Source
Inject Intrinsic Fault To Pipeline
Inject Heavy Fault To Pipeline
Inject Attack To Pipeline
----------- Statistics ------------
	Sources Under Attack: 0
	Sources with Heavy Fault: 0
	Sources with Intrinsic Fault: 1
	Arcs with reduce capacity due to Attack: 0
	Arcs with reduce capacity due to Heavy Fault: 0
	Arcs with reduce capacity due to Intrinsic Fault: 9
	Arcs with Attacks: 0
	Arcs with Heavy Fault: 0
	Arcs with Intrinsic Fault: 0
--------- SOURCES STATISTICS ---------------
Demand del real Source[0]: -31.0, flusso erogato: 11.397999999999998, flusso entrante: 0.0, efficienza: 36.76774193548387 %
Demand del real Source[8]: -10.5, flusso erogato: 3.8600000000000003, flusso entrante: 0.0, efficienza: 36.76190476190476 %
Demand del real Source[9]: -7.1, flusso erogato: 16.077999999999996, flusso entrante: 10.397999999999998, efficienza: 226.45070422535207 %
Demand del real Source[17]: -25.0, flusso erogato: 25.000000000000007, flusso entrante: 0.0, efficienza: 100.00000000000003 %
Flusso totale entrante nei Real Source: 10.397999999999998
Flusso totale uscente dai Real Source: 56.336000000000006
Flusso netto sui real Source: -45.93800000000001
--- SINKS STATISTICS ---
Sink 3 SODDISFATTO. Flusso netto: 3.43, Demand: 3.43, percentage: 100.0
Sink 4 SODDISFATTO. Flusso netto: 0.5700000000000003, Demand: 0.57, percentage: 100.00000000000007
Sink 5 SODDISFATTO. Flusso netto: 0.6600000000000001, Demand: 0.66, percentage: 100.00000000000003
Sink 11 SODDISFATTO. Flusso netto: 1.03, Demand: 1.03, percentage: 100.0
Sink 15 SODDISFATTO. Flusso netto: 0.46, Demand: 0.46, percentage: 100.0
Sink 16 SODDISFATTO. Flusso netto: 8.400000000000002, Demand: 8.4, percentage: 100.00000000000003
Sink 19 SODDISFATTO. Flusso netto: 0.5399999999999991, Demand: 0.54, percentage: 99.99999999999983
Sink 23 SODDISFATTO. Flusso netto: 0.5999999999999999, Demand: 0.6, percentage: 99.99999999999997
Sink 24 SODDISFATTO. Flusso netto: 0.8, Demand: 0.8, percentage: 100.0
Sink 25 SODDISFATTO. Flusso netto: 3.5, Demand: 3.5, percentage: 100.0
Sink 26 SODDISFATTO. Flusso netto: 6.000000000000002, Demand: 6.0, percentage: 100.00000000000003
Sink 28 SODDISFATTO. Flusso netto: 0.4, Demand: 0.4, percentage: 100.0
Sink 30 SODDISFATTO. Flusso netto: 0.9799999999999986, Demand: 0.98, percentage: 99.99999999999987
Sink 31 SODDISFATTO. Flusso netto: 0.4, Demand: 0.4, percentage: 100.0
Sink 32 SODDISFATTO. Flusso netto: 0.9999999999999996, Demand: 1.0, percentage: 99.99999999999996
Sink 34 SODDISFATTO. Flusso netto: 1.74, Demand: 1.74, percentage: 100.0
Sink 35 SODDISFATTO. Flusso netto: 1.3, Demand: 1.3, percentage: 100.0
Sink 37 SODDISFATTO. Flusso netto: 1.0, Demand: 1.0, percentage: 100.0
Sink 39 SODDISFATTO. Flusso netto: 0.4, Demand: 0.4, percentage: 100.0
Sink 40 SODDISFATTO. Flusso netto: 0.5, Demand: 0.5, percentage: 100.0
Sink 41 SODDISFATTO. Flusso netto: 1.0599999999999996, Demand: 1.06, percentage: 99.99999999999996
Sink 42 SODDISFATTO. Flusso netto: 2.8200000000000003, Demand: 2.82, percentage: 100.00000000000003
Sink 45 SODDISFATTO. Flusso netto: 0.68, Demand: 0.68, percentage: 100.0
Sink 46 SODDISFATTO. Flusso netto: 1.17, Demand: 1.17, percentage: 100.0
Sink 49 non è soddisfatto. Flusso netto: 6.497999999999999, Demand: 7.0, percentage: 92.82857142857142
Flusso totale entrante nei SINK: 95.24200000000002
Flusso totale uscente nei SINK: 49.304
Flusso totale netto nei SINK: 45.93800000000002
Total DEMAND dei SINK: 46.44
Percentual di flusso ai SINK: 0.989190353143842
Numero di Sink soddisfatti: 24.0, numero totale di sink: 25.0
Percentuale di Sink soddisfatti: 0.96

---------------------------------- DAY 320

Update Fixed Elements from Intrinsic Faults
Update Fixed Elements from Heavy Faults
Update Fixed Elements from Attack
Propagate Intrinsic Fault
Node NODO_11 has still failing due to Intrinsic Fault
pipeline ARCO_3 still has reduced capacity: 9.688 due to Intrinsic Fault
pipeline ARCO_90 still has reduced capacity: 1.6 due to Intrinsic Fault
pipeline ARCO_91 still has reduced capacity: 9.688 due to Intrinsic Fault
pipeline ARCO_92 still has reduced capacity: 39.328 due to Intrinsic Fault
pipeline V_EDGE_53_9 still has reduced capacity: 5.68 due to Intrinsic Fault
pipeline ARCO_20 still has reduced capacity: 1.6 due to Intrinsic Fault
pipeline ARCO_21 still has reduced capacity: 9.688 due to Intrinsic Fault
pipeline ARCO_22 still has reduced capacity: 39.328 due to Intrinsic Fault
pipeline ARCO_73 still has reduced capacity: 9.688 due to Intrinsic Fault
Propagate Heavy Faults
Propagate Attacks
Inject Intrinsic Failure To Source
Source NODO_11 is failing for an Intrinsic Fault in day: 320
pipeline ARCO_3 has reduced capacity due to NODO_11 Intrinsic fault
pipeline ARCO_90 has reduced capacity due to NODO_11 Intrinsic fault
pipeline ARCO_91 has reduced capacity due to NODO_11 Intrinsic fault
pipeline ARCO_92 has reduced capacity due to NODO_11 Intrinsic fault
pipeline V_EDGE_53_9 has reduced capacity due to NODO_11 Intrinsic fault
pipeline ARCO_20 has reduced capacity due to NODO_11 Intrinsic fault
pipeline ARCO_21 has reduced capacity due to NODO_11 Intrinsic fault
pipeline ARCO_22 has reduced capacity due to NODO_11 Intrinsic fault
pipeline ARCO_73 has reduced capacity due to NODO_11 Intrinsic fault
Inject Heavy Fault To Sources
Inject Attack Multiple To Source
Inject Intrinsic Fault To Pipeline
Inject Heavy Fault To Pipeline
Inject Attack To Pipeline
----------- Statistics ------------
	Sources Under Attack: 0
	Sources with Heavy Fault: 0
	Sources with Intrinsic Fault: 1
	Arcs with reduce capacity due to Attack: 0
	Arcs with reduce capacity due to Heavy Fault: 0
	Arcs with reduce capacity due to Intrinsic Fault: 9
	Arcs with Attacks: 0
	Arcs with Heavy Fault: 0
	Arcs with Intrinsic Fault: 0
--------- SOURCES STATISTICS ---------------
Demand del real Source[0]: -31.0, flusso erogato: 10.596399999999997, flusso entrante: 0.0, efficienza: 34.18193548387096 %
Demand del real Source[8]: -10.5, flusso erogato: 3.8600000000000003, flusso entrante: 0.0, efficienza: 36.76190476190476 %
Demand del real Source[9]: -7.1, flusso erogato: 14.140399999999998, flusso entrante: 9.5964, efficienza: 199.16056338028167 %
Demand del real Source[17]: -25.0, flusso erogato: 25.000000000000007, flusso entrante: 0.0, efficienza: 100.00000000000003 %
Flusso totale entrante nei Real Source: 9.5964
Flusso totale uscente dai Real Source: 53.5968
Flusso netto sui real Source: -44.0004
--- SINKS STATISTICS ---
Sink 3 SODDISFATTO. Flusso netto: 3.43, Demand: 3.43, percentage: 100.0
Sink 4 SODDISFATTO. Flusso netto: 0.5699999999999998, Demand: 0.57, percentage: 99.99999999999997
Sink 5 SODDISFATTO. Flusso netto: 0.6600000000000001, Demand: 0.66, percentage: 100.00000000000003
Sink 11 SODDISFATTO. Flusso netto: 1.03, Demand: 1.03, percentage: 100.0
Sink 15 SODDISFATTO. Flusso netto: 0.46, Demand: 0.46, percentage: 100.0
Sink 16 SODDISFATTO. Flusso netto: 8.400000000000002, Demand: 8.4, percentage: 100.00000000000003
Sink 19 SODDISFATTO. Flusso netto: 0.5399999999999991, Demand: 0.54, percentage: 99.99999999999983
Sink 23 SODDISFATTO. Flusso netto: 0.5999999999999999, Demand: 0.6, percentage: 99.99999999999997
Sink 24 SODDISFATTO. Flusso netto: 0.8, Demand: 0.8, percentage: 100.0
Sink 25 SODDISFATTO. Flusso netto: 3.5, Demand: 3.5, percentage: 100.0
Sink 26 SODDISFATTO. Flusso netto: 6.000000000000002, Demand: 6.0, percentage: 100.00000000000003
Sink 28 SODDISFATTO. Flusso netto: 0.4, Demand: 0.4, percentage: 100.0
Sink 30 SODDISFATTO. Flusso netto: 0.9799999999999986, Demand: 0.98, percentage: 99.99999999999987
Sink 31 SODDISFATTO. Flusso netto: 0.4, Demand: 0.4, percentage: 100.0
Sink 32 SODDISFATTO. Flusso netto: 0.9999999999999996, Demand: 1.0, percentage: 99.99999999999996
Sink 34 SODDISFATTO. Flusso netto: 1.74, Demand: 1.74, percentage: 100.0
Sink 35 SODDISFATTO. Flusso netto: 1.3, Demand: 1.3, percentage: 100.0
Sink 37 SODDISFATTO. Flusso netto: 1.0, Demand: 1.0, percentage: 100.0
Sink 39 SODDISFATTO. Flusso netto: 0.4, Demand: 0.4, percentage: 100.0
Sink 40 SODDISFATTO. Flusso netto: 0.5, Demand: 0.5, percentage: 100.0
Sink 41 SODDISFATTO. Flusso netto: 1.0599999999999996, Demand: 1.06, percentage: 99.99999999999996
Sink 42 SODDISFATTO. Flusso netto: 2.8200000000000003, Demand: 2.82, percentage: 100.00000000000003
Sink 45 SODDISFATTO. Flusso netto: 0.68, Demand: 0.68, percentage: 100.0
Sink 46 SODDISFATTO. Flusso netto: 1.17, Demand: 1.17, percentage: 100.0
Sink 49 non è soddisfatto. Flusso netto: 4.5604, Demand: 7.0, percentage: 65.14857142857142
Flusso totale entrante nei SINK: 87.4916
Flusso totale uscente nei SINK: 43.4912
Flusso totale netto nei SINK: 44.000400000000006
Total DEMAND dei SINK: 46.44
Percentual di flusso ai SINK: 0.9474677002583981
Numero di Sink soddisfatti: 24.0, numero totale di sink: 25.0
Percentuale di Sink soddisfatti: 0.96

---------------------------------- DAY 321

Update Fixed Elements from Intrinsic Faults
Source NODO_11 fixed from Intrinsic Fault
Pipeline ARCO_3 fixed due to Source NODO_11 fixing from Intrinsic Fault
Pipeline ARCO_90 fixed due to Source NODO_11 fixing from Intrinsic Fault
Pipeline ARCO_91 fixed due to Source NODO_11 fixing from Intrinsic Fault
Pipeline ARCO_92 fixed due to Source NODO_11 fixing from Intrinsic Fault
Pipeline V_EDGE_53_9 fixed due to Source NODO_11 fixing from Intrinsic Fault
Pipeline ARCO_20 fixed due to Source NODO_11 fixing from Intrinsic Fault
Pipeline ARCO_21 fixed due to Source NODO_11 fixing from Intrinsic Fault
Pipeline ARCO_22 fixed due to Source NODO_11 fixing from Intrinsic Fault
Pipeline ARCO_73 fixed due to Source NODO_11 fixing from Intrinsic Fault
Update Fixed Elements from Heavy Faults
Update Fixed Elements from Attack
Propagate Intrinsic Fault
Propagate Heavy Faults
Propagate Attacks
Inject Intrinsic Failure To Source
Source NODO_19 is failing for an Intrinsic Fault in day: 321
pipeline ARCO_35 has reduced capacity due to NODO_19 Intrinsic fault
pipeline ARCO_109 has reduced capacity due to NODO_19 Intrinsic fault
pipeline ARCO_110 has reduced capacity due to NODO_19 Intrinsic fault
pipeline V_EDGE_53_17 has reduced capacity due to NODO_19 Intrinsic fault
pipeline ARCO_39 has reduced capacity due to NODO_19 Intrinsic fault
pipeline ARCO_40 has reduced capacity due to NODO_19 Intrinsic fault
pipeline ARCO_105 has reduced capacity due to NODO_19 Intrinsic fault
Inject Heavy Fault To Sources
Inject Attack Multiple To Source
Inject Intrinsic Fault To Pipeline
Inject Heavy Fault To Pipeline
Inject Attack To Pipeline
----------- Statistics ------------
	Sources Under Attack: 0
	Sources with Heavy Fault: 0
	Sources with Intrinsic Fault: 1
	Arcs with reduce capacity due to Attack: 0
	Arcs with reduce capacity due to Heavy Fault: 0
	Arcs with reduce capacity due to Intrinsic Fault: 7
	Arcs with Attacks: 0
	Arcs with Heavy Fault: 0
	Arcs with Intrinsic Fault: 0
--------- SOURCES STATISTICS ---------------
Demand del real Source[0]: -31.0, flusso erogato: 15.440000000000001, flusso entrante: 0.0, efficienza: 49.80645161290323 %
Demand del real Source[8]: -10.5, flusso erogato: 3.8600000000000003, flusso entrante: 0.0, efficienza: 36.76190476190476 %
Demand del real Source[9]: -7.1, flusso erogato: 21.54, flusso entrante: 14.440000000000001, efficienza: 303.38028169014086 %
Demand del real Source[17]: -25.0, flusso erogato: 0.0, flusso entrante: 0.0, efficienza: 0.0 %
Flusso totale entrante nei Real Source: 14.440000000000001
Flusso totale uscente dai Real Source: 40.84
Flusso netto sui real Source: -26.400000000000002
--- SINKS STATISTICS ---
Sink 3 SODDISFATTO. Flusso netto: 3.43, Demand: 3.43, percentage: 100.0
Sink 4 SODDISFATTO. Flusso netto: 0.5700000000000003, Demand: 0.57, percentage: 100.00000000000007
Sink 5 SODDISFATTO. Flusso netto: 0.6600000000000001, Demand: 0.66, percentage: 100.00000000000003
Sink 11 SODDISFATTO. Flusso netto: 1.03, Demand: 1.03, percentage: 100.0
Sink 15 SODDISFATTO. Flusso netto: 0.45999999999999996, Demand: 0.46, percentage: 99.99999999999999
Sink 16 non è soddisfatto. Flusso netto: 2.83, Demand: 8.4, percentage: 33.69047619047619
Sink 19 non è soddisfatto. Flusso netto: 0.0, Demand: 0.54, percentage: 0.0
Sink 23 non è soddisfatto. Flusso netto: 0.0, Demand: 0.6, percentage: 0.0
Sink 24 non è soddisfatto. Flusso netto: 0.0, Demand: 0.8, percentage: 0.0
Sink 25 non è soddisfatto. Flusso netto: 0.0, Demand: 3.5, percentage: 0.0
Sink 26 non è soddisfatto. Flusso netto: 0.0, Demand: 6.0, percentage: 0.0
Sink 28 non è soddisfatto. Flusso netto: 0.0, Demand: 0.4, percentage: 0.0
Sink 30 non è soddisfatto. Flusso netto: 0.0, Demand: 0.98, percentage: 0.0
Sink 31 non è soddisfatto. Flusso netto: 0.0, Demand: 0.4, percentage: 0.0
Sink 32 SODDISFATTO. Flusso netto: 1.0, Demand: 1.0, percentage: 100.0
Sink 34 SODDISFATTO. Flusso netto: 1.74, Demand: 1.74, percentage: 100.0
Sink 35 SODDISFATTO. Flusso netto: 1.3, Demand: 1.3, percentage: 100.0
Sink 37 SODDISFATTO. Flusso netto: 1.0, Demand: 1.0, percentage: 100.0
Sink 39 non è soddisfatto. Flusso netto: 0.0, Demand: 0.4, percentage: 0.0
Sink 40 non è soddisfatto. Flusso netto: 0.0, Demand: 0.5, percentage: 0.0
Sink 41 SODDISFATTO. Flusso netto: 1.0600000000000005, Demand: 1.06, percentage: 100.00000000000004
Sink 42 SODDISFATTO. Flusso netto: 2.8199999999999994, Demand: 2.82, percentage: 99.99999999999999
Sink 45 SODDISFATTO. Flusso netto: 0.68, Demand: 0.68, percentage: 100.0
Sink 46 SODDISFATTO. Flusso netto: 1.17, Demand: 1.17, percentage: 100.0
Sink 49 non è soddisfatto. Flusso netto: 6.6499999999999995, Demand: 7.0, percentage: 95.0
Flusso totale entrante nei SINK: 53.099999999999994
Flusso totale uscente nei SINK: 26.7
Flusso totale netto nei SINK: 26.399999999999995
Total DEMAND dei SINK: 46.44
Percentual di flusso ai SINK: 0.5684754521963824
Numero di Sink soddisfatti: 13.0, numero totale di sink: 25.0
Percentuale di Sink soddisfatti: 0.52

---------------------------------- DAY 322

Update Fixed Elements from Intrinsic Faults
Update Fixed Elements from Heavy Faults
Update Fixed Elements from Attack
Propagate Intrinsic Fault
Node NODO_19 has still failing due to Intrinsic Fault
pipeline ARCO_35 still has reduced capacity: 0.0 due to Intrinsic Fault
pipeline ARCO_109 still has reduced capacity: 0.0 due to Intrinsic Fault
pipeline ARCO_110 still has reduced capacity: 0.0 due to Intrinsic Fault
pipeline V_EDGE_53_17 still has reduced capacity: 0.0 due to Intrinsic Fault
pipeline ARCO_39 still has reduced capacity: 0.0 due to Intrinsic Fault
pipeline ARCO_40 still has reduced capacity: 0.0 due to Intrinsic Fault
pipeline ARCO_105 still has reduced capacity: 0.0 due to Intrinsic Fault
Propagate Heavy Faults
Propagate Attacks
Inject Intrinsic Failure To Source
Inject Heavy Fault To Sources
Inject Attack Multiple To Source
Inject Intrinsic Fault To Pipeline
Inject Heavy Fault To Pipeline
Inject Attack To Pipeline
----------- Statistics ------------
	Sources Under Attack: 0
	Sources with Heavy Fault: 0
	Sources with Intrinsic Fault: 1
	Arcs with reduce capacity due to Attack: 0
	Arcs with reduce capacity due to Heavy Fault: 0
	Arcs with reduce capacity due to Intrinsic Fault: 7
	Arcs with Attacks: 0
	Arcs with Heavy Fault: 0
	Arcs with Intrinsic Fault: 0
--------- SOURCES STATISTICS ---------------
Demand del real Source[0]: -31.0, flusso erogato: 15.440000000000001, flusso entrante: 0.0, efficienza: 49.80645161290323 %
Demand del real Source[8]: -10.5, flusso erogato: 3.8600000000000003, flusso entrante: 0.0, efficienza: 36.76190476190476 %
Demand del real Source[9]: -7.1, flusso erogato: 21.54, flusso entrante: 14.440000000000001, efficienza: 303.38028169014086 %
Demand del real Source[17]: -25.0, flusso erogato: 0.0, flusso entrante: 0.0, efficienza: 0.0 %
Flusso totale entrante nei Real Source: 14.440000000000001
Flusso totale uscente dai Real Source: 40.84
Flusso netto sui real Source: -26.400000000000002
--- SINKS STATISTICS ---
Sink 3 SODDISFATTO. Flusso netto: 3.43, Demand: 3.43, percentage: 100.0
Sink 4 SODDISFATTO. Flusso netto: 0.5700000000000003, Demand: 0.57, percentage: 100.00000000000007
Sink 5 SODDISFATTO. Flusso netto: 0.6600000000000001, Demand: 0.66, percentage: 100.00000000000003
Sink 11 SODDISFATTO. Flusso netto: 1.03, Demand: 1.03, percentage: 100.0
Sink 15 SODDISFATTO. Flusso netto: 0.45999999999999996, Demand: 0.46, percentage: 99.99999999999999
Sink 16 non è soddisfatto. Flusso netto: 2.83, Demand: 8.4, percentage: 33.69047619047619
Sink 19 non è soddisfatto. Flusso netto: 0.0, Demand: 0.54, percentage: 0.0
Sink 23 non è soddisfatto. Flusso netto: 0.0, Demand: 0.6, percentage: 0.0
Sink 24 non è soddisfatto. Flusso netto: 0.0, Demand: 0.8, percentage: 0.0
Sink 25 non è soddisfatto. Flusso netto: 0.0, Demand: 3.5, percentage: 0.0
Sink 26 non è soddisfatto. Flusso netto: 0.0, Demand: 6.0, percentage: 0.0
Sink 28 non è soddisfatto. Flusso netto: 0.0, Demand: 0.4, percentage: 0.0
Sink 30 non è soddisfatto. Flusso netto: 0.0, Demand: 0.98, percentage: 0.0
Sink 31 non è soddisfatto. Flusso netto: 0.0, Demand: 0.4, percentage: 0.0
Sink 32 SODDISFATTO. Flusso netto: 1.0, Demand: 1.0, percentage: 100.0
Sink 34 SODDISFATTO. Flusso netto: 1.74, Demand: 1.74, percentage: 100.0
Sink 35 SODDISFATTO. Flusso netto: 1.3, Demand: 1.3, percentage: 100.0
Sink 37 SODDISFATTO. Flusso netto: 1.0, Demand: 1.0, percentage: 100.0
Sink 39 non è soddisfatto. Flusso netto: 0.0, Demand: 0.4, percentage: 0.0
Sink 40 non è soddisfatto. Flusso netto: 0.0, Demand: 0.5, percentage: 0.0
Sink 41 SODDISFATTO. Flusso netto: 1.0600000000000005, Demand: 1.06, percentage: 100.00000000000004
Sink 42 SODDISFATTO. Flusso netto: 2.8199999999999994, Demand: 2.82, percentage: 99.99999999999999
Sink 45 SODDISFATTO. Flusso netto: 0.68, Demand: 0.68, percentage: 100.0
Sink 46 SODDISFATTO. Flusso netto: 1.17, Demand: 1.17, percentage: 100.0
Sink 49 non è soddisfatto. Flusso netto: 6.6499999999999995, Demand: 7.0, percentage: 95.0
Flusso totale entrante nei SINK: 53.099999999999994
Flusso totale uscente nei SINK: 26.7
Flusso totale netto nei SINK: 26.399999999999995
Total DEMAND dei SINK: 46.44
Percentual di flusso ai SINK: 0.5684754521963824
Numero di Sink soddisfatti: 13.0, numero totale di sink: 25.0
Percentuale di Sink soddisfatti: 0.52

---------------------------------- DAY 323

Update Fixed Elements from Intrinsic Faults
Update Fixed Elements from Heavy Faults
Update Fixed Elements from Attack
Propagate Intrinsic Fault
Node NODO_19 has still failing due to Intrinsic Fault
pipeline ARCO_35 still has reduced capacity: 0.0 due to Intrinsic Fault
pipeline ARCO_109 still has reduced capacity: 0.0 due to Intrinsic Fault
pipeline ARCO_110 still has reduced capacity: 0.0 due to Intrinsic Fault
pipeline V_EDGE_53_17 still has reduced capacity: 0.0 due to Intrinsic Fault
pipeline ARCO_39 still has reduced capacity: 0.0 due to Intrinsic Fault
pipeline ARCO_40 still has reduced capacity: 0.0 due to Intrinsic Fault
pipeline ARCO_105 still has reduced capacity: 0.0 due to Intrinsic Fault
Propagate Heavy Faults
Propagate Attacks
Inject Intrinsic Failure To Source
Source NODO_2 is failing for an Intrinsic Fault in day: 323
pipeline ARCO_70 has reduced capacity due to NODO_2 Intrinsic fault
pipeline V_EDGE_53_0 has reduced capacity due to NODO_2 Intrinsic fault
pipeline ARCO_0 has reduced capacity due to NODO_2 Intrinsic fault
Inject Heavy Fault To Sources
Inject Attack Multiple To Source
Inject Intrinsic Fault To Pipeline
Inject Heavy Fault To Pipeline
Inject Attack To Pipeline
----------- Statistics ------------
	Sources Under Attack: 0
	Sources with Heavy Fault: 0
	Sources with Intrinsic Fault: 2
	Arcs with reduce capacity due to Attack: 0
	Arcs with reduce capacity due to Heavy Fault: 0
	Arcs with reduce capacity due to Intrinsic Fault: 10
	Arcs with Attacks: 0
	Arcs with Heavy Fault: 0
	Arcs with Intrinsic Fault: 0
--------- SOURCES STATISTICS ---------------
Demand del real Source[0]: -31.0, flusso erogato: 15.440000000000001, flusso entrante: 0.0, efficienza: 49.80645161290323 %
Demand del real Source[8]: -10.5, flusso erogato: 3.8600000000000003, flusso entrante: 0.0, efficienza: 36.76190476190476 %
Demand del real Source[9]: -7.1, flusso erogato: 21.54, flusso entrante: 14.440000000000001, efficienza: 303.38028169014086 %
Demand del real Source[17]: -25.0, flusso erogato: 0.0, flusso entrante: 0.0, efficienza: 0.0 %
Flusso totale entrante nei Real Source: 14.440000000000001
Flusso totale uscente dai Real Source: 40.84
Flusso netto sui real Source: -26.400000000000002
--- SINKS STATISTICS ---
Sink 3 SODDISFATTO. Flusso netto: 3.43, Demand: 3.43, percentage: 100.0
Sink 4 SODDISFATTO. Flusso netto: 0.5700000000000003, Demand: 0.57, percentage: 100.00000000000007
Sink 5 SODDISFATTO. Flusso netto: 0.6600000000000001, Demand: 0.66, percentage: 100.00000000000003
Sink 11 SODDISFATTO. Flusso netto: 1.03, Demand: 1.03, percentage: 100.0
Sink 15 SODDISFATTO. Flusso netto: 0.45999999999999996, Demand: 0.46, percentage: 99.99999999999999
Sink 16 non è soddisfatto. Flusso netto: 2.83, Demand: 8.4, percentage: 33.69047619047619
Sink 19 non è soddisfatto. Flusso netto: 0.0, Demand: 0.54, percentage: 0.0
Sink 23 non è soddisfatto. Flusso netto: 0.0, Demand: 0.6, percentage: 0.0
Sink 24 non è soddisfatto. Flusso netto: 0.0, Demand: 0.8, percentage: 0.0
Sink 25 non è soddisfatto. Flusso netto: 0.0, Demand: 3.5, percentage: 0.0
Sink 26 non è soddisfatto. Flusso netto: 0.0, Demand: 6.0, percentage: 0.0
Sink 28 non è soddisfatto. Flusso netto: 0.0, Demand: 0.4, percentage: 0.0
Sink 30 non è soddisfatto. Flusso netto: 0.0, Demand: 0.98, percentage: 0.0
Sink 31 non è soddisfatto. Flusso netto: 0.0, Demand: 0.4, percentage: 0.0
Sink 32 SODDISFATTO. Flusso netto: 1.0, Demand: 1.0, percentage: 100.0
Sink 34 SODDISFATTO. Flusso netto: 1.74, Demand: 1.74, percentage: 100.0
Sink 35 SODDISFATTO. Flusso netto: 1.3, Demand: 1.3, percentage: 100.0
Sink 37 SODDISFATTO. Flusso netto: 1.0, Demand: 1.0, percentage: 100.0
Sink 39 non è soddisfatto. Flusso netto: 0.0, Demand: 0.4, percentage: 0.0
Sink 40 non è soddisfatto. Flusso netto: 0.0, Demand: 0.5, percentage: 0.0
Sink 41 SODDISFATTO. Flusso netto: 1.0600000000000005, Demand: 1.06, percentage: 100.00000000000004
Sink 42 SODDISFATTO. Flusso netto: 2.8199999999999994, Demand: 2.82, percentage: 99.99999999999999
Sink 45 SODDISFATTO. Flusso netto: 0.68, Demand: 0.68, percentage: 100.0
Sink 46 SODDISFATTO. Flusso netto: 1.17, Demand: 1.17, percentage: 100.0
Sink 49 non è soddisfatto. Flusso netto: 6.6499999999999995, Demand: 7.0, percentage: 95.0
Flusso totale entrante nei SINK: 53.099999999999994
Flusso totale uscente nei SINK: 26.7
Flusso totale netto nei SINK: 26.399999999999995
Total DEMAND dei SINK: 46.44
Percentual di flusso ai SINK: 0.5684754521963824
Numero di Sink soddisfatti: 13.0, numero totale di sink: 25.0
Percentuale di Sink soddisfatti: 0.52

---------------------------------- DAY 324

Update Fixed Elements from Intrinsic Faults
Update Fixed Elements from Heavy Faults
Update Fixed Elements from Attack
Propagate Intrinsic Fault
Node NODO_19 has still failing due to Intrinsic Fault
Node NODO_2 has still failing due to Intrinsic Fault
pipeline ARCO_35 still has reduced capacity: 0.0 due to Intrinsic Fault
pipeline ARCO_109 still has reduced capacity: 0.0 due to Intrinsic Fault
pipeline ARCO_110 still has reduced capacity: 0.0 due to Intrinsic Fault
pipeline V_EDGE_53_17 still has reduced capacity: 0.0 due to Intrinsic Fault
pipeline ARCO_39 still has reduced capacity: 0.0 due to Intrinsic Fault
pipeline ARCO_40 still has reduced capacity: 0.0 due to Intrinsic Fault
pipeline ARCO_105 still has reduced capacity: 0.0 due to Intrinsic Fault
pipeline ARCO_70 still has reduced capacity: 24.8 due to Intrinsic Fault
pipeline V_EDGE_53_0 still has reduced capacity: 24.8 due to Intrinsic Fault
pipeline ARCO_0 still has reduced capacity: 24.8 due to Intrinsic Fault
Propagate Heavy Faults
Propagate Attacks
Inject Intrinsic Failure To Source
Inject Heavy Fault To Sources
Inject Attack Multiple To Source
Inject Intrinsic Fault To Pipeline
Inject Heavy Fault To Pipeline
Inject Attack To Pipeline
----------- Statistics ------------
	Sources Under Attack: 0
	Sources with Heavy Fault: 0
	Sources with Intrinsic Fault: 2
	Arcs with reduce capacity due to Attack: 0
	Arcs with reduce capacity due to Heavy Fault: 0
	Arcs with reduce capacity due to Intrinsic Fault: 10
	Arcs with Attacks: 0
	Arcs with Heavy Fault: 0
	Arcs with Intrinsic Fault: 0
--------- SOURCES STATISTICS ---------------
Demand del real Source[0]: -31.0, flusso erogato: 15.440000000000001, flusso entrante: 0.0, efficienza: 49.80645161290323 %
Demand del real Source[8]: -10.5, flusso erogato: 3.8600000000000003, flusso entrante: 0.0, efficienza: 36.76190476190476 %
Demand del real Source[9]: -7.1, flusso erogato: 21.54, flusso entrante: 14.440000000000001, efficienza: 303.38028169014086 %
Demand del real Source[17]: -25.0, flusso erogato: 0.0, flusso entrante: 0.0, efficienza: 0.0 %
Flusso totale entrante nei Real Source: 14.440000000000001
Flusso totale uscente dai Real Source: 40.84
Flusso netto sui real Source: -26.400000000000002
--- SINKS STATISTICS ---
Sink 3 SODDISFATTO. Flusso netto: 3.43, Demand: 3.43, percentage: 100.0
Sink 4 SODDISFATTO. Flusso netto: 0.5700000000000003, Demand: 0.57, percentage: 100.00000000000007
Sink 5 SODDISFATTO. Flusso netto: 0.6600000000000001, Demand: 0.66, percentage: 100.00000000000003
Sink 11 SODDISFATTO. Flusso netto: 1.03, Demand: 1.03, percentage: 100.0
Sink 15 SODDISFATTO. Flusso netto: 0.45999999999999996, Demand: 0.46, percentage: 99.99999999999999
Sink 16 non è soddisfatto. Flusso netto: 2.83, Demand: 8.4, percentage: 33.69047619047619
Sink 19 non è soddisfatto. Flusso netto: 0.0, Demand: 0.54, percentage: 0.0
Sink 23 non è soddisfatto. Flusso netto: 0.0, Demand: 0.6, percentage: 0.0
Sink 24 non è soddisfatto. Flusso netto: 0.0, Demand: 0.8, percentage: 0.0
Sink 25 non è soddisfatto. Flusso netto: 0.0, Demand: 3.5, percentage: 0.0
Sink 26 non è soddisfatto. Flusso netto: 0.0, Demand: 6.0, percentage: 0.0
Sink 28 non è soddisfatto. Flusso netto: 0.0, Demand: 0.4, percentage: 0.0
Sink 30 non è soddisfatto. Flusso netto: 0.0, Demand: 0.98, percentage: 0.0
Sink 31 non è soddisfatto. Flusso netto: 0.0, Demand: 0.4, percentage: 0.0
Sink 32 SODDISFATTO. Flusso netto: 1.0, Demand: 1.0, percentage: 100.0
Sink 34 SODDISFATTO. Flusso netto: 1.74, Demand: 1.74, percentage: 100.0
Sink 35 SODDISFATTO. Flusso netto: 1.3, Demand: 1.3, percentage: 100.0
Sink 37 SODDISFATTO. Flusso netto: 1.0, Demand: 1.0, percentage: 100.0
Sink 39 non è soddisfatto. Flusso netto: 0.0, Demand: 0.4, percentage: 0.0
Sink 40 non è soddisfatto. Flusso netto: 0.0, Demand: 0.5, percentage: 0.0
Sink 41 SODDISFATTO. Flusso netto: 1.0600000000000005, Demand: 1.06, percentage: 100.00000000000004
Sink 42 SODDISFATTO. Flusso netto: 2.8199999999999994, Demand: 2.82, percentage: 99.99999999999999
Sink 45 SODDISFATTO. Flusso netto: 0.68, Demand: 0.68, percentage: 100.0
Sink 46 SODDISFATTO. Flusso netto: 1.17, Demand: 1.17, percentage: 100.0
Sink 49 non è soddisfatto. Flusso netto: 6.6499999999999995, Demand: 7.0, percentage: 95.0
Flusso totale entrante nei SINK: 53.099999999999994
Flusso totale uscente nei SINK: 26.7
Flusso totale netto nei SINK: 26.399999999999995
Total DEMAND dei SINK: 46.44
Percentual di flusso ai SINK: 0.5684754521963824
Numero di Sink soddisfatti: 13.0, numero totale di sink: 25.0
Percentuale di Sink soddisfatti: 0.52

---------------------------------- DAY 325

Update Fixed Elements from Intrinsic Faults
Source NODO_19 fixed from Intrinsic Fault
Pipeline ARCO_35 fixed due to Source NODO_19 fixing from Intrinsic Fault
Pipeline ARCO_109 fixed due to Source NODO_19 fixing from Intrinsic Fault
Pipeline ARCO_110 fixed due to Source NODO_19 fixing from Intrinsic Fault
Pipeline V_EDGE_53_17 fixed due to Source NODO_19 fixing from Intrinsic Fault
Pipeline ARCO_39 fixed due to Source NODO_19 fixing from Intrinsic Fault
Pipeline ARCO_40 fixed due to Source NODO_19 fixing from Intrinsic Fault
Pipeline ARCO_105 fixed due to Source NODO_19 fixing from Intrinsic Fault
Update Fixed Elements from Heavy Faults
Update Fixed Elements from Attack
Propagate Intrinsic Fault
Node NODO_2 has still failing due to Intrinsic Fault
pipeline ARCO_70 still has reduced capacity: 24.8 due to Intrinsic Fault
pipeline V_EDGE_53_0 still has reduced capacity: 24.8 due to Intrinsic Fault
pipeline ARCO_0 still has reduced capacity: 24.8 due to Intrinsic Fault
Propagate Heavy Faults
Propagate Attacks
Inject Intrinsic Failure To Source
Inject Heavy Fault To Sources
Inject Attack Multiple To Source
Inject Intrinsic Fault To Pipeline
Inject Heavy Fault To Pipeline
Inject Attack To Pipeline
----------- Statistics ------------
	Sources Under Attack: 0
	Sources with Heavy Fault: 0
	Sources with Intrinsic Fault: 1
	Arcs with reduce capacity due to Attack: 0
	Arcs with reduce capacity due to Heavy Fault: 0
	Arcs with reduce capacity due to Intrinsic Fault: 3
	Arcs with Attacks: 0
	Arcs with Heavy Fault: 0
	Arcs with Intrinsic Fault: 0
--------- SOURCES STATISTICS ---------------
Demand del real Source[0]: -31.0, flusso erogato: 10.129999999999997, flusso entrante: 0.0, efficienza: 32.6774193548387 %
Demand del real Source[8]: -10.5, flusso erogato: 3.8600000000000003, flusso entrante: 0.0, efficienza: 36.76190476190476 %
Demand del real Source[9]: -7.1, flusso erogato: 16.229999999999997, flusso entrante: 9.129999999999997, efficienza: 228.59154929577463 %
Demand del real Source[17]: -25.0, flusso erogato: 25.000000000000007, flusso entrante: 0.0, efficienza: 100.00000000000003 %
Flusso totale entrante nei Real Source: 9.129999999999997
Flusso totale uscente dai Real Source: 55.220000000000006
Flusso netto sui real Source: -46.09000000000001
--- SINKS STATISTICS ---
Sink 3 SODDISFATTO. Flusso netto: 3.43, Demand: 3.43, percentage: 100.0
Sink 4 SODDISFATTO. Flusso netto: 0.5700000000000003, Demand: 0.57, percentage: 100.00000000000007
Sink 5 SODDISFATTO. Flusso netto: 0.6600000000000001, Demand: 0.66, percentage: 100.00000000000003
Sink 11 SODDISFATTO. Flusso netto: 1.03, Demand: 1.03, percentage: 100.0
Sink 15 SODDISFATTO. Flusso netto: 0.46, Demand: 0.46, percentage: 100.0
Sink 16 SODDISFATTO. Flusso netto: 8.400000000000002, Demand: 8.4, percentage: 100.00000000000003
Sink 19 SODDISFATTO. Flusso netto: 0.5399999999999991, Demand: 0.54, percentage: 99.99999999999983
Sink 23 SODDISFATTO. Flusso netto: 0.5999999999999999, Demand: 0.6, percentage: 99.99999999999997
Sink 24 SODDISFATTO. Flusso netto: 0.8, Demand: 0.8, percentage: 100.0
Sink 25 SODDISFATTO. Flusso netto: 3.5, Demand: 3.5, percentage: 100.0
Sink 26 SODDISFATTO. Flusso netto: 6.000000000000002, Demand: 6.0, percentage: 100.00000000000003
Sink 28 SODDISFATTO. Flusso netto: 0.4, Demand: 0.4, percentage: 100.0
Sink 30 SODDISFATTO. Flusso netto: 0.9799999999999986, Demand: 0.98, percentage: 99.99999999999987
Sink 31 SODDISFATTO. Flusso netto: 0.4, Demand: 0.4, percentage: 100.0
Sink 32 SODDISFATTO. Flusso netto: 0.9999999999999996, Demand: 1.0, percentage: 99.99999999999996
Sink 34 SODDISFATTO. Flusso netto: 1.74, Demand: 1.74, percentage: 100.0
Sink 35 SODDISFATTO. Flusso netto: 1.3, Demand: 1.3, percentage: 100.0
Sink 37 SODDISFATTO. Flusso netto: 1.0, Demand: 1.0, percentage: 100.0
Sink 39 SODDISFATTO. Flusso netto: 0.4, Demand: 0.4, percentage: 100.0
Sink 40 SODDISFATTO. Flusso netto: 0.5, Demand: 0.5, percentage: 100.0
Sink 41 SODDISFATTO. Flusso netto: 1.06, Demand: 1.06, percentage: 100.0
Sink 42 SODDISFATTO. Flusso netto: 2.8199999999999994, Demand: 2.82, percentage: 99.99999999999999
Sink 45 SODDISFATTO. Flusso netto: 0.68, Demand: 0.68, percentage: 100.0
Sink 46 SODDISFATTO. Flusso netto: 1.17, Demand: 1.17, percentage: 100.0
Sink 49 non è soddisfatto. Flusso netto: 6.6499999999999995, Demand: 7.0, percentage: 95.0
Flusso totale entrante nei SINK: 92.61000000000001
Flusso totale uscente nei SINK: 46.52
Flusso totale netto nei SINK: 46.09000000000001
Total DEMAND dei SINK: 46.44
Percentual di flusso ai SINK: 0.9924633936261846
Numero di Sink soddisfatti: 24.0, numero totale di sink: 25.0
Percentuale di Sink soddisfatti: 0.96

---------------------------------- DAY 326

Update Fixed Elements from Intrinsic Faults
Source NODO_2 fixed from Intrinsic Fault
Pipeline ARCO_70 fixed due to Source NODO_2 fixing from Intrinsic Fault
Pipeline V_EDGE_53_0 fixed due to Source NODO_2 fixing from Intrinsic Fault
Pipeline ARCO_0 fixed due to Source NODO_2 fixing from Intrinsic Fault
Update Fixed Elements from Heavy Faults
Update Fixed Elements from Attack
Propagate Intrinsic Fault
Propagate Heavy Faults
Propagate Attacks
Inject Intrinsic Failure To Source
Inject Heavy Fault To Sources
Inject Attack Multiple To Source
Inject Intrinsic Fault To Pipeline
Inject Heavy Fault To Pipeline
Inject Attack To Pipeline
----------- Statistics ------------
	Sources Under Attack: 0
	Sources with Heavy Fault: 0
	Sources with Intrinsic Fault: 0
	Arcs with reduce capacity due to Attack: 0
	Arcs with reduce capacity due to Heavy Fault: 0
	Arcs with reduce capacity due to Intrinsic Fault: 0
	Arcs with Attacks: 0
	Arcs with Heavy Fault: 0
	Arcs with Intrinsic Fault: 0
--------- SOURCES STATISTICS ---------------
Demand del real Source[0]: -31.0, flusso erogato: 10.129999999999997, flusso entrante: 0.0, efficienza: 32.6774193548387 %
Demand del real Source[8]: -10.5, flusso erogato: 3.8600000000000003, flusso entrante: 0.0, efficienza: 36.76190476190476 %
Demand del real Source[9]: -7.1, flusso erogato: 16.229999999999997, flusso entrante: 9.129999999999997, efficienza: 228.59154929577463 %
Demand del real Source[17]: -25.0, flusso erogato: 25.000000000000007, flusso entrante: 0.0, efficienza: 100.00000000000003 %
Flusso totale entrante nei Real Source: 9.129999999999997
Flusso totale uscente dai Real Source: 55.220000000000006
Flusso netto sui real Source: -46.09000000000001
--- SINKS STATISTICS ---
Sink 3 SODDISFATTO. Flusso netto: 3.43, Demand: 3.43, percentage: 100.0
Sink 4 SODDISFATTO. Flusso netto: 0.5700000000000003, Demand: 0.57, percentage: 100.00000000000007
Sink 5 SODDISFATTO. Flusso netto: 0.6600000000000001, Demand: 0.66, percentage: 100.00000000000003
Sink 11 SODDISFATTO. Flusso netto: 1.03, Demand: 1.03, percentage: 100.0
Sink 15 SODDISFATTO. Flusso netto: 0.46, Demand: 0.46, percentage: 100.0
Sink 16 SODDISFATTO. Flusso netto: 8.400000000000002, Demand: 8.4, percentage: 100.00000000000003
Sink 19 SODDISFATTO. Flusso netto: 0.5399999999999991, Demand: 0.54, percentage: 99.99999999999983
Sink 23 SODDISFATTO. Flusso netto: 0.5999999999999999, Demand: 0.6, percentage: 99.99999999999997
Sink 24 SODDISFATTO. Flusso netto: 0.8, Demand: 0.8, percentage: 100.0
Sink 25 SODDISFATTO. Flusso netto: 3.5, Demand: 3.5, percentage: 100.0
Sink 26 SODDISFATTO. Flusso netto: 6.000000000000002, Demand: 6.0, percentage: 100.00000000000003
Sink 28 SODDISFATTO. Flusso netto: 0.4, Demand: 0.4, percentage: 100.0
Sink 30 SODDISFATTO. Flusso netto: 0.9799999999999986, Demand: 0.98, percentage: 99.99999999999987
Sink 31 SODDISFATTO. Flusso netto: 0.4, Demand: 0.4, percentage: 100.0
Sink 32 SODDISFATTO. Flusso netto: 0.9999999999999996, Demand: 1.0, percentage: 99.99999999999996
Sink 34 SODDISFATTO. Flusso netto: 1.74, Demand: 1.74, percentage: 100.0
Sink 35 SODDISFATTO. Flusso netto: 1.3, Demand: 1.3, percentage: 100.0
Sink 37 SODDISFATTO. Flusso netto: 1.0, Demand: 1.0, percentage: 100.0
Sink 39 SODDISFATTO. Flusso netto: 0.4, Demand: 0.4, percentage: 100.0
Sink 40 SODDISFATTO. Flusso netto: 0.5, Demand: 0.5, percentage: 100.0
Sink 41 SODDISFATTO. Flusso netto: 1.06, Demand: 1.06, percentage: 100.0
Sink 42 SODDISFATTO. Flusso netto: 2.8199999999999994, Demand: 2.82, percentage: 99.99999999999999
Sink 45 SODDISFATTO. Flusso netto: 0.68, Demand: 0.68, percentage: 100.0
Sink 46 SODDISFATTO. Flusso netto: 1.17, Demand: 1.17, percentage: 100.0
Sink 49 non è soddisfatto. Flusso netto: 6.6499999999999995, Demand: 7.0, percentage: 95.0
Flusso totale entrante nei SINK: 92.61000000000001
Flusso totale uscente nei SINK: 46.52
Flusso totale netto nei SINK: 46.09000000000001
Total DEMAND dei SINK: 46.44
Percentual di flusso ai SINK: 0.9924633936261846
Numero di Sink soddisfatti: 24.0, numero totale di sink: 25.0
Percentuale di Sink soddisfatti: 0.96

---------------------------------- DAY 327

Update Fixed Elements from Intrinsic Faults
Update Fixed Elements from Heavy Faults
Update Fixed Elements from Attack
Propagate Intrinsic Fault
Propagate Heavy Faults
Propagate Attacks
Inject Intrinsic Failure To Source
Source NODO_11 is failing for an Intrinsic Fault in day: 327
pipeline ARCO_3 has reduced capacity due to NODO_11 Intrinsic fault
pipeline ARCO_90 has reduced capacity due to NODO_11 Intrinsic fault
pipeline ARCO_91 has reduced capacity due to NODO_11 Intrinsic fault
pipeline ARCO_92 has reduced capacity due to NODO_11 Intrinsic fault
pipeline V_EDGE_53_9 has reduced capacity due to NODO_11 Intrinsic fault
pipeline ARCO_20 has reduced capacity due to NODO_11 Intrinsic fault
pipeline ARCO_21 has reduced capacity due to NODO_11 Intrinsic fault
pipeline ARCO_22 has reduced capacity due to NODO_11 Intrinsic fault
pipeline ARCO_73 has reduced capacity due to NODO_11 Intrinsic fault
Inject Heavy Fault To Sources
Inject Attack Multiple To Source
Inject Intrinsic Fault To Pipeline
Inject Heavy Fault To Pipeline
Inject Attack To Pipeline
----------- Statistics ------------
	Sources Under Attack: 0
	Sources with Heavy Fault: 0
	Sources with Intrinsic Fault: 1
	Arcs with reduce capacity due to Attack: 0
	Arcs with reduce capacity due to Heavy Fault: 0
	Arcs with reduce capacity due to Intrinsic Fault: 9
	Arcs with Attacks: 0
	Arcs with Heavy Fault: 0
	Arcs with Intrinsic Fault: 0
--------- SOURCES STATISTICS ---------------
Demand del real Source[0]: -31.0, flusso erogato: 11.397999999999998, flusso entrante: 0.0, efficienza: 36.76774193548387 %
Demand del real Source[8]: -10.5, flusso erogato: 3.8600000000000003, flusso entrante: 0.0, efficienza: 36.76190476190476 %
Demand del real Source[9]: -7.1, flusso erogato: 16.077999999999996, flusso entrante: 10.397999999999998, efficienza: 226.45070422535207 %
Demand del real Source[17]: -25.0, flusso erogato: 25.000000000000007, flusso entrante: 0.0, efficienza: 100.00000000000003 %
Flusso totale entrante nei Real Source: 10.397999999999998
Flusso totale uscente dai Real Source: 56.336000000000006
Flusso netto sui real Source: -45.93800000000001
--- SINKS STATISTICS ---
Sink 3 SODDISFATTO. Flusso netto: 3.43, Demand: 3.43, percentage: 100.0
Sink 4 SODDISFATTO. Flusso netto: 0.5700000000000003, Demand: 0.57, percentage: 100.00000000000007
Sink 5 SODDISFATTO. Flusso netto: 0.6600000000000001, Demand: 0.66, percentage: 100.00000000000003
Sink 11 SODDISFATTO. Flusso netto: 1.03, Demand: 1.03, percentage: 100.0
Sink 15 SODDISFATTO. Flusso netto: 0.46, Demand: 0.46, percentage: 100.0
Sink 16 SODDISFATTO. Flusso netto: 8.400000000000002, Demand: 8.4, percentage: 100.00000000000003
Sink 19 SODDISFATTO. Flusso netto: 0.5399999999999991, Demand: 0.54, percentage: 99.99999999999983
Sink 23 SODDISFATTO. Flusso netto: 0.5999999999999999, Demand: 0.6, percentage: 99.99999999999997
Sink 24 SODDISFATTO. Flusso netto: 0.8, Demand: 0.8, percentage: 100.0
Sink 25 SODDISFATTO. Flusso netto: 3.5, Demand: 3.5, percentage: 100.0
Sink 26 SODDISFATTO. Flusso netto: 6.000000000000002, Demand: 6.0, percentage: 100.00000000000003
Sink 28 SODDISFATTO. Flusso netto: 0.4, Demand: 0.4, percentage: 100.0
Sink 30 SODDISFATTO. Flusso netto: 0.9799999999999986, Demand: 0.98, percentage: 99.99999999999987
Sink 31 SODDISFATTO. Flusso netto: 0.4, Demand: 0.4, percentage: 100.0
Sink 32 SODDISFATTO. Flusso netto: 0.9999999999999996, Demand: 1.0, percentage: 99.99999999999996
Sink 34 SODDISFATTO. Flusso netto: 1.74, Demand: 1.74, percentage: 100.0
Sink 35 SODDISFATTO. Flusso netto: 1.3, Demand: 1.3, percentage: 100.0
Sink 37 SODDISFATTO. Flusso netto: 1.0, Demand: 1.0, percentage: 100.0
Sink 39 SODDISFATTO. Flusso netto: 0.4, Demand: 0.4, percentage: 100.0
Sink 40 SODDISFATTO. Flusso netto: 0.5, Demand: 0.5, percentage: 100.0
Sink 41 SODDISFATTO. Flusso netto: 1.0599999999999996, Demand: 1.06, percentage: 99.99999999999996
Sink 42 SODDISFATTO. Flusso netto: 2.8200000000000003, Demand: 2.82, percentage: 100.00000000000003
Sink 45 SODDISFATTO. Flusso netto: 0.68, Demand: 0.68, percentage: 100.0
Sink 46 SODDISFATTO. Flusso netto: 1.17, Demand: 1.17, percentage: 100.0
Sink 49 non è soddisfatto. Flusso netto: 6.497999999999999, Demand: 7.0, percentage: 92.82857142857142
Flusso totale entrante nei SINK: 95.24200000000002
Flusso totale uscente nei SINK: 49.304
Flusso totale netto nei SINK: 45.93800000000002
Total DEMAND dei SINK: 46.44
Percentual di flusso ai SINK: 0.989190353143842
Numero di Sink soddisfatti: 24.0, numero totale di sink: 25.0
Percentuale di Sink soddisfatti: 0.96

---------------------------------- DAY 328

Update Fixed Elements from Intrinsic Faults
Update Fixed Elements from Heavy Faults
Update Fixed Elements from Attack
Propagate Intrinsic Fault
Node NODO_11 has still failing due to Intrinsic Fault
pipeline ARCO_3 still has reduced capacity: 9.688 due to Intrinsic Fault
pipeline ARCO_90 still has reduced capacity: 1.6 due to Intrinsic Fault
pipeline ARCO_91 still has reduced capacity: 9.688 due to Intrinsic Fault
pipeline ARCO_92 still has reduced capacity: 39.328 due to Intrinsic Fault
pipeline V_EDGE_53_9 still has reduced capacity: 5.68 due to Intrinsic Fault
pipeline ARCO_20 still has reduced capacity: 1.6 due to Intrinsic Fault
pipeline ARCO_21 still has reduced capacity: 9.688 due to Intrinsic Fault
pipeline ARCO_22 still has reduced capacity: 39.328 due to Intrinsic Fault
pipeline ARCO_73 still has reduced capacity: 9.688 due to Intrinsic Fault
Propagate Heavy Faults
Propagate Attacks
Inject Intrinsic Failure To Source
Inject Heavy Fault To Sources
Inject Attack Multiple To Source
Inject Intrinsic Fault To Pipeline
Inject Heavy Fault To Pipeline
Inject Attack To Pipeline
----------- Statistics ------------
	Sources Under Attack: 0
	Sources with Heavy Fault: 0
	Sources with Intrinsic Fault: 1
	Arcs with reduce capacity due to Attack: 0
	Arcs with reduce capacity due to Heavy Fault: 0
	Arcs with reduce capacity due to Intrinsic Fault: 9
	Arcs with Attacks: 0
	Arcs with Heavy Fault: 0
	Arcs with Intrinsic Fault: 0
--------- SOURCES STATISTICS ---------------
Demand del real Source[0]: -31.0, flusso erogato: 11.397999999999998, flusso entrante: 0.0, efficienza: 36.76774193548387 %
Demand del real Source[8]: -10.5, flusso erogato: 3.8600000000000003, flusso entrante: 0.0, efficienza: 36.76190476190476 %
Demand del real Source[9]: -7.1, flusso erogato: 16.077999999999996, flusso entrante: 10.397999999999998, efficienza: 226.45070422535207 %
Demand del real Source[17]: -25.0, flusso erogato: 25.000000000000007, flusso entrante: 0.0, efficienza: 100.00000000000003 %
Flusso totale entrante nei Real Source: 10.397999999999998
Flusso totale uscente dai Real Source: 56.336000000000006
Flusso netto sui real Source: -45.93800000000001
--- SINKS STATISTICS ---
Sink 3 SODDISFATTO. Flusso netto: 3.43, Demand: 3.43, percentage: 100.0
Sink 4 SODDISFATTO. Flusso netto: 0.5700000000000003, Demand: 0.57, percentage: 100.00000000000007
Sink 5 SODDISFATTO. Flusso netto: 0.6600000000000001, Demand: 0.66, percentage: 100.00000000000003
Sink 11 SODDISFATTO. Flusso netto: 1.03, Demand: 1.03, percentage: 100.0
Sink 15 SODDISFATTO. Flusso netto: 0.46, Demand: 0.46, percentage: 100.0
Sink 16 SODDISFATTO. Flusso netto: 8.400000000000002, Demand: 8.4, percentage: 100.00000000000003
Sink 19 SODDISFATTO. Flusso netto: 0.5399999999999991, Demand: 0.54, percentage: 99.99999999999983
Sink 23 SODDISFATTO. Flusso netto: 0.5999999999999999, Demand: 0.6, percentage: 99.99999999999997
Sink 24 SODDISFATTO. Flusso netto: 0.8, Demand: 0.8, percentage: 100.0
Sink 25 SODDISFATTO. Flusso netto: 3.5, Demand: 3.5, percentage: 100.0
Sink 26 SODDISFATTO. Flusso netto: 6.000000000000002, Demand: 6.0, percentage: 100.00000000000003
Sink 28 SODDISFATTO. Flusso netto: 0.4, Demand: 0.4, percentage: 100.0
Sink 30 SODDISFATTO. Flusso netto: 0.9799999999999986, Demand: 0.98, percentage: 99.99999999999987
Sink 31 SODDISFATTO. Flusso netto: 0.4, Demand: 0.4, percentage: 100.0
Sink 32 SODDISFATTO. Flusso netto: 0.9999999999999996, Demand: 1.0, percentage: 99.99999999999996
Sink 34 SODDISFATTO. Flusso netto: 1.74, Demand: 1.74, percentage: 100.0
Sink 35 SODDISFATTO. Flusso netto: 1.3, Demand: 1.3, percentage: 100.0
Sink 37 SODDISFATTO. Flusso netto: 1.0, Demand: 1.0, percentage: 100.0
Sink 39 SODDISFATTO. Flusso netto: 0.4, Demand: 0.4, percentage: 100.0
Sink 40 SODDISFATTO. Flusso netto: 0.5, Demand: 0.5, percentage: 100.0
Sink 41 SODDISFATTO. Flusso netto: 1.0599999999999996, Demand: 1.06, percentage: 99.99999999999996
Sink 42 SODDISFATTO. Flusso netto: 2.8200000000000003, Demand: 2.82, percentage: 100.00000000000003
Sink 45 SODDISFATTO. Flusso netto: 0.68, Demand: 0.68, percentage: 100.0
Sink 46 SODDISFATTO. Flusso netto: 1.17, Demand: 1.17, percentage: 100.0
Sink 49 non è soddisfatto. Flusso netto: 6.497999999999999, Demand: 7.0, percentage: 92.82857142857142
Flusso totale entrante nei SINK: 95.24200000000002
Flusso totale uscente nei SINK: 49.304
Flusso totale netto nei SINK: 45.93800000000002
Total DEMAND dei SINK: 46.44
Percentual di flusso ai SINK: 0.989190353143842
Numero di Sink soddisfatti: 24.0, numero totale di sink: 25.0
Percentuale di Sink soddisfatti: 0.96

---------------------------------- DAY 329

Update Fixed Elements from Intrinsic Faults
Update Fixed Elements from Heavy Faults
Update Fixed Elements from Attack
Propagate Intrinsic Fault
Node NODO_11 has still failing due to Intrinsic Fault
pipeline ARCO_3 still has reduced capacity: 9.688 due to Intrinsic Fault
pipeline ARCO_90 still has reduced capacity: 1.6 due to Intrinsic Fault
pipeline ARCO_91 still has reduced capacity: 9.688 due to Intrinsic Fault
pipeline ARCO_92 still has reduced capacity: 39.328 due to Intrinsic Fault
pipeline V_EDGE_53_9 still has reduced capacity: 5.68 due to Intrinsic Fault
pipeline ARCO_20 still has reduced capacity: 1.6 due to Intrinsic Fault
pipeline ARCO_21 still has reduced capacity: 9.688 due to Intrinsic Fault
pipeline ARCO_22 still has reduced capacity: 39.328 due to Intrinsic Fault
pipeline ARCO_73 still has reduced capacity: 9.688 due to Intrinsic Fault
Propagate Heavy Faults
Propagate Attacks
Inject Intrinsic Failure To Source
Source NODO_11 is failing for an Intrinsic Fault in day: 329
pipeline ARCO_3 has reduced capacity due to NODO_11 Intrinsic fault
pipeline ARCO_90 has reduced capacity due to NODO_11 Intrinsic fault
pipeline ARCO_91 has reduced capacity due to NODO_11 Intrinsic fault
pipeline ARCO_92 has reduced capacity due to NODO_11 Intrinsic fault
pipeline V_EDGE_53_9 has reduced capacity due to NODO_11 Intrinsic fault
pipeline ARCO_20 has reduced capacity due to NODO_11 Intrinsic fault
pipeline ARCO_21 has reduced capacity due to NODO_11 Intrinsic fault
pipeline ARCO_22 has reduced capacity due to NODO_11 Intrinsic fault
pipeline ARCO_73 has reduced capacity due to NODO_11 Intrinsic fault
Inject Heavy Fault To Sources
Inject Attack Multiple To Source
Inject Intrinsic Fault To Pipeline
Inject Heavy Fault To Pipeline
Inject Attack To Pipeline
----------- Statistics ------------
	Sources Under Attack: 0
	Sources with Heavy Fault: 0
	Sources with Intrinsic Fault: 1
	Arcs with reduce capacity due to Attack: 0
	Arcs with reduce capacity due to Heavy Fault: 0
	Arcs with reduce capacity due to Intrinsic Fault: 9
	Arcs with Attacks: 0
	Arcs with Heavy Fault: 0
	Arcs with Intrinsic Fault: 0
--------- SOURCES STATISTICS ---------------
Demand del real Source[0]: -31.0, flusso erogato: 10.596399999999997, flusso entrante: 0.0, efficienza: 34.18193548387096 %
Demand del real Source[8]: -10.5, flusso erogato: 3.8600000000000003, flusso entrante: 0.0, efficienza: 36.76190476190476 %
Demand del real Source[9]: -7.1, flusso erogato: 14.140399999999998, flusso entrante: 9.5964, efficienza: 199.16056338028167 %
Demand del real Source[17]: -25.0, flusso erogato: 25.000000000000007, flusso entrante: 0.0, efficienza: 100.00000000000003 %
Flusso totale entrante nei Real Source: 9.5964
Flusso totale uscente dai Real Source: 53.5968
Flusso netto sui real Source: -44.0004
--- SINKS STATISTICS ---
Sink 3 SODDISFATTO. Flusso netto: 3.43, Demand: 3.43, percentage: 100.0
Sink 4 SODDISFATTO. Flusso netto: 0.5699999999999998, Demand: 0.57, percentage: 99.99999999999997
Sink 5 SODDISFATTO. Flusso netto: 0.6600000000000001, Demand: 0.66, percentage: 100.00000000000003
Sink 11 SODDISFATTO. Flusso netto: 1.03, Demand: 1.03, percentage: 100.0
Sink 15 SODDISFATTO. Flusso netto: 0.46, Demand: 0.46, percentage: 100.0
Sink 16 SODDISFATTO. Flusso netto: 8.400000000000002, Demand: 8.4, percentage: 100.00000000000003
Sink 19 SODDISFATTO. Flusso netto: 0.5399999999999991, Demand: 0.54, percentage: 99.99999999999983
Sink 23 SODDISFATTO. Flusso netto: 0.5999999999999999, Demand: 0.6, percentage: 99.99999999999997
Sink 24 SODDISFATTO. Flusso netto: 0.8, Demand: 0.8, percentage: 100.0
Sink 25 SODDISFATTO. Flusso netto: 3.5, Demand: 3.5, percentage: 100.0
Sink 26 SODDISFATTO. Flusso netto: 6.000000000000002, Demand: 6.0, percentage: 100.00000000000003
Sink 28 SODDISFATTO. Flusso netto: 0.4, Demand: 0.4, percentage: 100.0
Sink 30 SODDISFATTO. Flusso netto: 0.9799999999999986, Demand: 0.98, percentage: 99.99999999999987
Sink 31 SODDISFATTO. Flusso netto: 0.4, Demand: 0.4, percentage: 100.0
Sink 32 SODDISFATTO. Flusso netto: 0.9999999999999996, Demand: 1.0, percentage: 99.99999999999996
Sink 34 SODDISFATTO. Flusso netto: 1.74, Demand: 1.74, percentage: 100.0
Sink 35 SODDISFATTO. Flusso netto: 1.3, Demand: 1.3, percentage: 100.0
Sink 37 SODDISFATTO. Flusso netto: 1.0, Demand: 1.0, percentage: 100.0
Sink 39 SODDISFATTO. Flusso netto: 0.4, Demand: 0.4, percentage: 100.0
Sink 40 SODDISFATTO. Flusso netto: 0.5, Demand: 0.5, percentage: 100.0
Sink 41 SODDISFATTO. Flusso netto: 1.0599999999999996, Demand: 1.06, percentage: 99.99999999999996
Sink 42 SODDISFATTO. Flusso netto: 2.8200000000000003, Demand: 2.82, percentage: 100.00000000000003
Sink 45 SODDISFATTO. Flusso netto: 0.68, Demand: 0.68, percentage: 100.0
Sink 46 SODDISFATTO. Flusso netto: 1.17, Demand: 1.17, percentage: 100.0
Sink 49 non è soddisfatto. Flusso netto: 4.5604, Demand: 7.0, percentage: 65.14857142857142
Flusso totale entrante nei SINK: 87.4916
Flusso totale uscente nei SINK: 43.4912
Flusso totale netto nei SINK: 44.000400000000006
Total DEMAND dei SINK: 46.44
Percentual di flusso ai SINK: 0.9474677002583981
Numero di Sink soddisfatti: 24.0, numero totale di sink: 25.0
Percentuale di Sink soddisfatti: 0.96

---------------------------------- DAY 330

Update Fixed Elements from Intrinsic Faults
Source NODO_11 fixed from Intrinsic Fault
Pipeline ARCO_3 fixed due to Source NODO_11 fixing from Intrinsic Fault
Pipeline ARCO_90 fixed due to Source NODO_11 fixing from Intrinsic Fault
Pipeline ARCO_91 fixed due to Source NODO_11 fixing from Intrinsic Fault
Pipeline ARCO_92 fixed due to Source NODO_11 fixing from Intrinsic Fault
Pipeline V_EDGE_53_9 fixed due to Source NODO_11 fixing from Intrinsic Fault
Pipeline ARCO_20 fixed due to Source NODO_11 fixing from Intrinsic Fault
Pipeline ARCO_21 fixed due to Source NODO_11 fixing from Intrinsic Fault
Pipeline ARCO_22 fixed due to Source NODO_11 fixing from Intrinsic Fault
Pipeline ARCO_73 fixed due to Source NODO_11 fixing from Intrinsic Fault
Update Fixed Elements from Heavy Faults
Update Fixed Elements from Attack
Propagate Intrinsic Fault
Propagate Heavy Faults
Propagate Attacks
Inject Intrinsic Failure To Source
Source NODO_2 is failing for an Intrinsic Fault in day: 330
pipeline ARCO_70 has reduced capacity due to NODO_2 Intrinsic fault
pipeline V_EDGE_53_0 has reduced capacity due to NODO_2 Intrinsic fault
pipeline ARCO_0 has reduced capacity due to NODO_2 Intrinsic fault
Source NODO_11 is failing for an Intrinsic Fault in day: 330
pipeline ARCO_3 has reduced capacity due to NODO_11 Intrinsic fault
pipeline ARCO_90 has reduced capacity due to NODO_11 Intrinsic fault
pipeline ARCO_91 has reduced capacity due to NODO_11 Intrinsic fault
pipeline ARCO_92 has reduced capacity due to NODO_11 Intrinsic fault
pipeline V_EDGE_53_9 has reduced capacity due to NODO_11 Intrinsic fault
pipeline ARCO_20 has reduced capacity due to NODO_11 Intrinsic fault
pipeline ARCO_21 has reduced capacity due to NODO_11 Intrinsic fault
pipeline ARCO_22 has reduced capacity due to NODO_11 Intrinsic fault
pipeline ARCO_73 has reduced capacity due to NODO_11 Intrinsic fault
Inject Heavy Fault To Sources
Inject Attack Multiple To Source
Inject Intrinsic Fault To Pipeline
Inject Heavy Fault To Pipeline
Inject Attack To Pipeline
----------- Statistics ------------
	Sources Under Attack: 0
	Sources with Heavy Fault: 0
	Sources with Intrinsic Fault: 2
	Arcs with reduce capacity due to Attack: 0
	Arcs with reduce capacity due to Heavy Fault: 0
	Arcs with reduce capacity due to Intrinsic Fault: 12
	Arcs with Attacks: 0
	Arcs with Heavy Fault: 0
	Arcs with Intrinsic Fault: 0
--------- SOURCES STATISTICS ---------------
Demand del real Source[0]: -31.0, flusso erogato: 11.397999999999998, flusso entrante: 0.0, efficienza: 36.76774193548387 %
Demand del real Source[8]: -10.5, flusso erogato: 3.8600000000000003, flusso entrante: 0.0, efficienza: 36.76190476190476 %
Demand del real Source[9]: -7.1, flusso erogato: 16.077999999999996, flusso entrante: 10.397999999999998, efficienza: 226.45070422535207 %
Demand del real Source[17]: -25.0, flusso erogato: 25.000000000000007, flusso entrante: 0.0, efficienza: 100.00000000000003 %
Flusso totale entrante nei Real Source: 10.397999999999998
Flusso totale uscente dai Real Source: 56.336000000000006
Flusso netto sui real Source: -45.93800000000001
--- SINKS STATISTICS ---
Sink 3 SODDISFATTO. Flusso netto: 3.43, Demand: 3.43, percentage: 100.0
Sink 4 SODDISFATTO. Flusso netto: 0.5700000000000003, Demand: 0.57, percentage: 100.00000000000007
Sink 5 SODDISFATTO. Flusso netto: 0.6600000000000001, Demand: 0.66, percentage: 100.00000000000003
Sink 11 SODDISFATTO. Flusso netto: 1.03, Demand: 1.03, percentage: 100.0
Sink 15 SODDISFATTO. Flusso netto: 0.46, Demand: 0.46, percentage: 100.0
Sink 16 SODDISFATTO. Flusso netto: 8.400000000000002, Demand: 8.4, percentage: 100.00000000000003
Sink 19 SODDISFATTO. Flusso netto: 0.5399999999999991, Demand: 0.54, percentage: 99.99999999999983
Sink 23 SODDISFATTO. Flusso netto: 0.5999999999999999, Demand: 0.6, percentage: 99.99999999999997
Sink 24 SODDISFATTO. Flusso netto: 0.8, Demand: 0.8, percentage: 100.0
Sink 25 SODDISFATTO. Flusso netto: 3.5, Demand: 3.5, percentage: 100.0
Sink 26 SODDISFATTO. Flusso netto: 6.000000000000002, Demand: 6.0, percentage: 100.00000000000003
Sink 28 SODDISFATTO. Flusso netto: 0.4, Demand: 0.4, percentage: 100.0
Sink 30 SODDISFATTO. Flusso netto: 0.9799999999999986, Demand: 0.98, percentage: 99.99999999999987
Sink 31 SODDISFATTO. Flusso netto: 0.4, Demand: 0.4, percentage: 100.0
Sink 32 SODDISFATTO. Flusso netto: 0.9999999999999996, Demand: 1.0, percentage: 99.99999999999996
Sink 34 SODDISFATTO. Flusso netto: 1.74, Demand: 1.74, percentage: 100.0
Sink 35 SODDISFATTO. Flusso netto: 1.3, Demand: 1.3, percentage: 100.0
Sink 37 SODDISFATTO. Flusso netto: 1.0, Demand: 1.0, percentage: 100.0
Sink 39 SODDISFATTO. Flusso netto: 0.4, Demand: 0.4, percentage: 100.0
Sink 40 SODDISFATTO. Flusso netto: 0.5, Demand: 0.5, percentage: 100.0
Sink 41 SODDISFATTO. Flusso netto: 1.0599999999999996, Demand: 1.06, percentage: 99.99999999999996
Sink 42 SODDISFATTO. Flusso netto: 2.8200000000000003, Demand: 2.82, percentage: 100.00000000000003
Sink 45 SODDISFATTO. Flusso netto: 0.68, Demand: 0.68, percentage: 100.0
Sink 46 SODDISFATTO. Flusso netto: 1.17, Demand: 1.17, percentage: 100.0
Sink 49 non è soddisfatto. Flusso netto: 6.497999999999999, Demand: 7.0, percentage: 92.82857142857142
Flusso totale entrante nei SINK: 95.24200000000002
Flusso totale uscente nei SINK: 49.304
Flusso totale netto nei SINK: 45.93800000000002
Total DEMAND dei SINK: 46.44
Percentual di flusso ai SINK: 0.989190353143842
Numero di Sink soddisfatti: 24.0, numero totale di sink: 25.0
Percentuale di Sink soddisfatti: 0.96

---------------------------------- DAY 331

Update Fixed Elements from Intrinsic Faults
Update Fixed Elements from Heavy Faults
Update Fixed Elements from Attack
Propagate Intrinsic Fault
Node NODO_2 has still failing due to Intrinsic Fault
Node NODO_11 has still failing due to Intrinsic Fault
pipeline ARCO_70 still has reduced capacity: 24.8 due to Intrinsic Fault
pipeline V_EDGE_53_0 still has reduced capacity: 24.8 due to Intrinsic Fault
pipeline ARCO_0 still has reduced capacity: 24.8 due to Intrinsic Fault
pipeline ARCO_3 still has reduced capacity: 9.688 due to Intrinsic Fault
pipeline ARCO_90 still has reduced capacity: 1.6 due to Intrinsic Fault
pipeline ARCO_91 still has reduced capacity: 9.688 due to Intrinsic Fault
pipeline ARCO_92 still has reduced capacity: 39.328 due to Intrinsic Fault
pipeline V_EDGE_53_9 still has reduced capacity: 5.68 due to Intrinsic Fault
pipeline ARCO_20 still has reduced capacity: 1.6 due to Intrinsic Fault
pipeline ARCO_21 still has reduced capacity: 9.688 due to Intrinsic Fault
pipeline ARCO_22 still has reduced capacity: 39.328 due to Intrinsic Fault
pipeline ARCO_73 still has reduced capacity: 9.688 due to Intrinsic Fault
Propagate Heavy Faults
Propagate Attacks
Inject Intrinsic Failure To Source
Inject Heavy Fault To Sources
Inject Attack Multiple To Source
Inject Intrinsic Fault To Pipeline
Inject Heavy Fault To Pipeline
Inject Attack To Pipeline
----------- Statistics ------------
	Sources Under Attack: 0
	Sources with Heavy Fault: 0
	Sources with Intrinsic Fault: 2
	Arcs with reduce capacity due to Attack: 0
	Arcs with reduce capacity due to Heavy Fault: 0
	Arcs with reduce capacity due to Intrinsic Fault: 12
	Arcs with Attacks: 0
	Arcs with Heavy Fault: 0
	Arcs with Intrinsic Fault: 0
--------- SOURCES STATISTICS ---------------
Demand del real Source[0]: -31.0, flusso erogato: 11.397999999999998, flusso entrante: 0.0, efficienza: 36.76774193548387 %
Demand del real Source[8]: -10.5, flusso erogato: 3.8600000000000003, flusso entrante: 0.0, efficienza: 36.76190476190476 %
Demand del real Source[9]: -7.1, flusso erogato: 16.077999999999996, flusso entrante: 10.397999999999998, efficienza: 226.45070422535207 %
Demand del real Source[17]: -25.0, flusso erogato: 25.000000000000007, flusso entrante: 0.0, efficienza: 100.00000000000003 %
Flusso totale entrante nei Real Source: 10.397999999999998
Flusso totale uscente dai Real Source: 56.336000000000006
Flusso netto sui real Source: -45.93800000000001
--- SINKS STATISTICS ---
Sink 3 SODDISFATTO. Flusso netto: 3.43, Demand: 3.43, percentage: 100.0
Sink 4 SODDISFATTO. Flusso netto: 0.5700000000000003, Demand: 0.57, percentage: 100.00000000000007
Sink 5 SODDISFATTO. Flusso netto: 0.6600000000000001, Demand: 0.66, percentage: 100.00000000000003
Sink 11 SODDISFATTO. Flusso netto: 1.03, Demand: 1.03, percentage: 100.0
Sink 15 SODDISFATTO. Flusso netto: 0.46, Demand: 0.46, percentage: 100.0
Sink 16 SODDISFATTO. Flusso netto: 8.400000000000002, Demand: 8.4, percentage: 100.00000000000003
Sink 19 SODDISFATTO. Flusso netto: 0.5399999999999991, Demand: 0.54, percentage: 99.99999999999983
Sink 23 SODDISFATTO. Flusso netto: 0.5999999999999999, Demand: 0.6, percentage: 99.99999999999997
Sink 24 SODDISFATTO. Flusso netto: 0.8, Demand: 0.8, percentage: 100.0
Sink 25 SODDISFATTO. Flusso netto: 3.5, Demand: 3.5, percentage: 100.0
Sink 26 SODDISFATTO. Flusso netto: 6.000000000000002, Demand: 6.0, percentage: 100.00000000000003
Sink 28 SODDISFATTO. Flusso netto: 0.4, Demand: 0.4, percentage: 100.0
Sink 30 SODDISFATTO. Flusso netto: 0.9799999999999986, Demand: 0.98, percentage: 99.99999999999987
Sink 31 SODDISFATTO. Flusso netto: 0.4, Demand: 0.4, percentage: 100.0
Sink 32 SODDISFATTO. Flusso netto: 0.9999999999999996, Demand: 1.0, percentage: 99.99999999999996
Sink 34 SODDISFATTO. Flusso netto: 1.74, Demand: 1.74, percentage: 100.0
Sink 35 SODDISFATTO. Flusso netto: 1.3, Demand: 1.3, percentage: 100.0
Sink 37 SODDISFATTO. Flusso netto: 1.0, Demand: 1.0, percentage: 100.0
Sink 39 SODDISFATTO. Flusso netto: 0.4, Demand: 0.4, percentage: 100.0
Sink 40 SODDISFATTO. Flusso netto: 0.5, Demand: 0.5, percentage: 100.0
Sink 41 SODDISFATTO. Flusso netto: 1.0599999999999996, Demand: 1.06, percentage: 99.99999999999996
Sink 42 SODDISFATTO. Flusso netto: 2.8200000000000003, Demand: 2.82, percentage: 100.00000000000003
Sink 45 SODDISFATTO. Flusso netto: 0.68, Demand: 0.68, percentage: 100.0
Sink 46 SODDISFATTO. Flusso netto: 1.17, Demand: 1.17, percentage: 100.0
Sink 49 non è soddisfatto. Flusso netto: 6.497999999999999, Demand: 7.0, percentage: 92.82857142857142
Flusso totale entrante nei SINK: 95.24200000000002
Flusso totale uscente nei SINK: 49.304
Flusso totale netto nei SINK: 45.93800000000002
Total DEMAND dei SINK: 46.44
Percentual di flusso ai SINK: 0.989190353143842
Numero di Sink soddisfatti: 24.0, numero totale di sink: 25.0
Percentuale di Sink soddisfatti: 0.96

---------------------------------- DAY 332

Update Fixed Elements from Intrinsic Faults
Update Fixed Elements from Heavy Faults
Update Fixed Elements from Attack
Propagate Intrinsic Fault
Node NODO_2 has still failing due to Intrinsic Fault
Node NODO_11 has still failing due to Intrinsic Fault
pipeline ARCO_70 still has reduced capacity: 24.8 due to Intrinsic Fault
pipeline V_EDGE_53_0 still has reduced capacity: 24.8 due to Intrinsic Fault
pipeline ARCO_0 still has reduced capacity: 24.8 due to Intrinsic Fault
pipeline ARCO_3 still has reduced capacity: 9.688 due to Intrinsic Fault
pipeline ARCO_90 still has reduced capacity: 1.6 due to Intrinsic Fault
pipeline ARCO_91 still has reduced capacity: 9.688 due to Intrinsic Fault
pipeline ARCO_92 still has reduced capacity: 39.328 due to Intrinsic Fault
pipeline V_EDGE_53_9 still has reduced capacity: 5.68 due to Intrinsic Fault
pipeline ARCO_20 still has reduced capacity: 1.6 due to Intrinsic Fault
pipeline ARCO_21 still has reduced capacity: 9.688 due to Intrinsic Fault
pipeline ARCO_22 still has reduced capacity: 39.328 due to Intrinsic Fault
pipeline ARCO_73 still has reduced capacity: 9.688 due to Intrinsic Fault
Propagate Heavy Faults
Propagate Attacks
Inject Intrinsic Failure To Source
Inject Heavy Fault To Sources
Inject Attack Multiple To Source
Inject Intrinsic Fault To Pipeline
Inject Heavy Fault To Pipeline
Inject Attack To Pipeline
----------- Statistics ------------
	Sources Under Attack: 0
	Sources with Heavy Fault: 0
	Sources with Intrinsic Fault: 2
	Arcs with reduce capacity due to Attack: 0
	Arcs with reduce capacity due to Heavy Fault: 0
	Arcs with reduce capacity due to Intrinsic Fault: 12
	Arcs with Attacks: 0
	Arcs with Heavy Fault: 0
	Arcs with Intrinsic Fault: 0
--------- SOURCES STATISTICS ---------------
Demand del real Source[0]: -31.0, flusso erogato: 11.397999999999998, flusso entrante: 0.0, efficienza: 36.76774193548387 %
Demand del real Source[8]: -10.5, flusso erogato: 3.8600000000000003, flusso entrante: 0.0, efficienza: 36.76190476190476 %
Demand del real Source[9]: -7.1, flusso erogato: 16.077999999999996, flusso entrante: 10.397999999999998, efficienza: 226.45070422535207 %
Demand del real Source[17]: -25.0, flusso erogato: 25.000000000000007, flusso entrante: 0.0, efficienza: 100.00000000000003 %
Flusso totale entrante nei Real Source: 10.397999999999998
Flusso totale uscente dai Real Source: 56.336000000000006
Flusso netto sui real Source: -45.93800000000001
--- SINKS STATISTICS ---
Sink 3 SODDISFATTO. Flusso netto: 3.43, Demand: 3.43, percentage: 100.0
Sink 4 SODDISFATTO. Flusso netto: 0.5700000000000003, Demand: 0.57, percentage: 100.00000000000007
Sink 5 SODDISFATTO. Flusso netto: 0.6600000000000001, Demand: 0.66, percentage: 100.00000000000003
Sink 11 SODDISFATTO. Flusso netto: 1.03, Demand: 1.03, percentage: 100.0
Sink 15 SODDISFATTO. Flusso netto: 0.46, Demand: 0.46, percentage: 100.0
Sink 16 SODDISFATTO. Flusso netto: 8.400000000000002, Demand: 8.4, percentage: 100.00000000000003
Sink 19 SODDISFATTO. Flusso netto: 0.5399999999999991, Demand: 0.54, percentage: 99.99999999999983
Sink 23 SODDISFATTO. Flusso netto: 0.5999999999999999, Demand: 0.6, percentage: 99.99999999999997
Sink 24 SODDISFATTO. Flusso netto: 0.8, Demand: 0.8, percentage: 100.0
Sink 25 SODDISFATTO. Flusso netto: 3.5, Demand: 3.5, percentage: 100.0
Sink 26 SODDISFATTO. Flusso netto: 6.000000000000002, Demand: 6.0, percentage: 100.00000000000003
Sink 28 SODDISFATTO. Flusso netto: 0.4, Demand: 0.4, percentage: 100.0
Sink 30 SODDISFATTO. Flusso netto: 0.9799999999999986, Demand: 0.98, percentage: 99.99999999999987
Sink 31 SODDISFATTO. Flusso netto: 0.4, Demand: 0.4, percentage: 100.0
Sink 32 SODDISFATTO. Flusso netto: 0.9999999999999996, Demand: 1.0, percentage: 99.99999999999996
Sink 34 SODDISFATTO. Flusso netto: 1.74, Demand: 1.74, percentage: 100.0
Sink 35 SODDISFATTO. Flusso netto: 1.3, Demand: 1.3, percentage: 100.0
Sink 37 SODDISFATTO. Flusso netto: 1.0, Demand: 1.0, percentage: 100.0
Sink 39 SODDISFATTO. Flusso netto: 0.4, Demand: 0.4, percentage: 100.0
Sink 40 SODDISFATTO. Flusso netto: 0.5, Demand: 0.5, percentage: 100.0
Sink 41 SODDISFATTO. Flusso netto: 1.0599999999999996, Demand: 1.06, percentage: 99.99999999999996
Sink 42 SODDISFATTO. Flusso netto: 2.8200000000000003, Demand: 2.82, percentage: 100.00000000000003
Sink 45 SODDISFATTO. Flusso netto: 0.68, Demand: 0.68, percentage: 100.0
Sink 46 SODDISFATTO. Flusso netto: 1.17, Demand: 1.17, percentage: 100.0
Sink 49 non è soddisfatto. Flusso netto: 6.497999999999999, Demand: 7.0, percentage: 92.82857142857142
Flusso totale entrante nei SINK: 95.24200000000002
Flusso totale uscente nei SINK: 49.304
Flusso totale netto nei SINK: 45.93800000000002
Total DEMAND dei SINK: 46.44
Percentual di flusso ai SINK: 0.989190353143842
Numero di Sink soddisfatti: 24.0, numero totale di sink: 25.0
Percentuale di Sink soddisfatti: 0.96

---------------------------------- DAY 333

Update Fixed Elements from Intrinsic Faults
Source NODO_2 fixed from Intrinsic Fault
Pipeline ARCO_70 fixed due to Source NODO_2 fixing from Intrinsic Fault
Pipeline V_EDGE_53_0 fixed due to Source NODO_2 fixing from Intrinsic Fault
Pipeline ARCO_0 fixed due to Source NODO_2 fixing from Intrinsic Fault
Source NODO_11 fixed from Intrinsic Fault
Pipeline ARCO_3 fixed due to Source NODO_11 fixing from Intrinsic Fault
Pipeline ARCO_90 fixed due to Source NODO_11 fixing from Intrinsic Fault
Pipeline ARCO_91 fixed due to Source NODO_11 fixing from Intrinsic Fault
Pipeline ARCO_92 fixed due to Source NODO_11 fixing from Intrinsic Fault
Pipeline V_EDGE_53_9 fixed due to Source NODO_11 fixing from Intrinsic Fault
Pipeline ARCO_20 fixed due to Source NODO_11 fixing from Intrinsic Fault
Pipeline ARCO_21 fixed due to Source NODO_11 fixing from Intrinsic Fault
Pipeline ARCO_22 fixed due to Source NODO_11 fixing from Intrinsic Fault
Pipeline ARCO_73 fixed due to Source NODO_11 fixing from Intrinsic Fault
Update Fixed Elements from Heavy Faults
Update Fixed Elements from Attack
Propagate Intrinsic Fault
Propagate Heavy Faults
Propagate Attacks
Inject Intrinsic Failure To Source
Inject Heavy Fault To Sources
Inject Attack Multiple To Source
Inject Intrinsic Fault To Pipeline
Inject Heavy Fault To Pipeline
Inject Attack To Pipeline
----------- Statistics ------------
	Sources Under Attack: 0
	Sources with Heavy Fault: 0
	Sources with Intrinsic Fault: 0
	Arcs with reduce capacity due to Attack: 0
	Arcs with reduce capacity due to Heavy Fault: 0
	Arcs with reduce capacity due to Intrinsic Fault: 0
	Arcs with Attacks: 0
	Arcs with Heavy Fault: 0
	Arcs with Intrinsic Fault: 0
--------- SOURCES STATISTICS ---------------
Demand del real Source[0]: -31.0, flusso erogato: 10.129999999999997, flusso entrante: 0.0, efficienza: 32.6774193548387 %
Demand del real Source[8]: -10.5, flusso erogato: 3.8600000000000003, flusso entrante: 0.0, efficienza: 36.76190476190476 %
Demand del real Source[9]: -7.1, flusso erogato: 16.229999999999997, flusso entrante: 9.129999999999997, efficienza: 228.59154929577463 %
Demand del real Source[17]: -25.0, flusso erogato: 25.000000000000007, flusso entrante: 0.0, efficienza: 100.00000000000003 %
Flusso totale entrante nei Real Source: 9.129999999999997
Flusso totale uscente dai Real Source: 55.220000000000006
Flusso netto sui real Source: -46.09000000000001
--- SINKS STATISTICS ---
Sink 3 SODDISFATTO. Flusso netto: 3.43, Demand: 3.43, percentage: 100.0
Sink 4 SODDISFATTO. Flusso netto: 0.5700000000000003, Demand: 0.57, percentage: 100.00000000000007
Sink 5 SODDISFATTO. Flusso netto: 0.6600000000000001, Demand: 0.66, percentage: 100.00000000000003
Sink 11 SODDISFATTO. Flusso netto: 1.03, Demand: 1.03, percentage: 100.0
Sink 15 SODDISFATTO. Flusso netto: 0.46, Demand: 0.46, percentage: 100.0
Sink 16 SODDISFATTO. Flusso netto: 8.400000000000002, Demand: 8.4, percentage: 100.00000000000003
Sink 19 SODDISFATTO. Flusso netto: 0.5399999999999991, Demand: 0.54, percentage: 99.99999999999983
Sink 23 SODDISFATTO. Flusso netto: 0.5999999999999999, Demand: 0.6, percentage: 99.99999999999997
Sink 24 SODDISFATTO. Flusso netto: 0.8, Demand: 0.8, percentage: 100.0
Sink 25 SODDISFATTO. Flusso netto: 3.5, Demand: 3.5, percentage: 100.0
Sink 26 SODDISFATTO. Flusso netto: 6.000000000000002, Demand: 6.0, percentage: 100.00000000000003
Sink 28 SODDISFATTO. Flusso netto: 0.4, Demand: 0.4, percentage: 100.0
Sink 30 SODDISFATTO. Flusso netto: 0.9799999999999986, Demand: 0.98, percentage: 99.99999999999987
Sink 31 SODDISFATTO. Flusso netto: 0.4, Demand: 0.4, percentage: 100.0
Sink 32 SODDISFATTO. Flusso netto: 0.9999999999999996, Demand: 1.0, percentage: 99.99999999999996
Sink 34 SODDISFATTO. Flusso netto: 1.74, Demand: 1.74, percentage: 100.0
Sink 35 SODDISFATTO. Flusso netto: 1.3, Demand: 1.3, percentage: 100.0
Sink 37 SODDISFATTO. Flusso netto: 1.0, Demand: 1.0, percentage: 100.0
Sink 39 SODDISFATTO. Flusso netto: 0.4, Demand: 0.4, percentage: 100.0
Sink 40 SODDISFATTO. Flusso netto: 0.5, Demand: 0.5, percentage: 100.0
Sink 41 SODDISFATTO. Flusso netto: 1.06, Demand: 1.06, percentage: 100.0
Sink 42 SODDISFATTO. Flusso netto: 2.8199999999999994, Demand: 2.82, percentage: 99.99999999999999
Sink 45 SODDISFATTO. Flusso netto: 0.68, Demand: 0.68, percentage: 100.0
Sink 46 SODDISFATTO. Flusso netto: 1.17, Demand: 1.17, percentage: 100.0
Sink 49 non è soddisfatto. Flusso netto: 6.6499999999999995, Demand: 7.0, percentage: 95.0
Flusso totale entrante nei SINK: 92.61000000000001
Flusso totale uscente nei SINK: 46.52
Flusso totale netto nei SINK: 46.09000000000001
Total DEMAND dei SINK: 46.44
Percentual di flusso ai SINK: 0.9924633936261846
Numero di Sink soddisfatti: 24.0, numero totale di sink: 25.0
Percentuale di Sink soddisfatti: 0.96

---------------------------------- DAY 334

Update Fixed Elements from Intrinsic Faults
Update Fixed Elements from Heavy Faults
Update Fixed Elements from Attack
Propagate Intrinsic Fault
Propagate Heavy Faults
Propagate Attacks
Inject Intrinsic Failure To Source
Inject Heavy Fault To Sources
Inject Attack Multiple To Source
Inject Intrinsic Fault To Pipeline
Inject Heavy Fault To Pipeline
Inject Attack To Pipeline
----------- Statistics ------------
	Sources Under Attack: 0
	Sources with Heavy Fault: 0
	Sources with Intrinsic Fault: 0
	Arcs with reduce capacity due to Attack: 0
	Arcs with reduce capacity due to Heavy Fault: 0
	Arcs with reduce capacity due to Intrinsic Fault: 0
	Arcs with Attacks: 0
	Arcs with Heavy Fault: 0
	Arcs with Intrinsic Fault: 0
--------- SOURCES STATISTICS ---------------
Demand del real Source[0]: -31.0, flusso erogato: 10.129999999999997, flusso entrante: 0.0, efficienza: 32.6774193548387 %
Demand del real Source[8]: -10.5, flusso erogato: 3.8600000000000003, flusso entrante: 0.0, efficienza: 36.76190476190476 %
Demand del real Source[9]: -7.1, flusso erogato: 16.229999999999997, flusso entrante: 9.129999999999997, efficienza: 228.59154929577463 %
Demand del real Source[17]: -25.0, flusso erogato: 25.000000000000007, flusso entrante: 0.0, efficienza: 100.00000000000003 %
Flusso totale entrante nei Real Source: 9.129999999999997
Flusso totale uscente dai Real Source: 55.220000000000006
Flusso netto sui real Source: -46.09000000000001
--- SINKS STATISTICS ---
Sink 3 SODDISFATTO. Flusso netto: 3.43, Demand: 3.43, percentage: 100.0
Sink 4 SODDISFATTO. Flusso netto: 0.5700000000000003, Demand: 0.57, percentage: 100.00000000000007
Sink 5 SODDISFATTO. Flusso netto: 0.6600000000000001, Demand: 0.66, percentage: 100.00000000000003
Sink 11 SODDISFATTO. Flusso netto: 1.03, Demand: 1.03, percentage: 100.0
Sink 15 SODDISFATTO. Flusso netto: 0.46, Demand: 0.46, percentage: 100.0
Sink 16 SODDISFATTO. Flusso netto: 8.400000000000002, Demand: 8.4, percentage: 100.00000000000003
Sink 19 SODDISFATTO. Flusso netto: 0.5399999999999991, Demand: 0.54, percentage: 99.99999999999983
Sink 23 SODDISFATTO. Flusso netto: 0.5999999999999999, Demand: 0.6, percentage: 99.99999999999997
Sink 24 SODDISFATTO. Flusso netto: 0.8, Demand: 0.8, percentage: 100.0
Sink 25 SODDISFATTO. Flusso netto: 3.5, Demand: 3.5, percentage: 100.0
Sink 26 SODDISFATTO. Flusso netto: 6.000000000000002, Demand: 6.0, percentage: 100.00000000000003
Sink 28 SODDISFATTO. Flusso netto: 0.4, Demand: 0.4, percentage: 100.0
Sink 30 SODDISFATTO. Flusso netto: 0.9799999999999986, Demand: 0.98, percentage: 99.99999999999987
Sink 31 SODDISFATTO. Flusso netto: 0.4, Demand: 0.4, percentage: 100.0
Sink 32 SODDISFATTO. Flusso netto: 0.9999999999999996, Demand: 1.0, percentage: 99.99999999999996
Sink 34 SODDISFATTO. Flusso netto: 1.74, Demand: 1.74, percentage: 100.0
Sink 35 SODDISFATTO. Flusso netto: 1.3, Demand: 1.3, percentage: 100.0
Sink 37 SODDISFATTO. Flusso netto: 1.0, Demand: 1.0, percentage: 100.0
Sink 39 SODDISFATTO. Flusso netto: 0.4, Demand: 0.4, percentage: 100.0
Sink 40 SODDISFATTO. Flusso netto: 0.5, Demand: 0.5, percentage: 100.0
Sink 41 SODDISFATTO. Flusso netto: 1.06, Demand: 1.06, percentage: 100.0
Sink 42 SODDISFATTO. Flusso netto: 2.8199999999999994, Demand: 2.82, percentage: 99.99999999999999
Sink 45 SODDISFATTO. Flusso netto: 0.68, Demand: 0.68, percentage: 100.0
Sink 46 SODDISFATTO. Flusso netto: 1.17, Demand: 1.17, percentage: 100.0
Sink 49 non è soddisfatto. Flusso netto: 6.6499999999999995, Demand: 7.0, percentage: 95.0
Flusso totale entrante nei SINK: 92.61000000000001
Flusso totale uscente nei SINK: 46.52
Flusso totale netto nei SINK: 46.09000000000001
Total DEMAND dei SINK: 46.44
Percentual di flusso ai SINK: 0.9924633936261846
Numero di Sink soddisfatti: 24.0, numero totale di sink: 25.0
Percentuale di Sink soddisfatti: 0.96

---------------------------------- DAY 335

Update Fixed Elements from Intrinsic Faults
Update Fixed Elements from Heavy Faults
Update Fixed Elements from Attack
Propagate Intrinsic Fault
Propagate Heavy Faults
Propagate Attacks
Inject Intrinsic Failure To Source
Inject Heavy Fault To Sources
Inject Attack Multiple To Source
Inject Intrinsic Fault To Pipeline
Inject Heavy Fault To Pipeline
Inject Attack To Pipeline
----------- Statistics ------------
	Sources Under Attack: 0
	Sources with Heavy Fault: 0
	Sources with Intrinsic Fault: 0
	Arcs with reduce capacity due to Attack: 0
	Arcs with reduce capacity due to Heavy Fault: 0
	Arcs with reduce capacity due to Intrinsic Fault: 0
	Arcs with Attacks: 0
	Arcs with Heavy Fault: 0
	Arcs with Intrinsic Fault: 0
--------- SOURCES STATISTICS ---------------
Demand del real Source[0]: -31.0, flusso erogato: 10.129999999999997, flusso entrante: 0.0, efficienza: 32.6774193548387 %
Demand del real Source[8]: -10.5, flusso erogato: 3.8600000000000003, flusso entrante: 0.0, efficienza: 36.76190476190476 %
Demand del real Source[9]: -7.1, flusso erogato: 16.229999999999997, flusso entrante: 9.129999999999997, efficienza: 228.59154929577463 %
Demand del real Source[17]: -25.0, flusso erogato: 25.000000000000007, flusso entrante: 0.0, efficienza: 100.00000000000003 %
Flusso totale entrante nei Real Source: 9.129999999999997
Flusso totale uscente dai Real Source: 55.220000000000006
Flusso netto sui real Source: -46.09000000000001
--- SINKS STATISTICS ---
Sink 3 SODDISFATTO. Flusso netto: 3.43, Demand: 3.43, percentage: 100.0
Sink 4 SODDISFATTO. Flusso netto: 0.5700000000000003, Demand: 0.57, percentage: 100.00000000000007
Sink 5 SODDISFATTO. Flusso netto: 0.6600000000000001, Demand: 0.66, percentage: 100.00000000000003
Sink 11 SODDISFATTO. Flusso netto: 1.03, Demand: 1.03, percentage: 100.0
Sink 15 SODDISFATTO. Flusso netto: 0.46, Demand: 0.46, percentage: 100.0
Sink 16 SODDISFATTO. Flusso netto: 8.400000000000002, Demand: 8.4, percentage: 100.00000000000003
Sink 19 SODDISFATTO. Flusso netto: 0.5399999999999991, Demand: 0.54, percentage: 99.99999999999983
Sink 23 SODDISFATTO. Flusso netto: 0.5999999999999999, Demand: 0.6, percentage: 99.99999999999997
Sink 24 SODDISFATTO. Flusso netto: 0.8, Demand: 0.8, percentage: 100.0
Sink 25 SODDISFATTO. Flusso netto: 3.5, Demand: 3.5, percentage: 100.0
Sink 26 SODDISFATTO. Flusso netto: 6.000000000000002, Demand: 6.0, percentage: 100.00000000000003
Sink 28 SODDISFATTO. Flusso netto: 0.4, Demand: 0.4, percentage: 100.0
Sink 30 SODDISFATTO. Flusso netto: 0.9799999999999986, Demand: 0.98, percentage: 99.99999999999987
Sink 31 SODDISFATTO. Flusso netto: 0.4, Demand: 0.4, percentage: 100.0
Sink 32 SODDISFATTO. Flusso netto: 0.9999999999999996, Demand: 1.0, percentage: 99.99999999999996
Sink 34 SODDISFATTO. Flusso netto: 1.74, Demand: 1.74, percentage: 100.0
Sink 35 SODDISFATTO. Flusso netto: 1.3, Demand: 1.3, percentage: 100.0
Sink 37 SODDISFATTO. Flusso netto: 1.0, Demand: 1.0, percentage: 100.0
Sink 39 SODDISFATTO. Flusso netto: 0.4, Demand: 0.4, percentage: 100.0
Sink 40 SODDISFATTO. Flusso netto: 0.5, Demand: 0.5, percentage: 100.0
Sink 41 SODDISFATTO. Flusso netto: 1.06, Demand: 1.06, percentage: 100.0
Sink 42 SODDISFATTO. Flusso netto: 2.8199999999999994, Demand: 2.82, percentage: 99.99999999999999
Sink 45 SODDISFATTO. Flusso netto: 0.68, Demand: 0.68, percentage: 100.0
Sink 46 SODDISFATTO. Flusso netto: 1.17, Demand: 1.17, percentage: 100.0
Sink 49 non è soddisfatto. Flusso netto: 6.6499999999999995, Demand: 7.0, percentage: 95.0
Flusso totale entrante nei SINK: 92.61000000000001
Flusso totale uscente nei SINK: 46.52
Flusso totale netto nei SINK: 46.09000000000001
Total DEMAND dei SINK: 46.44
Percentual di flusso ai SINK: 0.9924633936261846
Numero di Sink soddisfatti: 24.0, numero totale di sink: 25.0
Percentuale di Sink soddisfatti: 0.96

---------------------------------- DAY 336

Update Fixed Elements from Intrinsic Faults
Update Fixed Elements from Heavy Faults
Update Fixed Elements from Attack
Propagate Intrinsic Fault
Propagate Heavy Faults
Propagate Attacks
Inject Intrinsic Failure To Source
Source NODO_11 is failing for an Intrinsic Fault in day: 336
pipeline ARCO_3 has reduced capacity due to NODO_11 Intrinsic fault
pipeline ARCO_90 has reduced capacity due to NODO_11 Intrinsic fault
pipeline ARCO_91 has reduced capacity due to NODO_11 Intrinsic fault
pipeline ARCO_92 has reduced capacity due to NODO_11 Intrinsic fault
pipeline V_EDGE_53_9 has reduced capacity due to NODO_11 Intrinsic fault
pipeline ARCO_20 has reduced capacity due to NODO_11 Intrinsic fault
pipeline ARCO_21 has reduced capacity due to NODO_11 Intrinsic fault
pipeline ARCO_22 has reduced capacity due to NODO_11 Intrinsic fault
pipeline ARCO_73 has reduced capacity due to NODO_11 Intrinsic fault
Inject Heavy Fault To Sources
Inject Attack Multiple To Source
Inject Intrinsic Fault To Pipeline
Inject Heavy Fault To Pipeline
Inject Attack To Pipeline
----------- Statistics ------------
	Sources Under Attack: 0
	Sources with Heavy Fault: 0
	Sources with Intrinsic Fault: 1
	Arcs with reduce capacity due to Attack: 0
	Arcs with reduce capacity due to Heavy Fault: 0
	Arcs with reduce capacity due to Intrinsic Fault: 9
	Arcs with Attacks: 0
	Arcs with Heavy Fault: 0
	Arcs with Intrinsic Fault: 0
--------- SOURCES STATISTICS ---------------
Demand del real Source[0]: -31.0, flusso erogato: 11.397999999999998, flusso entrante: 0.0, efficienza: 36.76774193548387 %
Demand del real Source[8]: -10.5, flusso erogato: 3.8600000000000003, flusso entrante: 0.0, efficienza: 36.76190476190476 %
Demand del real Source[9]: -7.1, flusso erogato: 16.077999999999996, flusso entrante: 10.397999999999998, efficienza: 226.45070422535207 %
Demand del real Source[17]: -25.0, flusso erogato: 25.000000000000007, flusso entrante: 0.0, efficienza: 100.00000000000003 %
Flusso totale entrante nei Real Source: 10.397999999999998
Flusso totale uscente dai Real Source: 56.336000000000006
Flusso netto sui real Source: -45.93800000000001
--- SINKS STATISTICS ---
Sink 3 SODDISFATTO. Flusso netto: 3.43, Demand: 3.43, percentage: 100.0
Sink 4 SODDISFATTO. Flusso netto: 0.5700000000000003, Demand: 0.57, percentage: 100.00000000000007
Sink 5 SODDISFATTO. Flusso netto: 0.6600000000000001, Demand: 0.66, percentage: 100.00000000000003
Sink 11 SODDISFATTO. Flusso netto: 1.03, Demand: 1.03, percentage: 100.0
Sink 15 SODDISFATTO. Flusso netto: 0.46, Demand: 0.46, percentage: 100.0
Sink 16 SODDISFATTO. Flusso netto: 8.400000000000002, Demand: 8.4, percentage: 100.00000000000003
Sink 19 SODDISFATTO. Flusso netto: 0.5399999999999991, Demand: 0.54, percentage: 99.99999999999983
Sink 23 SODDISFATTO. Flusso netto: 0.5999999999999999, Demand: 0.6, percentage: 99.99999999999997
Sink 24 SODDISFATTO. Flusso netto: 0.8, Demand: 0.8, percentage: 100.0
Sink 25 SODDISFATTO. Flusso netto: 3.5, Demand: 3.5, percentage: 100.0
Sink 26 SODDISFATTO. Flusso netto: 6.000000000000002, Demand: 6.0, percentage: 100.00000000000003
Sink 28 SODDISFATTO. Flusso netto: 0.4, Demand: 0.4, percentage: 100.0
Sink 30 SODDISFATTO. Flusso netto: 0.9799999999999986, Demand: 0.98, percentage: 99.99999999999987
Sink 31 SODDISFATTO. Flusso netto: 0.4, Demand: 0.4, percentage: 100.0
Sink 32 SODDISFATTO. Flusso netto: 0.9999999999999996, Demand: 1.0, percentage: 99.99999999999996
Sink 34 SODDISFATTO. Flusso netto: 1.74, Demand: 1.74, percentage: 100.0
Sink 35 SODDISFATTO. Flusso netto: 1.3, Demand: 1.3, percentage: 100.0
Sink 37 SODDISFATTO. Flusso netto: 1.0, Demand: 1.0, percentage: 100.0
Sink 39 SODDISFATTO. Flusso netto: 0.4, Demand: 0.4, percentage: 100.0
Sink 40 SODDISFATTO. Flusso netto: 0.5, Demand: 0.5, percentage: 100.0
Sink 41 SODDISFATTO. Flusso netto: 1.0599999999999996, Demand: 1.06, percentage: 99.99999999999996
Sink 42 SODDISFATTO. Flusso netto: 2.8200000000000003, Demand: 2.82, percentage: 100.00000000000003
Sink 45 SODDISFATTO. Flusso netto: 0.68, Demand: 0.68, percentage: 100.0
Sink 46 SODDISFATTO. Flusso netto: 1.17, Demand: 1.17, percentage: 100.0
Sink 49 non è soddisfatto. Flusso netto: 6.497999999999999, Demand: 7.0, percentage: 92.82857142857142
Flusso totale entrante nei SINK: 95.24200000000002
Flusso totale uscente nei SINK: 49.304
Flusso totale netto nei SINK: 45.93800000000002
Total DEMAND dei SINK: 46.44
Percentual di flusso ai SINK: 0.989190353143842
Numero di Sink soddisfatti: 24.0, numero totale di sink: 25.0
Percentuale di Sink soddisfatti: 0.96

---------------------------------- DAY 337

Update Fixed Elements from Intrinsic Faults
Update Fixed Elements from Heavy Faults
Update Fixed Elements from Attack
Propagate Intrinsic Fault
Node NODO_11 has still failing due to Intrinsic Fault
pipeline ARCO_3 still has reduced capacity: 9.688 due to Intrinsic Fault
pipeline ARCO_90 still has reduced capacity: 1.6 due to Intrinsic Fault
pipeline ARCO_91 still has reduced capacity: 9.688 due to Intrinsic Fault
pipeline ARCO_92 still has reduced capacity: 39.328 due to Intrinsic Fault
pipeline V_EDGE_53_9 still has reduced capacity: 5.68 due to Intrinsic Fault
pipeline ARCO_20 still has reduced capacity: 1.6 due to Intrinsic Fault
pipeline ARCO_21 still has reduced capacity: 9.688 due to Intrinsic Fault
pipeline ARCO_22 still has reduced capacity: 39.328 due to Intrinsic Fault
pipeline ARCO_73 still has reduced capacity: 9.688 due to Intrinsic Fault
Propagate Heavy Faults
Propagate Attacks
Inject Intrinsic Failure To Source
Inject Heavy Fault To Sources
Inject Attack Multiple To Source
Inject Intrinsic Fault To Pipeline
Inject Heavy Fault To Pipeline
Inject Attack To Pipeline
----------- Statistics ------------
	Sources Under Attack: 0
	Sources with Heavy Fault: 0
	Sources with Intrinsic Fault: 1
	Arcs with reduce capacity due to Attack: 0
	Arcs with reduce capacity due to Heavy Fault: 0
	Arcs with reduce capacity due to Intrinsic Fault: 9
	Arcs with Attacks: 0
	Arcs with Heavy Fault: 0
	Arcs with Intrinsic Fault: 0
--------- SOURCES STATISTICS ---------------
Demand del real Source[0]: -31.0, flusso erogato: 11.397999999999998, flusso entrante: 0.0, efficienza: 36.76774193548387 %
Demand del real Source[8]: -10.5, flusso erogato: 3.8600000000000003, flusso entrante: 0.0, efficienza: 36.76190476190476 %
Demand del real Source[9]: -7.1, flusso erogato: 16.077999999999996, flusso entrante: 10.397999999999998, efficienza: 226.45070422535207 %
Demand del real Source[17]: -25.0, flusso erogato: 25.000000000000007, flusso entrante: 0.0, efficienza: 100.00000000000003 %
Flusso totale entrante nei Real Source: 10.397999999999998
Flusso totale uscente dai Real Source: 56.336000000000006
Flusso netto sui real Source: -45.93800000000001
--- SINKS STATISTICS ---
Sink 3 SODDISFATTO. Flusso netto: 3.43, Demand: 3.43, percentage: 100.0
Sink 4 SODDISFATTO. Flusso netto: 0.5700000000000003, Demand: 0.57, percentage: 100.00000000000007
Sink 5 SODDISFATTO. Flusso netto: 0.6600000000000001, Demand: 0.66, percentage: 100.00000000000003
Sink 11 SODDISFATTO. Flusso netto: 1.03, Demand: 1.03, percentage: 100.0
Sink 15 SODDISFATTO. Flusso netto: 0.46, Demand: 0.46, percentage: 100.0
Sink 16 SODDISFATTO. Flusso netto: 8.400000000000002, Demand: 8.4, percentage: 100.00000000000003
Sink 19 SODDISFATTO. Flusso netto: 0.5399999999999991, Demand: 0.54, percentage: 99.99999999999983
Sink 23 SODDISFATTO. Flusso netto: 0.5999999999999999, Demand: 0.6, percentage: 99.99999999999997
Sink 24 SODDISFATTO. Flusso netto: 0.8, Demand: 0.8, percentage: 100.0
Sink 25 SODDISFATTO. Flusso netto: 3.5, Demand: 3.5, percentage: 100.0
Sink 26 SODDISFATTO. Flusso netto: 6.000000000000002, Demand: 6.0, percentage: 100.00000000000003
Sink 28 SODDISFATTO. Flusso netto: 0.4, Demand: 0.4, percentage: 100.0
Sink 30 SODDISFATTO. Flusso netto: 0.9799999999999986, Demand: 0.98, percentage: 99.99999999999987
Sink 31 SODDISFATTO. Flusso netto: 0.4, Demand: 0.4, percentage: 100.0
Sink 32 SODDISFATTO. Flusso netto: 0.9999999999999996, Demand: 1.0, percentage: 99.99999999999996
Sink 34 SODDISFATTO. Flusso netto: 1.74, Demand: 1.74, percentage: 100.0
Sink 35 SODDISFATTO. Flusso netto: 1.3, Demand: 1.3, percentage: 100.0
Sink 37 SODDISFATTO. Flusso netto: 1.0, Demand: 1.0, percentage: 100.0
Sink 39 SODDISFATTO. Flusso netto: 0.4, Demand: 0.4, percentage: 100.0
Sink 40 SODDISFATTO. Flusso netto: 0.5, Demand: 0.5, percentage: 100.0
Sink 41 SODDISFATTO. Flusso netto: 1.0599999999999996, Demand: 1.06, percentage: 99.99999999999996
Sink 42 SODDISFATTO. Flusso netto: 2.8200000000000003, Demand: 2.82, percentage: 100.00000000000003
Sink 45 SODDISFATTO. Flusso netto: 0.68, Demand: 0.68, percentage: 100.0
Sink 46 SODDISFATTO. Flusso netto: 1.17, Demand: 1.17, percentage: 100.0
Sink 49 non è soddisfatto. Flusso netto: 6.497999999999999, Demand: 7.0, percentage: 92.82857142857142
Flusso totale entrante nei SINK: 95.24200000000002
Flusso totale uscente nei SINK: 49.304
Flusso totale netto nei SINK: 45.93800000000002
Total DEMAND dei SINK: 46.44
Percentual di flusso ai SINK: 0.989190353143842
Numero di Sink soddisfatti: 24.0, numero totale di sink: 25.0
Percentuale di Sink soddisfatti: 0.96

---------------------------------- DAY 338

Update Fixed Elements from Intrinsic Faults
Update Fixed Elements from Heavy Faults
Update Fixed Elements from Attack
Propagate Intrinsic Fault
Node NODO_11 has still failing due to Intrinsic Fault
pipeline ARCO_3 still has reduced capacity: 9.688 due to Intrinsic Fault
pipeline ARCO_90 still has reduced capacity: 1.6 due to Intrinsic Fault
pipeline ARCO_91 still has reduced capacity: 9.688 due to Intrinsic Fault
pipeline ARCO_92 still has reduced capacity: 39.328 due to Intrinsic Fault
pipeline V_EDGE_53_9 still has reduced capacity: 5.68 due to Intrinsic Fault
pipeline ARCO_20 still has reduced capacity: 1.6 due to Intrinsic Fault
pipeline ARCO_21 still has reduced capacity: 9.688 due to Intrinsic Fault
pipeline ARCO_22 still has reduced capacity: 39.328 due to Intrinsic Fault
pipeline ARCO_73 still has reduced capacity: 9.688 due to Intrinsic Fault
Propagate Heavy Faults
Propagate Attacks
Inject Intrinsic Failure To Source
Source NODO_2 is failing for an Intrinsic Fault in day: 338
pipeline ARCO_70 has reduced capacity due to NODO_2 Intrinsic fault
pipeline V_EDGE_53_0 has reduced capacity due to NODO_2 Intrinsic fault
pipeline ARCO_0 has reduced capacity due to NODO_2 Intrinsic fault
Inject Heavy Fault To Sources
Inject Attack Multiple To Source
Inject Intrinsic Fault To Pipeline
Inject Heavy Fault To Pipeline
Inject Attack To Pipeline
----------- Statistics ------------
	Sources Under Attack: 0
	Sources with Heavy Fault: 0
	Sources with Intrinsic Fault: 2
	Arcs with reduce capacity due to Attack: 0
	Arcs with reduce capacity due to Heavy Fault: 0
	Arcs with reduce capacity due to Intrinsic Fault: 12
	Arcs with Attacks: 0
	Arcs with Heavy Fault: 0
	Arcs with Intrinsic Fault: 0
--------- SOURCES STATISTICS ---------------
Demand del real Source[0]: -31.0, flusso erogato: 11.397999999999998, flusso entrante: 0.0, efficienza: 36.76774193548387 %
Demand del real Source[8]: -10.5, flusso erogato: 3.8600000000000003, flusso entrante: 0.0, efficienza: 36.76190476190476 %
Demand del real Source[9]: -7.1, flusso erogato: 16.077999999999996, flusso entrante: 10.397999999999998, efficienza: 226.45070422535207 %
Demand del real Source[17]: -25.0, flusso erogato: 25.000000000000007, flusso entrante: 0.0, efficienza: 100.00000000000003 %
Flusso totale entrante nei Real Source: 10.397999999999998
Flusso totale uscente dai Real Source: 56.336000000000006
Flusso netto sui real Source: -45.93800000000001
--- SINKS STATISTICS ---
Sink 3 SODDISFATTO. Flusso netto: 3.43, Demand: 3.43, percentage: 100.0
Sink 4 SODDISFATTO. Flusso netto: 0.5700000000000003, Demand: 0.57, percentage: 100.00000000000007
Sink 5 SODDISFATTO. Flusso netto: 0.6600000000000001, Demand: 0.66, percentage: 100.00000000000003
Sink 11 SODDISFATTO. Flusso netto: 1.03, Demand: 1.03, percentage: 100.0
Sink 15 SODDISFATTO. Flusso netto: 0.46, Demand: 0.46, percentage: 100.0
Sink 16 SODDISFATTO. Flusso netto: 8.400000000000002, Demand: 8.4, percentage: 100.00000000000003
Sink 19 SODDISFATTO. Flusso netto: 0.5399999999999991, Demand: 0.54, percentage: 99.99999999999983
Sink 23 SODDISFATTO. Flusso netto: 0.5999999999999999, Demand: 0.6, percentage: 99.99999999999997
Sink 24 SODDISFATTO. Flusso netto: 0.8, Demand: 0.8, percentage: 100.0
Sink 25 SODDISFATTO. Flusso netto: 3.5, Demand: 3.5, percentage: 100.0
Sink 26 SODDISFATTO. Flusso netto: 6.000000000000002, Demand: 6.0, percentage: 100.00000000000003
Sink 28 SODDISFATTO. Flusso netto: 0.4, Demand: 0.4, percentage: 100.0
Sink 30 SODDISFATTO. Flusso netto: 0.9799999999999986, Demand: 0.98, percentage: 99.99999999999987
Sink 31 SODDISFATTO. Flusso netto: 0.4, Demand: 0.4, percentage: 100.0
Sink 32 SODDISFATTO. Flusso netto: 0.9999999999999996, Demand: 1.0, percentage: 99.99999999999996
Sink 34 SODDISFATTO. Flusso netto: 1.74, Demand: 1.74, percentage: 100.0
Sink 35 SODDISFATTO. Flusso netto: 1.3, Demand: 1.3, percentage: 100.0
Sink 37 SODDISFATTO. Flusso netto: 1.0, Demand: 1.0, percentage: 100.0
Sink 39 SODDISFATTO. Flusso netto: 0.4, Demand: 0.4, percentage: 100.0
Sink 40 SODDISFATTO. Flusso netto: 0.5, Demand: 0.5, percentage: 100.0
Sink 41 SODDISFATTO. Flusso netto: 1.0599999999999996, Demand: 1.06, percentage: 99.99999999999996
Sink 42 SODDISFATTO. Flusso netto: 2.8200000000000003, Demand: 2.82, percentage: 100.00000000000003
Sink 45 SODDISFATTO. Flusso netto: 0.68, Demand: 0.68, percentage: 100.0
Sink 46 SODDISFATTO. Flusso netto: 1.17, Demand: 1.17, percentage: 100.0
Sink 49 non è soddisfatto. Flusso netto: 6.497999999999999, Demand: 7.0, percentage: 92.82857142857142
Flusso totale entrante nei SINK: 95.24200000000002
Flusso totale uscente nei SINK: 49.304
Flusso totale netto nei SINK: 45.93800000000002
Total DEMAND dei SINK: 46.44
Percentual di flusso ai SINK: 0.989190353143842
Numero di Sink soddisfatti: 24.0, numero totale di sink: 25.0
Percentuale di Sink soddisfatti: 0.96

---------------------------------- DAY 339

Update Fixed Elements from Intrinsic Faults
Source NODO_11 fixed from Intrinsic Fault
Pipeline ARCO_3 fixed due to Source NODO_11 fixing from Intrinsic Fault
Pipeline ARCO_90 fixed due to Source NODO_11 fixing from Intrinsic Fault
Pipeline ARCO_91 fixed due to Source NODO_11 fixing from Intrinsic Fault
Pipeline ARCO_92 fixed due to Source NODO_11 fixing from Intrinsic Fault
Pipeline V_EDGE_53_9 fixed due to Source NODO_11 fixing from Intrinsic Fault
Pipeline ARCO_20 fixed due to Source NODO_11 fixing from Intrinsic Fault
Pipeline ARCO_21 fixed due to Source NODO_11 fixing from Intrinsic Fault
Pipeline ARCO_22 fixed due to Source NODO_11 fixing from Intrinsic Fault
Pipeline ARCO_73 fixed due to Source NODO_11 fixing from Intrinsic Fault
Update Fixed Elements from Heavy Faults
Update Fixed Elements from Attack
Propagate Intrinsic Fault
Node NODO_2 has still failing due to Intrinsic Fault
pipeline ARCO_70 still has reduced capacity: 24.8 due to Intrinsic Fault
pipeline V_EDGE_53_0 still has reduced capacity: 24.8 due to Intrinsic Fault
pipeline ARCO_0 still has reduced capacity: 24.8 due to Intrinsic Fault
Propagate Heavy Faults
Propagate Attacks
Inject Intrinsic Failure To Source
Inject Heavy Fault To Sources
Inject Attack Multiple To Source
Inject Intrinsic Fault To Pipeline
Inject Heavy Fault To Pipeline
Inject Attack To Pipeline
----------- Statistics ------------
	Sources Under Attack: 0
	Sources with Heavy Fault: 0
	Sources with Intrinsic Fault: 1
	Arcs with reduce capacity due to Attack: 0
	Arcs with reduce capacity due to Heavy Fault: 0
	Arcs with reduce capacity due to Intrinsic Fault: 3
	Arcs with Attacks: 0
	Arcs with Heavy Fault: 0
	Arcs with Intrinsic Fault: 0
--------- SOURCES STATISTICS ---------------
Demand del real Source[0]: -31.0, flusso erogato: 10.129999999999997, flusso entrante: 0.0, efficienza: 32.6774193548387 %
Demand del real Source[8]: -10.5, flusso erogato: 3.8600000000000003, flusso entrante: 0.0, efficienza: 36.76190476190476 %
Demand del real Source[9]: -7.1, flusso erogato: 16.229999999999997, flusso entrante: 9.129999999999997, efficienza: 228.59154929577463 %
Demand del real Source[17]: -25.0, flusso erogato: 25.000000000000007, flusso entrante: 0.0, efficienza: 100.00000000000003 %
Flusso totale entrante nei Real Source: 9.129999999999997
Flusso totale uscente dai Real Source: 55.220000000000006
Flusso netto sui real Source: -46.09000000000001
--- SINKS STATISTICS ---
Sink 3 SODDISFATTO. Flusso netto: 3.43, Demand: 3.43, percentage: 100.0
Sink 4 SODDISFATTO. Flusso netto: 0.5700000000000003, Demand: 0.57, percentage: 100.00000000000007
Sink 5 SODDISFATTO. Flusso netto: 0.6600000000000001, Demand: 0.66, percentage: 100.00000000000003
Sink 11 SODDISFATTO. Flusso netto: 1.03, Demand: 1.03, percentage: 100.0
Sink 15 SODDISFATTO. Flusso netto: 0.46, Demand: 0.46, percentage: 100.0
Sink 16 SODDISFATTO. Flusso netto: 8.400000000000002, Demand: 8.4, percentage: 100.00000000000003
Sink 19 SODDISFATTO. Flusso netto: 0.5399999999999991, Demand: 0.54, percentage: 99.99999999999983
Sink 23 SODDISFATTO. Flusso netto: 0.5999999999999999, Demand: 0.6, percentage: 99.99999999999997
Sink 24 SODDISFATTO. Flusso netto: 0.8, Demand: 0.8, percentage: 100.0
Sink 25 SODDISFATTO. Flusso netto: 3.5, Demand: 3.5, percentage: 100.0
Sink 26 SODDISFATTO. Flusso netto: 6.000000000000002, Demand: 6.0, percentage: 100.00000000000003
Sink 28 SODDISFATTO. Flusso netto: 0.4, Demand: 0.4, percentage: 100.0
Sink 30 SODDISFATTO. Flusso netto: 0.9799999999999986, Demand: 0.98, percentage: 99.99999999999987
Sink 31 SODDISFATTO. Flusso netto: 0.4, Demand: 0.4, percentage: 100.0
Sink 32 SODDISFATTO. Flusso netto: 0.9999999999999996, Demand: 1.0, percentage: 99.99999999999996
Sink 34 SODDISFATTO. Flusso netto: 1.74, Demand: 1.74, percentage: 100.0
Sink 35 SODDISFATTO. Flusso netto: 1.3, Demand: 1.3, percentage: 100.0
Sink 37 SODDISFATTO. Flusso netto: 1.0, Demand: 1.0, percentage: 100.0
Sink 39 SODDISFATTO. Flusso netto: 0.4, Demand: 0.4, percentage: 100.0
Sink 40 SODDISFATTO. Flusso netto: 0.5, Demand: 0.5, percentage: 100.0
Sink 41 SODDISFATTO. Flusso netto: 1.06, Demand: 1.06, percentage: 100.0
Sink 42 SODDISFATTO. Flusso netto: 2.8199999999999994, Demand: 2.82, percentage: 99.99999999999999
Sink 45 SODDISFATTO. Flusso netto: 0.68, Demand: 0.68, percentage: 100.0
Sink 46 SODDISFATTO. Flusso netto: 1.17, Demand: 1.17, percentage: 100.0
Sink 49 non è soddisfatto. Flusso netto: 6.6499999999999995, Demand: 7.0, percentage: 95.0
Flusso totale entrante nei SINK: 92.61000000000001
Flusso totale uscente nei SINK: 46.52
Flusso totale netto nei SINK: 46.09000000000001
Total DEMAND dei SINK: 46.44
Percentual di flusso ai SINK: 0.9924633936261846
Numero di Sink soddisfatti: 24.0, numero totale di sink: 25.0
Percentuale di Sink soddisfatti: 0.96

---------------------------------- DAY 340

Update Fixed Elements from Intrinsic Faults
Update Fixed Elements from Heavy Faults
Update Fixed Elements from Attack
Propagate Intrinsic Fault
Node NODO_2 has still failing due to Intrinsic Fault
pipeline ARCO_70 still has reduced capacity: 24.8 due to Intrinsic Fault
pipeline V_EDGE_53_0 still has reduced capacity: 24.8 due to Intrinsic Fault
pipeline ARCO_0 still has reduced capacity: 24.8 due to Intrinsic Fault
Propagate Heavy Faults
Propagate Attacks
Inject Intrinsic Failure To Source
Inject Heavy Fault To Sources
Inject Attack Multiple To Source
Inject Intrinsic Fault To Pipeline
Inject Heavy Fault To Pipeline
Inject Attack To Pipeline
----------- Statistics ------------
	Sources Under Attack: 0
	Sources with Heavy Fault: 0
	Sources with Intrinsic Fault: 1
	Arcs with reduce capacity due to Attack: 0
	Arcs with reduce capacity due to Heavy Fault: 0
	Arcs with reduce capacity due to Intrinsic Fault: 3
	Arcs with Attacks: 0
	Arcs with Heavy Fault: 0
	Arcs with Intrinsic Fault: 0
--------- SOURCES STATISTICS ---------------
Demand del real Source[0]: -31.0, flusso erogato: 10.129999999999997, flusso entrante: 0.0, efficienza: 32.6774193548387 %
Demand del real Source[8]: -10.5, flusso erogato: 3.8600000000000003, flusso entrante: 0.0, efficienza: 36.76190476190476 %
Demand del real Source[9]: -7.1, flusso erogato: 16.229999999999997, flusso entrante: 9.129999999999997, efficienza: 228.59154929577463 %
Demand del real Source[17]: -25.0, flusso erogato: 25.000000000000007, flusso entrante: 0.0, efficienza: 100.00000000000003 %
Flusso totale entrante nei Real Source: 9.129999999999997
Flusso totale uscente dai Real Source: 55.220000000000006
Flusso netto sui real Source: -46.09000000000001
--- SINKS STATISTICS ---
Sink 3 SODDISFATTO. Flusso netto: 3.43, Demand: 3.43, percentage: 100.0
Sink 4 SODDISFATTO. Flusso netto: 0.5700000000000003, Demand: 0.57, percentage: 100.00000000000007
Sink 5 SODDISFATTO. Flusso netto: 0.6600000000000001, Demand: 0.66, percentage: 100.00000000000003
Sink 11 SODDISFATTO. Flusso netto: 1.03, Demand: 1.03, percentage: 100.0
Sink 15 SODDISFATTO. Flusso netto: 0.46, Demand: 0.46, percentage: 100.0
Sink 16 SODDISFATTO. Flusso netto: 8.400000000000002, Demand: 8.4, percentage: 100.00000000000003
Sink 19 SODDISFATTO. Flusso netto: 0.5399999999999991, Demand: 0.54, percentage: 99.99999999999983
Sink 23 SODDISFATTO. Flusso netto: 0.5999999999999999, Demand: 0.6, percentage: 99.99999999999997
Sink 24 SODDISFATTO. Flusso netto: 0.8, Demand: 0.8, percentage: 100.0
Sink 25 SODDISFATTO. Flusso netto: 3.5, Demand: 3.5, percentage: 100.0
Sink 26 SODDISFATTO. Flusso netto: 6.000000000000002, Demand: 6.0, percentage: 100.00000000000003
Sink 28 SODDISFATTO. Flusso netto: 0.4, Demand: 0.4, percentage: 100.0
Sink 30 SODDISFATTO. Flusso netto: 0.9799999999999986, Demand: 0.98, percentage: 99.99999999999987
Sink 31 SODDISFATTO. Flusso netto: 0.4, Demand: 0.4, percentage: 100.0
Sink 32 SODDISFATTO. Flusso netto: 0.9999999999999996, Demand: 1.0, percentage: 99.99999999999996
Sink 34 SODDISFATTO. Flusso netto: 1.74, Demand: 1.74, percentage: 100.0
Sink 35 SODDISFATTO. Flusso netto: 1.3, Demand: 1.3, percentage: 100.0
Sink 37 SODDISFATTO. Flusso netto: 1.0, Demand: 1.0, percentage: 100.0
Sink 39 SODDISFATTO. Flusso netto: 0.4, Demand: 0.4, percentage: 100.0
Sink 40 SODDISFATTO. Flusso netto: 0.5, Demand: 0.5, percentage: 100.0
Sink 41 SODDISFATTO. Flusso netto: 1.06, Demand: 1.06, percentage: 100.0
Sink 42 SODDISFATTO. Flusso netto: 2.8199999999999994, Demand: 2.82, percentage: 99.99999999999999
Sink 45 SODDISFATTO. Flusso netto: 0.68, Demand: 0.68, percentage: 100.0
Sink 46 SODDISFATTO. Flusso netto: 1.17, Demand: 1.17, percentage: 100.0
Sink 49 non è soddisfatto. Flusso netto: 6.6499999999999995, Demand: 7.0, percentage: 95.0
Flusso totale entrante nei SINK: 92.61000000000001
Flusso totale uscente nei SINK: 46.52
Flusso totale netto nei SINK: 46.09000000000001
Total DEMAND dei SINK: 46.44
Percentual di flusso ai SINK: 0.9924633936261846
Numero di Sink soddisfatti: 24.0, numero totale di sink: 25.0
Percentuale di Sink soddisfatti: 0.96

---------------------------------- DAY 341

Update Fixed Elements from Intrinsic Faults
Source NODO_2 fixed from Intrinsic Fault
Pipeline ARCO_70 fixed due to Source NODO_2 fixing from Intrinsic Fault
Pipeline V_EDGE_53_0 fixed due to Source NODO_2 fixing from Intrinsic Fault
Pipeline ARCO_0 fixed due to Source NODO_2 fixing from Intrinsic Fault
Update Fixed Elements from Heavy Faults
Update Fixed Elements from Attack
Propagate Intrinsic Fault
Propagate Heavy Faults
Propagate Attacks
Inject Intrinsic Failure To Source
Source NODO_2 is failing for an Intrinsic Fault in day: 341
pipeline ARCO_70 has reduced capacity due to NODO_2 Intrinsic fault
pipeline V_EDGE_53_0 has reduced capacity due to NODO_2 Intrinsic fault
pipeline ARCO_0 has reduced capacity due to NODO_2 Intrinsic fault
Inject Heavy Fault To Sources
Inject Attack Multiple To Source
Inject Intrinsic Fault To Pipeline
Inject Heavy Fault To Pipeline
Inject Attack To Pipeline
----------- Statistics ------------
	Sources Under Attack: 0
	Sources with Heavy Fault: 0
	Sources with Intrinsic Fault: 1
	Arcs with reduce capacity due to Attack: 0
	Arcs with reduce capacity due to Heavy Fault: 0
	Arcs with reduce capacity due to Intrinsic Fault: 3
	Arcs with Attacks: 0
	Arcs with Heavy Fault: 0
	Arcs with Intrinsic Fault: 0
--------- SOURCES STATISTICS ---------------
Demand del real Source[0]: -31.0, flusso erogato: 10.129999999999997, flusso entrante: 0.0, efficienza: 32.6774193548387 %
Demand del real Source[8]: -10.5, flusso erogato: 3.8600000000000003, flusso entrante: 0.0, efficienza: 36.76190476190476 %
Demand del real Source[9]: -7.1, flusso erogato: 16.229999999999997, flusso entrante: 9.129999999999997, efficienza: 228.59154929577463 %
Demand del real Source[17]: -25.0, flusso erogato: 25.000000000000007, flusso entrante: 0.0, efficienza: 100.00000000000003 %
Flusso totale entrante nei Real Source: 9.129999999999997
Flusso totale uscente dai Real Source: 55.220000000000006
Flusso netto sui real Source: -46.09000000000001
--- SINKS STATISTICS ---
Sink 3 SODDISFATTO. Flusso netto: 3.43, Demand: 3.43, percentage: 100.0
Sink 4 SODDISFATTO. Flusso netto: 0.5700000000000003, Demand: 0.57, percentage: 100.00000000000007
Sink 5 SODDISFATTO. Flusso netto: 0.6600000000000001, Demand: 0.66, percentage: 100.00000000000003
Sink 11 SODDISFATTO. Flusso netto: 1.03, Demand: 1.03, percentage: 100.0
Sink 15 SODDISFATTO. Flusso netto: 0.46, Demand: 0.46, percentage: 100.0
Sink 16 SODDISFATTO. Flusso netto: 8.400000000000002, Demand: 8.4, percentage: 100.00000000000003
Sink 19 SODDISFATTO. Flusso netto: 0.5399999999999991, Demand: 0.54, percentage: 99.99999999999983
Sink 23 SODDISFATTO. Flusso netto: 0.5999999999999999, Demand: 0.6, percentage: 99.99999999999997
Sink 24 SODDISFATTO. Flusso netto: 0.8, Demand: 0.8, percentage: 100.0
Sink 25 SODDISFATTO. Flusso netto: 3.5, Demand: 3.5, percentage: 100.0
Sink 26 SODDISFATTO. Flusso netto: 6.000000000000002, Demand: 6.0, percentage: 100.00000000000003
Sink 28 SODDISFATTO. Flusso netto: 0.4, Demand: 0.4, percentage: 100.0
Sink 30 SODDISFATTO. Flusso netto: 0.9799999999999986, Demand: 0.98, percentage: 99.99999999999987
Sink 31 SODDISFATTO. Flusso netto: 0.4, Demand: 0.4, percentage: 100.0
Sink 32 SODDISFATTO. Flusso netto: 0.9999999999999996, Demand: 1.0, percentage: 99.99999999999996
Sink 34 SODDISFATTO. Flusso netto: 1.74, Demand: 1.74, percentage: 100.0
Sink 35 SODDISFATTO. Flusso netto: 1.3, Demand: 1.3, percentage: 100.0
Sink 37 SODDISFATTO. Flusso netto: 1.0, Demand: 1.0, percentage: 100.0
Sink 39 SODDISFATTO. Flusso netto: 0.4, Demand: 0.4, percentage: 100.0
Sink 40 SODDISFATTO. Flusso netto: 0.5, Demand: 0.5, percentage: 100.0
Sink 41 SODDISFATTO. Flusso netto: 1.06, Demand: 1.06, percentage: 100.0
Sink 42 SODDISFATTO. Flusso netto: 2.8199999999999994, Demand: 2.82, percentage: 99.99999999999999
Sink 45 SODDISFATTO. Flusso netto: 0.68, Demand: 0.68, percentage: 100.0
Sink 46 SODDISFATTO. Flusso netto: 1.17, Demand: 1.17, percentage: 100.0
Sink 49 non è soddisfatto. Flusso netto: 6.6499999999999995, Demand: 7.0, percentage: 95.0
Flusso totale entrante nei SINK: 92.61000000000001
Flusso totale uscente nei SINK: 46.52
Flusso totale netto nei SINK: 46.09000000000001
Total DEMAND dei SINK: 46.44
Percentual di flusso ai SINK: 0.9924633936261846
Numero di Sink soddisfatti: 24.0, numero totale di sink: 25.0
Percentuale di Sink soddisfatti: 0.96

---------------------------------- DAY 342

Update Fixed Elements from Intrinsic Faults
Update Fixed Elements from Heavy Faults
Update Fixed Elements from Attack
Propagate Intrinsic Fault
Node NODO_2 has still failing due to Intrinsic Fault
pipeline ARCO_70 still has reduced capacity: 24.8 due to Intrinsic Fault
pipeline V_EDGE_53_0 still has reduced capacity: 24.8 due to Intrinsic Fault
pipeline ARCO_0 still has reduced capacity: 24.8 due to Intrinsic Fault
Propagate Heavy Faults
Propagate Attacks
Inject Intrinsic Failure To Source
Source NODO_2 is failing for an Intrinsic Fault in day: 342
pipeline ARCO_70 has reduced capacity due to NODO_2 Intrinsic fault
pipeline V_EDGE_53_0 has reduced capacity due to NODO_2 Intrinsic fault
pipeline ARCO_0 has reduced capacity due to NODO_2 Intrinsic fault
Source NODO_10 is failing for an Intrinsic Fault in day: 342
pipeline ARCO_17 has reduced capacity due to NODO_10 Intrinsic fault
pipeline ARCO_88 has reduced capacity due to NODO_10 Intrinsic fault
pipeline ARCO_89 has reduced capacity due to NODO_10 Intrinsic fault
pipeline V_EDGE_53_8 has reduced capacity due to NODO_10 Intrinsic fault
pipeline ARCO_18 has reduced capacity due to NODO_10 Intrinsic fault
pipeline ARCO_19 has reduced capacity due to NODO_10 Intrinsic fault
pipeline ARCO_87 has reduced capacity due to NODO_10 Intrinsic fault
Inject Heavy Fault To Sources
Inject Attack Multiple To Source
Inject Intrinsic Fault To Pipeline
Inject Heavy Fault To Pipeline
Inject Attack To Pipeline
----------- Statistics ------------
	Sources Under Attack: 0
	Sources with Heavy Fault: 0
	Sources with Intrinsic Fault: 2
	Arcs with reduce capacity due to Attack: 0
	Arcs with reduce capacity due to Heavy Fault: 0
	Arcs with reduce capacity due to Intrinsic Fault: 10
	Arcs with Attacks: 0
	Arcs with Heavy Fault: 0
	Arcs with Intrinsic Fault: 0
--------- SOURCES STATISTICS ---------------
Demand del real Source[0]: -31.0, flusso erogato: 11.159999999999998, flusso entrante: 0.0, efficienza: 35.99999999999999 %
Demand del real Source[8]: -10.5, flusso erogato: 0.0, flusso entrante: 0.0, efficienza: 0.0 %
Demand del real Source[9]: -7.1, flusso erogato: 17.259999999999998, flusso entrante: 10.159999999999998, efficienza: 243.09859154929575 %
Demand del real Source[17]: -25.0, flusso erogato: 25.000000000000007, flusso entrante: 0.0, efficienza: 100.00000000000003 %
Flusso totale entrante nei Real Source: 10.159999999999998
Flusso totale uscente dai Real Source: 53.42
Flusso netto sui real Source: -43.260000000000005
--- SINKS STATISTICS ---
Sink 3 SODDISFATTO. Flusso netto: 3.43, Demand: 3.43, percentage: 100.0
Sink 4 SODDISFATTO. Flusso netto: 0.5700000000000003, Demand: 0.57, percentage: 100.00000000000007
Sink 5 SODDISFATTO. Flusso netto: 0.6599999999999997, Demand: 0.66, percentage: 99.99999999999994
Sink 11 SODDISFATTO. Flusso netto: 1.03, Demand: 1.03, percentage: 100.0
Sink 15 SODDISFATTO. Flusso netto: 0.46, Demand: 0.46, percentage: 100.0
Sink 16 SODDISFATTO. Flusso netto: 8.400000000000002, Demand: 8.4, percentage: 100.00000000000003
Sink 19 SODDISFATTO. Flusso netto: 0.5399999999999991, Demand: 0.54, percentage: 99.99999999999983
Sink 23 SODDISFATTO. Flusso netto: 0.5999999999999999, Demand: 0.6, percentage: 99.99999999999997
Sink 24 SODDISFATTO. Flusso netto: 0.8, Demand: 0.8, percentage: 100.0
Sink 25 SODDISFATTO. Flusso netto: 3.5, Demand: 3.5, percentage: 100.0
Sink 26 SODDISFATTO. Flusso netto: 6.000000000000002, Demand: 6.0, percentage: 100.00000000000003
Sink 28 SODDISFATTO. Flusso netto: 0.4, Demand: 0.4, percentage: 100.0
Sink 30 SODDISFATTO. Flusso netto: 0.9799999999999986, Demand: 0.98, percentage: 99.99999999999987
Sink 31 SODDISFATTO. Flusso netto: 0.4, Demand: 0.4, percentage: 100.0
Sink 32 SODDISFATTO. Flusso netto: 0.9999999999999996, Demand: 1.0, percentage: 99.99999999999996
Sink 34 SODDISFATTO. Flusso netto: 1.74, Demand: 1.74, percentage: 100.0
Sink 35 SODDISFATTO. Flusso netto: 1.3, Demand: 1.3, percentage: 100.0
Sink 37 SODDISFATTO. Flusso netto: 1.0, Demand: 1.0, percentage: 100.0
Sink 39 SODDISFATTO. Flusso netto: 0.4, Demand: 0.4, percentage: 100.0
Sink 40 SODDISFATTO. Flusso netto: 0.5, Demand: 0.5, percentage: 100.0
Sink 41 SODDISFATTO. Flusso netto: 1.06, Demand: 1.06, percentage: 100.0
Sink 42 SODDISFATTO. Flusso netto: 2.8199999999999994, Demand: 2.82, percentage: 99.99999999999999
Sink 45 SODDISFATTO. Flusso netto: 0.68, Demand: 0.68, percentage: 100.0
Sink 46 SODDISFATTO. Flusso netto: 1.17, Demand: 1.17, percentage: 100.0
Sink 49 non è soddisfatto. Flusso netto: 3.82, Demand: 7.0, percentage: 54.57142857142857
Flusso totale entrante nei SINK: 89.12
Flusso totale uscente nei SINK: 45.86000000000001
Flusso totale netto nei SINK: 43.26
Total DEMAND dei SINK: 46.44
Percentual di flusso ai SINK: 0.9315245478036176
Numero di Sink soddisfatti: 24.0, numero totale di sink: 25.0
Percentuale di Sink soddisfatti: 0.96

---------------------------------- DAY 343

Update Fixed Elements from Intrinsic Faults
Update Fixed Elements from Heavy Faults
Update Fixed Elements from Attack
Propagate Intrinsic Fault
Node NODO_2 has still failing due to Intrinsic Fault
Node NODO_10 has still failing due to Intrinsic Fault
pipeline ARCO_70 still has reduced capacity: 24.8 due to Intrinsic Fault
pipeline V_EDGE_53_0 still has reduced capacity: 24.8 due to Intrinsic Fault
pipeline ARCO_0 still has reduced capacity: 24.8 due to Intrinsic Fault
pipeline ARCO_17 still has reduced capacity: 0.0 due to Intrinsic Fault
pipeline ARCO_88 still has reduced capacity: 0.0 due to Intrinsic Fault
pipeline ARCO_89 still has reduced capacity: 0.0 due to Intrinsic Fault
pipeline V_EDGE_53_8 still has reduced capacity: 0.0 due to Intrinsic Fault
pipeline ARCO_18 still has reduced capacity: 0.0 due to Intrinsic Fault
pipeline ARCO_19 still has reduced capacity: 0.0 due to Intrinsic Fault
pipeline ARCO_87 still has reduced capacity: 0.0 due to Intrinsic Fault
Propagate Heavy Faults
Propagate Attacks
Inject Intrinsic Failure To Source
Inject Heavy Fault To Sources
Inject Attack Multiple To Source
Inject Intrinsic Fault To Pipeline
Inject Heavy Fault To Pipeline
Inject Attack To Pipeline
----------- Statistics ------------
	Sources Under Attack: 0
	Sources with Heavy Fault: 0
	Sources with Intrinsic Fault: 2
	Arcs with reduce capacity due to Attack: 0
	Arcs with reduce capacity due to Heavy Fault: 0
	Arcs with reduce capacity due to Intrinsic Fault: 10
	Arcs with Attacks: 0
	Arcs with Heavy Fault: 0
	Arcs with Intrinsic Fault: 0
--------- SOURCES STATISTICS ---------------
Demand del real Source[0]: -31.0, flusso erogato: 11.159999999999998, flusso entrante: 0.0, efficienza: 35.99999999999999 %
Demand del real Source[8]: -10.5, flusso erogato: 0.0, flusso entrante: 0.0, efficienza: 0.0 %
Demand del real Source[9]: -7.1, flusso erogato: 17.259999999999998, flusso entrante: 10.159999999999998, efficienza: 243.09859154929575 %
Demand del real Source[17]: -25.0, flusso erogato: 25.000000000000007, flusso entrante: 0.0, efficienza: 100.00000000000003 %
Flusso totale entrante nei Real Source: 10.159999999999998
Flusso totale uscente dai Real Source: 53.42
Flusso netto sui real Source: -43.260000000000005
--- SINKS STATISTICS ---
Sink 3 SODDISFATTO. Flusso netto: 3.43, Demand: 3.43, percentage: 100.0
Sink 4 SODDISFATTO. Flusso netto: 0.5700000000000003, Demand: 0.57, percentage: 100.00000000000007
Sink 5 SODDISFATTO. Flusso netto: 0.6599999999999997, Demand: 0.66, percentage: 99.99999999999994
Sink 11 SODDISFATTO. Flusso netto: 1.03, Demand: 1.03, percentage: 100.0
Sink 15 SODDISFATTO. Flusso netto: 0.46, Demand: 0.46, percentage: 100.0
Sink 16 SODDISFATTO. Flusso netto: 8.400000000000002, Demand: 8.4, percentage: 100.00000000000003
Sink 19 SODDISFATTO. Flusso netto: 0.5399999999999991, Demand: 0.54, percentage: 99.99999999999983
Sink 23 SODDISFATTO. Flusso netto: 0.5999999999999999, Demand: 0.6, percentage: 99.99999999999997
Sink 24 SODDISFATTO. Flusso netto: 0.8, Demand: 0.8, percentage: 100.0
Sink 25 SODDISFATTO. Flusso netto: 3.5, Demand: 3.5, percentage: 100.0
Sink 26 SODDISFATTO. Flusso netto: 6.000000000000002, Demand: 6.0, percentage: 100.00000000000003
Sink 28 SODDISFATTO. Flusso netto: 0.4, Demand: 0.4, percentage: 100.0
Sink 30 SODDISFATTO. Flusso netto: 0.9799999999999986, Demand: 0.98, percentage: 99.99999999999987
Sink 31 SODDISFATTO. Flusso netto: 0.4, Demand: 0.4, percentage: 100.0
Sink 32 SODDISFATTO. Flusso netto: 0.9999999999999996, Demand: 1.0, percentage: 99.99999999999996
Sink 34 SODDISFATTO. Flusso netto: 1.74, Demand: 1.74, percentage: 100.0
Sink 35 SODDISFATTO. Flusso netto: 1.3, Demand: 1.3, percentage: 100.0
Sink 37 SODDISFATTO. Flusso netto: 1.0, Demand: 1.0, percentage: 100.0
Sink 39 SODDISFATTO. Flusso netto: 0.4, Demand: 0.4, percentage: 100.0
Sink 40 SODDISFATTO. Flusso netto: 0.5, Demand: 0.5, percentage: 100.0
Sink 41 SODDISFATTO. Flusso netto: 1.06, Demand: 1.06, percentage: 100.0
Sink 42 SODDISFATTO. Flusso netto: 2.8199999999999994, Demand: 2.82, percentage: 99.99999999999999
Sink 45 SODDISFATTO. Flusso netto: 0.68, Demand: 0.68, percentage: 100.0
Sink 46 SODDISFATTO. Flusso netto: 1.17, Demand: 1.17, percentage: 100.0
Sink 49 non è soddisfatto. Flusso netto: 3.82, Demand: 7.0, percentage: 54.57142857142857
Flusso totale entrante nei SINK: 89.12
Flusso totale uscente nei SINK: 45.86000000000001
Flusso totale netto nei SINK: 43.26
Total DEMAND dei SINK: 46.44
Percentual di flusso ai SINK: 0.9315245478036176
Numero di Sink soddisfatti: 24.0, numero totale di sink: 25.0
Percentuale di Sink soddisfatti: 0.96

---------------------------------- DAY 344

Update Fixed Elements from Intrinsic Faults
Source NODO_2 fixed from Intrinsic Fault
Pipeline ARCO_70 fixed due to Source NODO_2 fixing from Intrinsic Fault
Pipeline V_EDGE_53_0 fixed due to Source NODO_2 fixing from Intrinsic Fault
Pipeline ARCO_0 fixed due to Source NODO_2 fixing from Intrinsic Fault
Update Fixed Elements from Heavy Faults
Update Fixed Elements from Attack
Propagate Intrinsic Fault
Node NODO_10 has still failing due to Intrinsic Fault
pipeline ARCO_17 still has reduced capacity: 0.0 due to Intrinsic Fault
pipeline ARCO_88 still has reduced capacity: 0.0 due to Intrinsic Fault
pipeline ARCO_89 still has reduced capacity: 0.0 due to Intrinsic Fault
pipeline V_EDGE_53_8 still has reduced capacity: 0.0 due to Intrinsic Fault
pipeline ARCO_18 still has reduced capacity: 0.0 due to Intrinsic Fault
pipeline ARCO_19 still has reduced capacity: 0.0 due to Intrinsic Fault
pipeline ARCO_87 still has reduced capacity: 0.0 due to Intrinsic Fault
Propagate Heavy Faults
Propagate Attacks
Inject Intrinsic Failure To Source
Inject Heavy Fault To Sources
Inject Attack Multiple To Source
Inject Intrinsic Fault To Pipeline
Inject Heavy Fault To Pipeline
Inject Attack To Pipeline
----------- Statistics ------------
	Sources Under Attack: 0
	Sources with Heavy Fault: 0
	Sources with Intrinsic Fault: 1
	Arcs with reduce capacity due to Attack: 0
	Arcs with reduce capacity due to Heavy Fault: 0
	Arcs with reduce capacity due to Intrinsic Fault: 7
	Arcs with Attacks: 0
	Arcs with Heavy Fault: 0
	Arcs with Intrinsic Fault: 0
--------- SOURCES STATISTICS ---------------
Demand del real Source[0]: -31.0, flusso erogato: 11.159999999999998, flusso entrante: 0.0, efficienza: 35.99999999999999 %
Demand del real Source[8]: -10.5, flusso erogato: 0.0, flusso entrante: 0.0, efficienza: 0.0 %
Demand del real Source[9]: -7.1, flusso erogato: 17.259999999999998, flusso entrante: 10.159999999999998, efficienza: 243.09859154929575 %
Demand del real Source[17]: -25.0, flusso erogato: 25.000000000000007, flusso entrante: 0.0, efficienza: 100.00000000000003 %
Flusso totale entrante nei Real Source: 10.159999999999998
Flusso totale uscente dai Real Source: 53.42
Flusso netto sui real Source: -43.260000000000005
--- SINKS STATISTICS ---
Sink 3 SODDISFATTO. Flusso netto: 3.43, Demand: 3.43, percentage: 100.0
Sink 4 SODDISFATTO. Flusso netto: 0.5700000000000003, Demand: 0.57, percentage: 100.00000000000007
Sink 5 SODDISFATTO. Flusso netto: 0.6599999999999997, Demand: 0.66, percentage: 99.99999999999994
Sink 11 SODDISFATTO. Flusso netto: 1.03, Demand: 1.03, percentage: 100.0
Sink 15 SODDISFATTO. Flusso netto: 0.46, Demand: 0.46, percentage: 100.0
Sink 16 SODDISFATTO. Flusso netto: 8.400000000000002, Demand: 8.4, percentage: 100.00000000000003
Sink 19 SODDISFATTO. Flusso netto: 0.5399999999999991, Demand: 0.54, percentage: 99.99999999999983
Sink 23 SODDISFATTO. Flusso netto: 0.5999999999999999, Demand: 0.6, percentage: 99.99999999999997
Sink 24 SODDISFATTO. Flusso netto: 0.8, Demand: 0.8, percentage: 100.0
Sink 25 SODDISFATTO. Flusso netto: 3.5, Demand: 3.5, percentage: 100.0
Sink 26 SODDISFATTO. Flusso netto: 6.000000000000002, Demand: 6.0, percentage: 100.00000000000003
Sink 28 SODDISFATTO. Flusso netto: 0.4, Demand: 0.4, percentage: 100.0
Sink 30 SODDISFATTO. Flusso netto: 0.9799999999999986, Demand: 0.98, percentage: 99.99999999999987
Sink 31 SODDISFATTO. Flusso netto: 0.4, Demand: 0.4, percentage: 100.0
Sink 32 SODDISFATTO. Flusso netto: 0.9999999999999996, Demand: 1.0, percentage: 99.99999999999996
Sink 34 SODDISFATTO. Flusso netto: 1.74, Demand: 1.74, percentage: 100.0
Sink 35 SODDISFATTO. Flusso netto: 1.3, Demand: 1.3, percentage: 100.0
Sink 37 SODDISFATTO. Flusso netto: 1.0, Demand: 1.0, percentage: 100.0
Sink 39 SODDISFATTO. Flusso netto: 0.4, Demand: 0.4, percentage: 100.0
Sink 40 SODDISFATTO. Flusso netto: 0.5, Demand: 0.5, percentage: 100.0
Sink 41 SODDISFATTO. Flusso netto: 1.06, Demand: 1.06, percentage: 100.0
Sink 42 SODDISFATTO. Flusso netto: 2.8199999999999994, Demand: 2.82, percentage: 99.99999999999999
Sink 45 SODDISFATTO. Flusso netto: 0.68, Demand: 0.68, percentage: 100.0
Sink 46 SODDISFATTO. Flusso netto: 1.17, Demand: 1.17, percentage: 100.0
Sink 49 non è soddisfatto. Flusso netto: 3.82, Demand: 7.0, percentage: 54.57142857142857
Flusso totale entrante nei SINK: 89.12
Flusso totale uscente nei SINK: 45.86000000000001
Flusso totale netto nei SINK: 43.26
Total DEMAND dei SINK: 46.44
Percentual di flusso ai SINK: 0.9315245478036176
Numero di Sink soddisfatti: 24.0, numero totale di sink: 25.0
Percentuale di Sink soddisfatti: 0.96

---------------------------------- DAY 345

Update Fixed Elements from Intrinsic Faults
Update Fixed Elements from Heavy Faults
Update Fixed Elements from Attack
Propagate Intrinsic Fault
Node NODO_10 has still failing due to Intrinsic Fault
pipeline ARCO_17 still has reduced capacity: 0.0 due to Intrinsic Fault
pipeline ARCO_88 still has reduced capacity: 0.0 due to Intrinsic Fault
pipeline ARCO_89 still has reduced capacity: 0.0 due to Intrinsic Fault
pipeline V_EDGE_53_8 still has reduced capacity: 0.0 due to Intrinsic Fault
pipeline ARCO_18 still has reduced capacity: 0.0 due to Intrinsic Fault
pipeline ARCO_19 still has reduced capacity: 0.0 due to Intrinsic Fault
pipeline ARCO_87 still has reduced capacity: 0.0 due to Intrinsic Fault
Propagate Heavy Faults
Propagate Attacks
Inject Intrinsic Failure To Source
Inject Heavy Fault To Sources
Inject Attack Multiple To Source
Inject Intrinsic Fault To Pipeline
Inject Heavy Fault To Pipeline
Inject Attack To Pipeline
----------- Statistics ------------
	Sources Under Attack: 0
	Sources with Heavy Fault: 0
	Sources with Intrinsic Fault: 1
	Arcs with reduce capacity due to Attack: 0
	Arcs with reduce capacity due to Heavy Fault: 0
	Arcs with reduce capacity due to Intrinsic Fault: 7
	Arcs with Attacks: 0
	Arcs with Heavy Fault: 0
	Arcs with Intrinsic Fault: 0
--------- SOURCES STATISTICS ---------------
Demand del real Source[0]: -31.0, flusso erogato: 11.159999999999998, flusso entrante: 0.0, efficienza: 35.99999999999999 %
Demand del real Source[8]: -10.5, flusso erogato: 0.0, flusso entrante: 0.0, efficienza: 0.0 %
Demand del real Source[9]: -7.1, flusso erogato: 17.259999999999998, flusso entrante: 10.159999999999998, efficienza: 243.09859154929575 %
Demand del real Source[17]: -25.0, flusso erogato: 25.000000000000007, flusso entrante: 0.0, efficienza: 100.00000000000003 %
Flusso totale entrante nei Real Source: 10.159999999999998
Flusso totale uscente dai Real Source: 53.42
Flusso netto sui real Source: -43.260000000000005
--- SINKS STATISTICS ---
Sink 3 SODDISFATTO. Flusso netto: 3.43, Demand: 3.43, percentage: 100.0
Sink 4 SODDISFATTO. Flusso netto: 0.5700000000000003, Demand: 0.57, percentage: 100.00000000000007
Sink 5 SODDISFATTO. Flusso netto: 0.6599999999999997, Demand: 0.66, percentage: 99.99999999999994
Sink 11 SODDISFATTO. Flusso netto: 1.03, Demand: 1.03, percentage: 100.0
Sink 15 SODDISFATTO. Flusso netto: 0.46, Demand: 0.46, percentage: 100.0
Sink 16 SODDISFATTO. Flusso netto: 8.400000000000002, Demand: 8.4, percentage: 100.00000000000003
Sink 19 SODDISFATTO. Flusso netto: 0.5399999999999991, Demand: 0.54, percentage: 99.99999999999983
Sink 23 SODDISFATTO. Flusso netto: 0.5999999999999999, Demand: 0.6, percentage: 99.99999999999997
Sink 24 SODDISFATTO. Flusso netto: 0.8, Demand: 0.8, percentage: 100.0
Sink 25 SODDISFATTO. Flusso netto: 3.5, Demand: 3.5, percentage: 100.0
Sink 26 SODDISFATTO. Flusso netto: 6.000000000000002, Demand: 6.0, percentage: 100.00000000000003
Sink 28 SODDISFATTO. Flusso netto: 0.4, Demand: 0.4, percentage: 100.0
Sink 30 SODDISFATTO. Flusso netto: 0.9799999999999986, Demand: 0.98, percentage: 99.99999999999987
Sink 31 SODDISFATTO. Flusso netto: 0.4, Demand: 0.4, percentage: 100.0
Sink 32 SODDISFATTO. Flusso netto: 0.9999999999999996, Demand: 1.0, percentage: 99.99999999999996
Sink 34 SODDISFATTO. Flusso netto: 1.74, Demand: 1.74, percentage: 100.0
Sink 35 SODDISFATTO. Flusso netto: 1.3, Demand: 1.3, percentage: 100.0
Sink 37 SODDISFATTO. Flusso netto: 1.0, Demand: 1.0, percentage: 100.0
Sink 39 SODDISFATTO. Flusso netto: 0.4, Demand: 0.4, percentage: 100.0
Sink 40 SODDISFATTO. Flusso netto: 0.5, Demand: 0.5, percentage: 100.0
Sink 41 SODDISFATTO. Flusso netto: 1.06, Demand: 1.06, percentage: 100.0
Sink 42 SODDISFATTO. Flusso netto: 2.8199999999999994, Demand: 2.82, percentage: 99.99999999999999
Sink 45 SODDISFATTO. Flusso netto: 0.68, Demand: 0.68, percentage: 100.0
Sink 46 SODDISFATTO. Flusso netto: 1.17, Demand: 1.17, percentage: 100.0
Sink 49 non è soddisfatto. Flusso netto: 3.82, Demand: 7.0, percentage: 54.57142857142857
Flusso totale entrante nei SINK: 89.12
Flusso totale uscente nei SINK: 45.86000000000001
Flusso totale netto nei SINK: 43.26
Total DEMAND dei SINK: 46.44
Percentual di flusso ai SINK: 0.9315245478036176
Numero di Sink soddisfatti: 24.0, numero totale di sink: 25.0
Percentuale di Sink soddisfatti: 0.96

---------------------------------- DAY 346

Update Fixed Elements from Intrinsic Faults
Update Fixed Elements from Heavy Faults
Update Fixed Elements from Attack
Propagate Intrinsic Fault
Node NODO_10 has still failing due to Intrinsic Fault
pipeline ARCO_17 still has reduced capacity: 0.0 due to Intrinsic Fault
pipeline ARCO_88 still has reduced capacity: 0.0 due to Intrinsic Fault
pipeline ARCO_89 still has reduced capacity: 0.0 due to Intrinsic Fault
pipeline V_EDGE_53_8 still has reduced capacity: 0.0 due to Intrinsic Fault
pipeline ARCO_18 still has reduced capacity: 0.0 due to Intrinsic Fault
pipeline ARCO_19 still has reduced capacity: 0.0 due to Intrinsic Fault
pipeline ARCO_87 still has reduced capacity: 0.0 due to Intrinsic Fault
Propagate Heavy Faults
Propagate Attacks
Inject Intrinsic Failure To Source
Inject Heavy Fault To Sources
Inject Attack Multiple To Source
Inject Intrinsic Fault To Pipeline
Inject Heavy Fault To Pipeline
Inject Attack To Pipeline
----------- Statistics ------------
	Sources Under Attack: 0
	Sources with Heavy Fault: 0
	Sources with Intrinsic Fault: 1
	Arcs with reduce capacity due to Attack: 0
	Arcs with reduce capacity due to Heavy Fault: 0
	Arcs with reduce capacity due to Intrinsic Fault: 7
	Arcs with Attacks: 0
	Arcs with Heavy Fault: 0
	Arcs with Intrinsic Fault: 0
--------- SOURCES STATISTICS ---------------
Demand del real Source[0]: -31.0, flusso erogato: 11.159999999999998, flusso entrante: 0.0, efficienza: 35.99999999999999 %
Demand del real Source[8]: -10.5, flusso erogato: 0.0, flusso entrante: 0.0, efficienza: 0.0 %
Demand del real Source[9]: -7.1, flusso erogato: 17.259999999999998, flusso entrante: 10.159999999999998, efficienza: 243.09859154929575 %
Demand del real Source[17]: -25.0, flusso erogato: 25.000000000000007, flusso entrante: 0.0, efficienza: 100.00000000000003 %
Flusso totale entrante nei Real Source: 10.159999999999998
Flusso totale uscente dai Real Source: 53.42
Flusso netto sui real Source: -43.260000000000005
--- SINKS STATISTICS ---
Sink 3 SODDISFATTO. Flusso netto: 3.43, Demand: 3.43, percentage: 100.0
Sink 4 SODDISFATTO. Flusso netto: 0.5700000000000003, Demand: 0.57, percentage: 100.00000000000007
Sink 5 SODDISFATTO. Flusso netto: 0.6599999999999997, Demand: 0.66, percentage: 99.99999999999994
Sink 11 SODDISFATTO. Flusso netto: 1.03, Demand: 1.03, percentage: 100.0
Sink 15 SODDISFATTO. Flusso netto: 0.46, Demand: 0.46, percentage: 100.0
Sink 16 SODDISFATTO. Flusso netto: 8.400000000000002, Demand: 8.4, percentage: 100.00000000000003
Sink 19 SODDISFATTO. Flusso netto: 0.5399999999999991, Demand: 0.54, percentage: 99.99999999999983
Sink 23 SODDISFATTO. Flusso netto: 0.5999999999999999, Demand: 0.6, percentage: 99.99999999999997
Sink 24 SODDISFATTO. Flusso netto: 0.8, Demand: 0.8, percentage: 100.0
Sink 25 SODDISFATTO. Flusso netto: 3.5, Demand: 3.5, percentage: 100.0
Sink 26 SODDISFATTO. Flusso netto: 6.000000000000002, Demand: 6.0, percentage: 100.00000000000003
Sink 28 SODDISFATTO. Flusso netto: 0.4, Demand: 0.4, percentage: 100.0
Sink 30 SODDISFATTO. Flusso netto: 0.9799999999999986, Demand: 0.98, percentage: 99.99999999999987
Sink 31 SODDISFATTO. Flusso netto: 0.4, Demand: 0.4, percentage: 100.0
Sink 32 SODDISFATTO. Flusso netto: 0.9999999999999996, Demand: 1.0, percentage: 99.99999999999996
Sink 34 SODDISFATTO. Flusso netto: 1.74, Demand: 1.74, percentage: 100.0
Sink 35 SODDISFATTO. Flusso netto: 1.3, Demand: 1.3, percentage: 100.0
Sink 37 SODDISFATTO. Flusso netto: 1.0, Demand: 1.0, percentage: 100.0
Sink 39 SODDISFATTO. Flusso netto: 0.4, Demand: 0.4, percentage: 100.0
Sink 40 SODDISFATTO. Flusso netto: 0.5, Demand: 0.5, percentage: 100.0
Sink 41 SODDISFATTO. Flusso netto: 1.06, Demand: 1.06, percentage: 100.0
Sink 42 SODDISFATTO. Flusso netto: 2.8199999999999994, Demand: 2.82, percentage: 99.99999999999999
Sink 45 SODDISFATTO. Flusso netto: 0.68, Demand: 0.68, percentage: 100.0
Sink 46 SODDISFATTO. Flusso netto: 1.17, Demand: 1.17, percentage: 100.0
Sink 49 non è soddisfatto. Flusso netto: 3.82, Demand: 7.0, percentage: 54.57142857142857
Flusso totale entrante nei SINK: 89.12
Flusso totale uscente nei SINK: 45.86000000000001
Flusso totale netto nei SINK: 43.26
Total DEMAND dei SINK: 46.44
Percentual di flusso ai SINK: 0.9315245478036176
Numero di Sink soddisfatti: 24.0, numero totale di sink: 25.0
Percentuale di Sink soddisfatti: 0.96

---------------------------------- DAY 347

Update Fixed Elements from Intrinsic Faults
Source NODO_10 fixed from Intrinsic Fault
Pipeline ARCO_17 fixed due to Source NODO_10 fixing from Intrinsic Fault
Pipeline ARCO_88 fixed due to Source NODO_10 fixing from Intrinsic Fault
Pipeline ARCO_89 fixed due to Source NODO_10 fixing from Intrinsic Fault
Pipeline V_EDGE_53_8 fixed due to Source NODO_10 fixing from Intrinsic Fault
Pipeline ARCO_18 fixed due to Source NODO_10 fixing from Intrinsic Fault
Pipeline ARCO_19 fixed due to Source NODO_10 fixing from Intrinsic Fault
Pipeline ARCO_87 fixed due to Source NODO_10 fixing from Intrinsic Fault
Update Fixed Elements from Heavy Faults
Update Fixed Elements from Attack
Propagate Intrinsic Fault
Propagate Heavy Faults
Propagate Attacks
Inject Intrinsic Failure To Source
Inject Heavy Fault To Sources
Inject Attack Multiple To Source
Inject Intrinsic Fault To Pipeline
Inject Heavy Fault To Pipeline
Inject Attack To Pipeline
----------- Statistics ------------
	Sources Under Attack: 0
	Sources with Heavy Fault: 0
	Sources with Intrinsic Fault: 0
	Arcs with reduce capacity due to Attack: 0
	Arcs with reduce capacity due to Heavy Fault: 0
	Arcs with reduce capacity due to Intrinsic Fault: 0
	Arcs with Attacks: 0
	Arcs with Heavy Fault: 0
	Arcs with Intrinsic Fault: 0
--------- SOURCES STATISTICS ---------------
Demand del real Source[0]: -31.0, flusso erogato: 10.129999999999997, flusso entrante: 0.0, efficienza: 32.6774193548387 %
Demand del real Source[8]: -10.5, flusso erogato: 3.8600000000000003, flusso entrante: 0.0, efficienza: 36.76190476190476 %
Demand del real Source[9]: -7.1, flusso erogato: 16.229999999999997, flusso entrante: 9.129999999999997, efficienza: 228.59154929577463 %
Demand del real Source[17]: -25.0, flusso erogato: 25.000000000000007, flusso entrante: 0.0, efficienza: 100.00000000000003 %
Flusso totale entrante nei Real Source: 9.129999999999997
Flusso totale uscente dai Real Source: 55.220000000000006
Flusso netto sui real Source: -46.09000000000001
--- SINKS STATISTICS ---
Sink 3 SODDISFATTO. Flusso netto: 3.43, Demand: 3.43, percentage: 100.0
Sink 4 SODDISFATTO. Flusso netto: 0.5700000000000003, Demand: 0.57, percentage: 100.00000000000007
Sink 5 SODDISFATTO. Flusso netto: 0.6600000000000001, Demand: 0.66, percentage: 100.00000000000003
Sink 11 SODDISFATTO. Flusso netto: 1.03, Demand: 1.03, percentage: 100.0
Sink 15 SODDISFATTO. Flusso netto: 0.46, Demand: 0.46, percentage: 100.0
Sink 16 SODDISFATTO. Flusso netto: 8.400000000000002, Demand: 8.4, percentage: 100.00000000000003
Sink 19 SODDISFATTO. Flusso netto: 0.5399999999999991, Demand: 0.54, percentage: 99.99999999999983
Sink 23 SODDISFATTO. Flusso netto: 0.5999999999999999, Demand: 0.6, percentage: 99.99999999999997
Sink 24 SODDISFATTO. Flusso netto: 0.8, Demand: 0.8, percentage: 100.0
Sink 25 SODDISFATTO. Flusso netto: 3.5, Demand: 3.5, percentage: 100.0
Sink 26 SODDISFATTO. Flusso netto: 6.000000000000002, Demand: 6.0, percentage: 100.00000000000003
Sink 28 SODDISFATTO. Flusso netto: 0.4, Demand: 0.4, percentage: 100.0
Sink 30 SODDISFATTO. Flusso netto: 0.9799999999999986, Demand: 0.98, percentage: 99.99999999999987
Sink 31 SODDISFATTO. Flusso netto: 0.4, Demand: 0.4, percentage: 100.0
Sink 32 SODDISFATTO. Flusso netto: 0.9999999999999996, Demand: 1.0, percentage: 99.99999999999996
Sink 34 SODDISFATTO. Flusso netto: 1.74, Demand: 1.74, percentage: 100.0
Sink 35 SODDISFATTO. Flusso netto: 1.3, Demand: 1.3, percentage: 100.0
Sink 37 SODDISFATTO. Flusso netto: 1.0, Demand: 1.0, percentage: 100.0
Sink 39 SODDISFATTO. Flusso netto: 0.4, Demand: 0.4, percentage: 100.0
Sink 40 SODDISFATTO. Flusso netto: 0.5, Demand: 0.5, percentage: 100.0
Sink 41 SODDISFATTO. Flusso netto: 1.06, Demand: 1.06, percentage: 100.0
Sink 42 SODDISFATTO. Flusso netto: 2.8199999999999994, Demand: 2.82, percentage: 99.99999999999999
Sink 45 SODDISFATTO. Flusso netto: 0.68, Demand: 0.68, percentage: 100.0
Sink 46 SODDISFATTO. Flusso netto: 1.17, Demand: 1.17, percentage: 100.0
Sink 49 non è soddisfatto. Flusso netto: 6.6499999999999995, Demand: 7.0, percentage: 95.0
Flusso totale entrante nei SINK: 92.61000000000001
Flusso totale uscente nei SINK: 46.52
Flusso totale netto nei SINK: 46.09000000000001
Total DEMAND dei SINK: 46.44
Percentual di flusso ai SINK: 0.9924633936261846
Numero di Sink soddisfatti: 24.0, numero totale di sink: 25.0
Percentuale di Sink soddisfatti: 0.96

---------------------------------- DAY 348

Update Fixed Elements from Intrinsic Faults
Update Fixed Elements from Heavy Faults
Update Fixed Elements from Attack
Propagate Intrinsic Fault
Propagate Heavy Faults
Propagate Attacks
Inject Intrinsic Failure To Source
Inject Heavy Fault To Sources
Inject Attack Multiple To Source
Inject Intrinsic Fault To Pipeline
Inject Heavy Fault To Pipeline
Inject Attack To Pipeline
----------- Statistics ------------
	Sources Under Attack: 0
	Sources with Heavy Fault: 0
	Sources with Intrinsic Fault: 0
	Arcs with reduce capacity due to Attack: 0
	Arcs with reduce capacity due to Heavy Fault: 0
	Arcs with reduce capacity due to Intrinsic Fault: 0
	Arcs with Attacks: 0
	Arcs with Heavy Fault: 0
	Arcs with Intrinsic Fault: 0
--------- SOURCES STATISTICS ---------------
Demand del real Source[0]: -31.0, flusso erogato: 10.129999999999997, flusso entrante: 0.0, efficienza: 32.6774193548387 %
Demand del real Source[8]: -10.5, flusso erogato: 3.8600000000000003, flusso entrante: 0.0, efficienza: 36.76190476190476 %
Demand del real Source[9]: -7.1, flusso erogato: 16.229999999999997, flusso entrante: 9.129999999999997, efficienza: 228.59154929577463 %
Demand del real Source[17]: -25.0, flusso erogato: 25.000000000000007, flusso entrante: 0.0, efficienza: 100.00000000000003 %
Flusso totale entrante nei Real Source: 9.129999999999997
Flusso totale uscente dai Real Source: 55.220000000000006
Flusso netto sui real Source: -46.09000000000001
--- SINKS STATISTICS ---
Sink 3 SODDISFATTO. Flusso netto: 3.43, Demand: 3.43, percentage: 100.0
Sink 4 SODDISFATTO. Flusso netto: 0.5700000000000003, Demand: 0.57, percentage: 100.00000000000007
Sink 5 SODDISFATTO. Flusso netto: 0.6600000000000001, Demand: 0.66, percentage: 100.00000000000003
Sink 11 SODDISFATTO. Flusso netto: 1.03, Demand: 1.03, percentage: 100.0
Sink 15 SODDISFATTO. Flusso netto: 0.46, Demand: 0.46, percentage: 100.0
Sink 16 SODDISFATTO. Flusso netto: 8.400000000000002, Demand: 8.4, percentage: 100.00000000000003
Sink 19 SODDISFATTO. Flusso netto: 0.5399999999999991, Demand: 0.54, percentage: 99.99999999999983
Sink 23 SODDISFATTO. Flusso netto: 0.5999999999999999, Demand: 0.6, percentage: 99.99999999999997
Sink 24 SODDISFATTO. Flusso netto: 0.8, Demand: 0.8, percentage: 100.0
Sink 25 SODDISFATTO. Flusso netto: 3.5, Demand: 3.5, percentage: 100.0
Sink 26 SODDISFATTO. Flusso netto: 6.000000000000002, Demand: 6.0, percentage: 100.00000000000003
Sink 28 SODDISFATTO. Flusso netto: 0.4, Demand: 0.4, percentage: 100.0
Sink 30 SODDISFATTO. Flusso netto: 0.9799999999999986, Demand: 0.98, percentage: 99.99999999999987
Sink 31 SODDISFATTO. Flusso netto: 0.4, Demand: 0.4, percentage: 100.0
Sink 32 SODDISFATTO. Flusso netto: 0.9999999999999996, Demand: 1.0, percentage: 99.99999999999996
Sink 34 SODDISFATTO. Flusso netto: 1.74, Demand: 1.74, percentage: 100.0
Sink 35 SODDISFATTO. Flusso netto: 1.3, Demand: 1.3, percentage: 100.0
Sink 37 SODDISFATTO. Flusso netto: 1.0, Demand: 1.0, percentage: 100.0
Sink 39 SODDISFATTO. Flusso netto: 0.4, Demand: 0.4, percentage: 100.0
Sink 40 SODDISFATTO. Flusso netto: 0.5, Demand: 0.5, percentage: 100.0
Sink 41 SODDISFATTO. Flusso netto: 1.06, Demand: 1.06, percentage: 100.0
Sink 42 SODDISFATTO. Flusso netto: 2.8199999999999994, Demand: 2.82, percentage: 99.99999999999999
Sink 45 SODDISFATTO. Flusso netto: 0.68, Demand: 0.68, percentage: 100.0
Sink 46 SODDISFATTO. Flusso netto: 1.17, Demand: 1.17, percentage: 100.0
Sink 49 non è soddisfatto. Flusso netto: 6.6499999999999995, Demand: 7.0, percentage: 95.0
Flusso totale entrante nei SINK: 92.61000000000001
Flusso totale uscente nei SINK: 46.52
Flusso totale netto nei SINK: 46.09000000000001
Total DEMAND dei SINK: 46.44
Percentual di flusso ai SINK: 0.9924633936261846
Numero di Sink soddisfatti: 24.0, numero totale di sink: 25.0
Percentuale di Sink soddisfatti: 0.96

---------------------------------- DAY 349

Update Fixed Elements from Intrinsic Faults
Update Fixed Elements from Heavy Faults
Update Fixed Elements from Attack
Propagate Intrinsic Fault
Propagate Heavy Faults
Propagate Attacks
Inject Intrinsic Failure To Source
Inject Heavy Fault To Sources
Inject Attack Multiple To Source
Inject Intrinsic Fault To Pipeline
Inject Heavy Fault To Pipeline
Inject Attack To Pipeline
----------- Statistics ------------
	Sources Under Attack: 0
	Sources with Heavy Fault: 0
	Sources with Intrinsic Fault: 0
	Arcs with reduce capacity due to Attack: 0
	Arcs with reduce capacity due to Heavy Fault: 0
	Arcs with reduce capacity due to Intrinsic Fault: 0
	Arcs with Attacks: 0
	Arcs with Heavy Fault: 0
	Arcs with Intrinsic Fault: 0
--------- SOURCES STATISTICS ---------------
Demand del real Source[0]: -31.0, flusso erogato: 10.129999999999997, flusso entrante: 0.0, efficienza: 32.6774193548387 %
Demand del real Source[8]: -10.5, flusso erogato: 3.8600000000000003, flusso entrante: 0.0, efficienza: 36.76190476190476 %
Demand del real Source[9]: -7.1, flusso erogato: 16.229999999999997, flusso entrante: 9.129999999999997, efficienza: 228.59154929577463 %
Demand del real Source[17]: -25.0, flusso erogato: 25.000000000000007, flusso entrante: 0.0, efficienza: 100.00000000000003 %
Flusso totale entrante nei Real Source: 9.129999999999997
Flusso totale uscente dai Real Source: 55.220000000000006
Flusso netto sui real Source: -46.09000000000001
--- SINKS STATISTICS ---
Sink 3 SODDISFATTO. Flusso netto: 3.43, Demand: 3.43, percentage: 100.0
Sink 4 SODDISFATTO. Flusso netto: 0.5700000000000003, Demand: 0.57, percentage: 100.00000000000007
Sink 5 SODDISFATTO. Flusso netto: 0.6600000000000001, Demand: 0.66, percentage: 100.00000000000003
Sink 11 SODDISFATTO. Flusso netto: 1.03, Demand: 1.03, percentage: 100.0
Sink 15 SODDISFATTO. Flusso netto: 0.46, Demand: 0.46, percentage: 100.0
Sink 16 SODDISFATTO. Flusso netto: 8.400000000000002, Demand: 8.4, percentage: 100.00000000000003
Sink 19 SODDISFATTO. Flusso netto: 0.5399999999999991, Demand: 0.54, percentage: 99.99999999999983
Sink 23 SODDISFATTO. Flusso netto: 0.5999999999999999, Demand: 0.6, percentage: 99.99999999999997
Sink 24 SODDISFATTO. Flusso netto: 0.8, Demand: 0.8, percentage: 100.0
Sink 25 SODDISFATTO. Flusso netto: 3.5, Demand: 3.5, percentage: 100.0
Sink 26 SODDISFATTO. Flusso netto: 6.000000000000002, Demand: 6.0, percentage: 100.00000000000003
Sink 28 SODDISFATTO. Flusso netto: 0.4, Demand: 0.4, percentage: 100.0
Sink 30 SODDISFATTO. Flusso netto: 0.9799999999999986, Demand: 0.98, percentage: 99.99999999999987
Sink 31 SODDISFATTO. Flusso netto: 0.4, Demand: 0.4, percentage: 100.0
Sink 32 SODDISFATTO. Flusso netto: 0.9999999999999996, Demand: 1.0, percentage: 99.99999999999996
Sink 34 SODDISFATTO. Flusso netto: 1.74, Demand: 1.74, percentage: 100.0
Sink 35 SODDISFATTO. Flusso netto: 1.3, Demand: 1.3, percentage: 100.0
Sink 37 SODDISFATTO. Flusso netto: 1.0, Demand: 1.0, percentage: 100.0
Sink 39 SODDISFATTO. Flusso netto: 0.4, Demand: 0.4, percentage: 100.0
Sink 40 SODDISFATTO. Flusso netto: 0.5, Demand: 0.5, percentage: 100.0
Sink 41 SODDISFATTO. Flusso netto: 1.06, Demand: 1.06, percentage: 100.0
Sink 42 SODDISFATTO. Flusso netto: 2.8199999999999994, Demand: 2.82, percentage: 99.99999999999999
Sink 45 SODDISFATTO. Flusso netto: 0.68, Demand: 0.68, percentage: 100.0
Sink 46 SODDISFATTO. Flusso netto: 1.17, Demand: 1.17, percentage: 100.0
Sink 49 non è soddisfatto. Flusso netto: 6.6499999999999995, Demand: 7.0, percentage: 95.0
Flusso totale entrante nei SINK: 92.61000000000001
Flusso totale uscente nei SINK: 46.52
Flusso totale netto nei SINK: 46.09000000000001
Total DEMAND dei SINK: 46.44
Percentual di flusso ai SINK: 0.9924633936261846
Numero di Sink soddisfatti: 24.0, numero totale di sink: 25.0
Percentuale di Sink soddisfatti: 0.96

---------------------------------- DAY 350

Update Fixed Elements from Intrinsic Faults
Update Fixed Elements from Heavy Faults
Update Fixed Elements from Attack
Propagate Intrinsic Fault
Propagate Heavy Faults
Propagate Attacks
Inject Intrinsic Failure To Source
Source NODO_2 is failing for an Intrinsic Fault in day: 350
pipeline ARCO_70 has reduced capacity due to NODO_2 Intrinsic fault
pipeline V_EDGE_53_0 has reduced capacity due to NODO_2 Intrinsic fault
pipeline ARCO_0 has reduced capacity due to NODO_2 Intrinsic fault
Inject Heavy Fault To Sources
Inject Attack Multiple To Source
Inject Intrinsic Fault To Pipeline
Inject Heavy Fault To Pipeline
Inject Attack To Pipeline
----------- Statistics ------------
	Sources Under Attack: 0
	Sources with Heavy Fault: 0
	Sources with Intrinsic Fault: 1
	Arcs with reduce capacity due to Attack: 0
	Arcs with reduce capacity due to Heavy Fault: 0
	Arcs with reduce capacity due to Intrinsic Fault: 3
	Arcs with Attacks: 0
	Arcs with Heavy Fault: 0
	Arcs with Intrinsic Fault: 0
--------- SOURCES STATISTICS ---------------
Demand del real Source[0]: -31.0, flusso erogato: 10.129999999999997, flusso entrante: 0.0, efficienza: 32.6774193548387 %
Demand del real Source[8]: -10.5, flusso erogato: 3.8600000000000003, flusso entrante: 0.0, efficienza: 36.76190476190476 %
Demand del real Source[9]: -7.1, flusso erogato: 16.229999999999997, flusso entrante: 9.129999999999997, efficienza: 228.59154929577463 %
Demand del real Source[17]: -25.0, flusso erogato: 25.000000000000007, flusso entrante: 0.0, efficienza: 100.00000000000003 %
Flusso totale entrante nei Real Source: 9.129999999999997
Flusso totale uscente dai Real Source: 55.220000000000006
Flusso netto sui real Source: -46.09000000000001
--- SINKS STATISTICS ---
Sink 3 SODDISFATTO. Flusso netto: 3.43, Demand: 3.43, percentage: 100.0
Sink 4 SODDISFATTO. Flusso netto: 0.5700000000000003, Demand: 0.57, percentage: 100.00000000000007
Sink 5 SODDISFATTO. Flusso netto: 0.6600000000000001, Demand: 0.66, percentage: 100.00000000000003
Sink 11 SODDISFATTO. Flusso netto: 1.03, Demand: 1.03, percentage: 100.0
Sink 15 SODDISFATTO. Flusso netto: 0.46, Demand: 0.46, percentage: 100.0
Sink 16 SODDISFATTO. Flusso netto: 8.400000000000002, Demand: 8.4, percentage: 100.00000000000003
Sink 19 SODDISFATTO. Flusso netto: 0.5399999999999991, Demand: 0.54, percentage: 99.99999999999983
Sink 23 SODDISFATTO. Flusso netto: 0.5999999999999999, Demand: 0.6, percentage: 99.99999999999997
Sink 24 SODDISFATTO. Flusso netto: 0.8, Demand: 0.8, percentage: 100.0
Sink 25 SODDISFATTO. Flusso netto: 3.5, Demand: 3.5, percentage: 100.0
Sink 26 SODDISFATTO. Flusso netto: 6.000000000000002, Demand: 6.0, percentage: 100.00000000000003
Sink 28 SODDISFATTO. Flusso netto: 0.4, Demand: 0.4, percentage: 100.0
Sink 30 SODDISFATTO. Flusso netto: 0.9799999999999986, Demand: 0.98, percentage: 99.99999999999987
Sink 31 SODDISFATTO. Flusso netto: 0.4, Demand: 0.4, percentage: 100.0
Sink 32 SODDISFATTO. Flusso netto: 0.9999999999999996, Demand: 1.0, percentage: 99.99999999999996
Sink 34 SODDISFATTO. Flusso netto: 1.74, Demand: 1.74, percentage: 100.0
Sink 35 SODDISFATTO. Flusso netto: 1.3, Demand: 1.3, percentage: 100.0
Sink 37 SODDISFATTO. Flusso netto: 1.0, Demand: 1.0, percentage: 100.0
Sink 39 SODDISFATTO. Flusso netto: 0.4, Demand: 0.4, percentage: 100.0
Sink 40 SODDISFATTO. Flusso netto: 0.5, Demand: 0.5, percentage: 100.0
Sink 41 SODDISFATTO. Flusso netto: 1.06, Demand: 1.06, percentage: 100.0
Sink 42 SODDISFATTO. Flusso netto: 2.8199999999999994, Demand: 2.82, percentage: 99.99999999999999
Sink 45 SODDISFATTO. Flusso netto: 0.68, Demand: 0.68, percentage: 100.0
Sink 46 SODDISFATTO. Flusso netto: 1.17, Demand: 1.17, percentage: 100.0
Sink 49 non è soddisfatto. Flusso netto: 6.6499999999999995, Demand: 7.0, percentage: 95.0
Flusso totale entrante nei SINK: 92.61000000000001
Flusso totale uscente nei SINK: 46.52
Flusso totale netto nei SINK: 46.09000000000001
Total DEMAND dei SINK: 46.44
Percentual di flusso ai SINK: 0.9924633936261846
Numero di Sink soddisfatti: 24.0, numero totale di sink: 25.0
Percentuale di Sink soddisfatti: 0.96

---------------------------------- DAY 351

Update Fixed Elements from Intrinsic Faults
Update Fixed Elements from Heavy Faults
Update Fixed Elements from Attack
Propagate Intrinsic Fault
Node NODO_2 has still failing due to Intrinsic Fault
pipeline ARCO_70 still has reduced capacity: 24.8 due to Intrinsic Fault
pipeline V_EDGE_53_0 still has reduced capacity: 24.8 due to Intrinsic Fault
pipeline ARCO_0 still has reduced capacity: 24.8 due to Intrinsic Fault
Propagate Heavy Faults
Propagate Attacks
Inject Intrinsic Failure To Source
Source NODO_19 is failing for an Intrinsic Fault in day: 351
pipeline ARCO_35 has reduced capacity due to NODO_19 Intrinsic fault
pipeline ARCO_109 has reduced capacity due to NODO_19 Intrinsic fault
pipeline ARCO_110 has reduced capacity due to NODO_19 Intrinsic fault
pipeline V_EDGE_53_17 has reduced capacity due to NODO_19 Intrinsic fault
pipeline ARCO_39 has reduced capacity due to NODO_19 Intrinsic fault
pipeline ARCO_40 has reduced capacity due to NODO_19 Intrinsic fault
pipeline ARCO_105 has reduced capacity due to NODO_19 Intrinsic fault
Source NODO_11 is failing for an Intrinsic Fault in day: 351
pipeline ARCO_3 has reduced capacity due to NODO_11 Intrinsic fault
pipeline ARCO_90 has reduced capacity due to NODO_11 Intrinsic fault
pipeline ARCO_91 has reduced capacity due to NODO_11 Intrinsic fault
pipeline ARCO_92 has reduced capacity due to NODO_11 Intrinsic fault
pipeline V_EDGE_53_9 has reduced capacity due to NODO_11 Intrinsic fault
pipeline ARCO_20 has reduced capacity due to NODO_11 Intrinsic fault
pipeline ARCO_21 has reduced capacity due to NODO_11 Intrinsic fault
pipeline ARCO_22 has reduced capacity due to NODO_11 Intrinsic fault
pipeline ARCO_73 has reduced capacity due to NODO_11 Intrinsic fault
Inject Heavy Fault To Sources
Inject Attack Multiple To Source
Inject Intrinsic Fault To Pipeline
Inject Heavy Fault To Pipeline
Inject Attack To Pipeline
----------- Statistics ------------
	Sources Under Attack: 0
	Sources with Heavy Fault: 0
	Sources with Intrinsic Fault: 3
	Arcs with reduce capacity due to Attack: 0
	Arcs with reduce capacity due to Heavy Fault: 0
	Arcs with reduce capacity due to Intrinsic Fault: 19
	Arcs with Attacks: 0
	Arcs with Heavy Fault: 0
	Arcs with Intrinsic Fault: 0
--------- SOURCES STATISTICS ---------------
Demand del real Source[0]: -31.0, flusso erogato: 16.296, flusso entrante: 0.0, efficienza: 52.567741935483866 %
Demand del real Source[8]: -10.5, flusso erogato: 4.2719999999999985, flusso entrante: 0.0, efficienza: 40.68571428571427 %
Demand del real Source[9]: -7.1, flusso erogato: 20.976, flusso entrante: 15.296000000000001, efficienza: 295.4366197183099 %
Demand del real Source[17]: -25.0, flusso erogato: 0.0, flusso entrante: 0.0, efficienza: 0.0 %
Flusso totale entrante nei Real Source: 15.296000000000001
Flusso totale uscente dai Real Source: 41.544000000000004
Flusso netto sui real Source: -26.248000000000005
--- SINKS STATISTICS ---
Sink 3 SODDISFATTO. Flusso netto: 3.43, Demand: 3.43, percentage: 100.0
Sink 4 SODDISFATTO. Flusso netto: 0.5700000000000003, Demand: 0.57, percentage: 100.00000000000007
Sink 5 SODDISFATTO. Flusso netto: 0.6600000000000001, Demand: 0.66, percentage: 100.00000000000003
Sink 11 SODDISFATTO. Flusso netto: 1.03, Demand: 1.03, percentage: 100.0
Sink 15 SODDISFATTO. Flusso netto: 0.45999999999999996, Demand: 0.46, percentage: 99.99999999999999
Sink 16 non è soddisfatto. Flusso netto: 2.83, Demand: 8.4, percentage: 33.69047619047619
Sink 19 non è soddisfatto. Flusso netto: 0.0, Demand: 0.54, percentage: 0.0
Sink 23 non è soddisfatto. Flusso netto: 0.0, Demand: 0.6, percentage: 0.0
Sink 24 non è soddisfatto. Flusso netto: 0.0, Demand: 0.8, percentage: 0.0
Sink 25 non è soddisfatto. Flusso netto: 0.0, Demand: 3.5, percentage: 0.0
Sink 26 non è soddisfatto. Flusso netto: 0.0, Demand: 6.0, percentage: 0.0
Sink 28 non è soddisfatto. Flusso netto: 0.0, Demand: 0.4, percentage: 0.0
Sink 30 non è soddisfatto. Flusso netto: 0.0, Demand: 0.98, percentage: 0.0
Sink 31 non è soddisfatto. Flusso netto: 0.0, Demand: 0.4, percentage: 0.0
Sink 32 SODDISFATTO. Flusso netto: 1.0000000000000009, Demand: 1.0, percentage: 100.00000000000009
Sink 34 SODDISFATTO. Flusso netto: 1.74, Demand: 1.74, percentage: 100.0
Sink 35 SODDISFATTO. Flusso netto: 1.3, Demand: 1.3, percentage: 100.0
Sink 37 SODDISFATTO. Flusso netto: 1.0, Demand: 1.0, percentage: 100.0
Sink 39 non è soddisfatto. Flusso netto: 0.0, Demand: 0.4, percentage: 0.0
Sink 40 non è soddisfatto. Flusso netto: 0.0, Demand: 0.5, percentage: 0.0
Sink 41 SODDISFATTO. Flusso netto: 1.0599999999999987, Demand: 1.06, percentage: 99.99999999999987
Sink 42 SODDISFATTO. Flusso netto: 2.8200000000000003, Demand: 2.82, percentage: 100.00000000000003
Sink 45 SODDISFATTO. Flusso netto: 0.68, Demand: 0.68, percentage: 100.0
Sink 46 SODDISFATTO. Flusso netto: 1.17, Demand: 1.17, percentage: 100.0
Sink 49 non è soddisfatto. Flusso netto: 6.497999999999999, Demand: 7.0, percentage: 92.82857142857142
Flusso totale entrante nei SINK: 55.32000000000001
Flusso totale uscente nei SINK: 29.072
Flusso totale netto nei SINK: 26.248000000000008
Total DEMAND dei SINK: 46.44
Percentual di flusso ai SINK: 0.5652024117140398
Numero di Sink soddisfatti: 13.0, numero totale di sink: 25.0
Percentuale di Sink soddisfatti: 0.52

---------------------------------- DAY 352

Update Fixed Elements from Intrinsic Faults
Update Fixed Elements from Heavy Faults
Update Fixed Elements from Attack
Propagate Intrinsic Fault
Node NODO_2 has still failing due to Intrinsic Fault
Node NODO_19 has still failing due to Intrinsic Fault
Node NODO_11 has still failing due to Intrinsic Fault
pipeline ARCO_70 still has reduced capacity: 24.8 due to Intrinsic Fault
pipeline V_EDGE_53_0 still has reduced capacity: 24.8 due to Intrinsic Fault
pipeline ARCO_0 still has reduced capacity: 24.8 due to Intrinsic Fault
pipeline ARCO_35 still has reduced capacity: 0.0 due to Intrinsic Fault
pipeline ARCO_109 still has reduced capacity: 0.0 due to Intrinsic Fault
pipeline ARCO_110 still has reduced capacity: 0.0 due to Intrinsic Fault
pipeline V_EDGE_53_17 still has reduced capacity: 0.0 due to Intrinsic Fault
pipeline ARCO_39 still has reduced capacity: 0.0 due to Intrinsic Fault
pipeline ARCO_40 still has reduced capacity: 0.0 due to Intrinsic Fault
pipeline ARCO_105 still has reduced capacity: 0.0 due to Intrinsic Fault
pipeline ARCO_3 still has reduced capacity: 9.688 due to Intrinsic Fault
pipeline ARCO_90 still has reduced capacity: 1.6 due to Intrinsic Fault
pipeline ARCO_91 still has reduced capacity: 9.688 due to Intrinsic Fault
pipeline ARCO_92 still has reduced capacity: 39.328 due to Intrinsic Fault
pipeline V_EDGE_53_9 still has reduced capacity: 5.68 due to Intrinsic Fault
pipeline ARCO_20 still has reduced capacity: 1.6 due to Intrinsic Fault
pipeline ARCO_21 still has reduced capacity: 9.688 due to Intrinsic Fault
pipeline ARCO_22 still has reduced capacity: 39.328 due to Intrinsic Fault
pipeline ARCO_73 still has reduced capacity: 9.688 due to Intrinsic Fault
Propagate Heavy Faults
Propagate Attacks
Inject Intrinsic Failure To Source
Source NODO_2 is failing for an Intrinsic Fault in day: 352
pipeline ARCO_70 has reduced capacity due to NODO_2 Intrinsic fault
pipeline V_EDGE_53_0 has reduced capacity due to NODO_2 Intrinsic fault
pipeline ARCO_0 has reduced capacity due to NODO_2 Intrinsic fault
Inject Heavy Fault To Sources
Inject Attack Multiple To Source
Inject Intrinsic Fault To Pipeline
Inject Heavy Fault To Pipeline
Inject Attack To Pipeline
----------- Statistics ------------
	Sources Under Attack: 0
	Sources with Heavy Fault: 0
	Sources with Intrinsic Fault: 3
	Arcs with reduce capacity due to Attack: 0
	Arcs with reduce capacity due to Heavy Fault: 0
	Arcs with reduce capacity due to Intrinsic Fault: 19
	Arcs with Attacks: 0
	Arcs with Heavy Fault: 0
	Arcs with Intrinsic Fault: 0
--------- SOURCES STATISTICS ---------------
Demand del real Source[0]: -31.0, flusso erogato: 16.296, flusso entrante: 0.0, efficienza: 52.567741935483866 %
Demand del real Source[8]: -10.5, flusso erogato: 4.2719999999999985, flusso entrante: 0.0, efficienza: 40.68571428571427 %
Demand del real Source[9]: -7.1, flusso erogato: 20.976, flusso entrante: 15.296000000000001, efficienza: 295.4366197183099 %
Demand del real Source[17]: -25.0, flusso erogato: 0.0, flusso entrante: 0.0, efficienza: 0.0 %
Flusso totale entrante nei Real Source: 15.296000000000001
Flusso totale uscente dai Real Source: 41.544000000000004
Flusso netto sui real Source: -26.248000000000005
--- SINKS STATISTICS ---
Sink 3 SODDISFATTO. Flusso netto: 3.43, Demand: 3.43, percentage: 100.0
Sink 4 SODDISFATTO. Flusso netto: 0.5700000000000003, Demand: 0.57, percentage: 100.00000000000007
Sink 5 SODDISFATTO. Flusso netto: 0.6600000000000001, Demand: 0.66, percentage: 100.00000000000003
Sink 11 SODDISFATTO. Flusso netto: 1.03, Demand: 1.03, percentage: 100.0
Sink 15 SODDISFATTO. Flusso netto: 0.45999999999999996, Demand: 0.46, percentage: 99.99999999999999
Sink 16 non è soddisfatto. Flusso netto: 2.83, Demand: 8.4, percentage: 33.69047619047619
Sink 19 non è soddisfatto. Flusso netto: 0.0, Demand: 0.54, percentage: 0.0
Sink 23 non è soddisfatto. Flusso netto: 0.0, Demand: 0.6, percentage: 0.0
Sink 24 non è soddisfatto. Flusso netto: 0.0, Demand: 0.8, percentage: 0.0
Sink 25 non è soddisfatto. Flusso netto: 0.0, Demand: 3.5, percentage: 0.0
Sink 26 non è soddisfatto. Flusso netto: 0.0, Demand: 6.0, percentage: 0.0
Sink 28 non è soddisfatto. Flusso netto: 0.0, Demand: 0.4, percentage: 0.0
Sink 30 non è soddisfatto. Flusso netto: 0.0, Demand: 0.98, percentage: 0.0
Sink 31 non è soddisfatto. Flusso netto: 0.0, Demand: 0.4, percentage: 0.0
Sink 32 SODDISFATTO. Flusso netto: 1.0000000000000009, Demand: 1.0, percentage: 100.00000000000009
Sink 34 SODDISFATTO. Flusso netto: 1.74, Demand: 1.74, percentage: 100.0
Sink 35 SODDISFATTO. Flusso netto: 1.3, Demand: 1.3, percentage: 100.0
Sink 37 SODDISFATTO. Flusso netto: 1.0, Demand: 1.0, percentage: 100.0
Sink 39 non è soddisfatto. Flusso netto: 0.0, Demand: 0.4, percentage: 0.0
Sink 40 non è soddisfatto. Flusso netto: 0.0, Demand: 0.5, percentage: 0.0
Sink 41 SODDISFATTO. Flusso netto: 1.0599999999999987, Demand: 1.06, percentage: 99.99999999999987
Sink 42 SODDISFATTO. Flusso netto: 2.8200000000000003, Demand: 2.82, percentage: 100.00000000000003
Sink 45 SODDISFATTO. Flusso netto: 0.68, Demand: 0.68, percentage: 100.0
Sink 46 SODDISFATTO. Flusso netto: 1.17, Demand: 1.17, percentage: 100.0
Sink 49 non è soddisfatto. Flusso netto: 6.497999999999999, Demand: 7.0, percentage: 92.82857142857142
Flusso totale entrante nei SINK: 55.32000000000001
Flusso totale uscente nei SINK: 29.072
Flusso totale netto nei SINK: 26.248000000000008
Total DEMAND dei SINK: 46.44
Percentual di flusso ai SINK: 0.5652024117140398
Numero di Sink soddisfatti: 13.0, numero totale di sink: 25.0
Percentuale di Sink soddisfatti: 0.52

---------------------------------- DAY 353

Update Fixed Elements from Intrinsic Faults
Source NODO_2 fixed from Intrinsic Fault
Pipeline ARCO_70 fixed due to Source NODO_2 fixing from Intrinsic Fault
Pipeline V_EDGE_53_0 fixed due to Source NODO_2 fixing from Intrinsic Fault
Pipeline ARCO_0 fixed due to Source NODO_2 fixing from Intrinsic Fault
Update Fixed Elements from Heavy Faults
Update Fixed Elements from Attack
Propagate Intrinsic Fault
Node NODO_19 has still failing due to Intrinsic Fault
Node NODO_11 has still failing due to Intrinsic Fault
pipeline ARCO_35 still has reduced capacity: 0.0 due to Intrinsic Fault
pipeline ARCO_109 still has reduced capacity: 0.0 due to Intrinsic Fault
pipeline ARCO_110 still has reduced capacity: 0.0 due to Intrinsic Fault
pipeline V_EDGE_53_17 still has reduced capacity: 0.0 due to Intrinsic Fault
pipeline ARCO_39 still has reduced capacity: 0.0 due to Intrinsic Fault
pipeline ARCO_40 still has reduced capacity: 0.0 due to Intrinsic Fault
pipeline ARCO_105 still has reduced capacity: 0.0 due to Intrinsic Fault
pipeline ARCO_3 still has reduced capacity: 9.688 due to Intrinsic Fault
pipeline ARCO_90 still has reduced capacity: 1.6 due to Intrinsic Fault
pipeline ARCO_91 still has reduced capacity: 9.688 due to Intrinsic Fault
pipeline ARCO_92 still has reduced capacity: 39.328 due to Intrinsic Fault
pipeline V_EDGE_53_9 still has reduced capacity: 5.68 due to Intrinsic Fault
pipeline ARCO_20 still has reduced capacity: 1.6 due to Intrinsic Fault
pipeline ARCO_21 still has reduced capacity: 9.688 due to Intrinsic Fault
pipeline ARCO_22 still has reduced capacity: 39.328 due to Intrinsic Fault
pipeline ARCO_73 still has reduced capacity: 9.688 due to Intrinsic Fault
Propagate Heavy Faults
Propagate Attacks
Inject Intrinsic Failure To Source
Source NODO_2 is failing for an Intrinsic Fault in day: 353
pipeline ARCO_70 has reduced capacity due to NODO_2 Intrinsic fault
pipeline V_EDGE_53_0 has reduced capacity due to NODO_2 Intrinsic fault
pipeline ARCO_0 has reduced capacity due to NODO_2 Intrinsic fault
Inject Heavy Fault To Sources
Inject Attack Multiple To Source
Inject Intrinsic Fault To Pipeline
Inject Heavy Fault To Pipeline
Inject Attack To Pipeline
----------- Statistics ------------
	Sources Under Attack: 0
	Sources with Heavy Fault: 0
	Sources with Intrinsic Fault: 3
	Arcs with reduce capacity due to Attack: 0
	Arcs with reduce capacity due to Heavy Fault: 0
	Arcs with reduce capacity due to Intrinsic Fault: 19
	Arcs with Attacks: 0
	Arcs with Heavy Fault: 0
	Arcs with Intrinsic Fault: 0
--------- SOURCES STATISTICS ---------------
Demand del real Source[0]: -31.0, flusso erogato: 16.296, flusso entrante: 0.0, efficienza: 52.567741935483866 %
Demand del real Source[8]: -10.5, flusso erogato: 4.2719999999999985, flusso entrante: 0.0, efficienza: 40.68571428571427 %
Demand del real Source[9]: -7.1, flusso erogato: 20.976, flusso entrante: 15.296000000000001, efficienza: 295.4366197183099 %
Demand del real Source[17]: -25.0, flusso erogato: 0.0, flusso entrante: 0.0, efficienza: 0.0 %
Flusso totale entrante nei Real Source: 15.296000000000001
Flusso totale uscente dai Real Source: 41.544000000000004
Flusso netto sui real Source: -26.248000000000005
--- SINKS STATISTICS ---
Sink 3 SODDISFATTO. Flusso netto: 3.43, Demand: 3.43, percentage: 100.0
Sink 4 SODDISFATTO. Flusso netto: 0.5700000000000003, Demand: 0.57, percentage: 100.00000000000007
Sink 5 SODDISFATTO. Flusso netto: 0.6600000000000001, Demand: 0.66, percentage: 100.00000000000003
Sink 11 SODDISFATTO. Flusso netto: 1.03, Demand: 1.03, percentage: 100.0
Sink 15 SODDISFATTO. Flusso netto: 0.45999999999999996, Demand: 0.46, percentage: 99.99999999999999
Sink 16 non è soddisfatto. Flusso netto: 2.83, Demand: 8.4, percentage: 33.69047619047619
Sink 19 non è soddisfatto. Flusso netto: 0.0, Demand: 0.54, percentage: 0.0
Sink 23 non è soddisfatto. Flusso netto: 0.0, Demand: 0.6, percentage: 0.0
Sink 24 non è soddisfatto. Flusso netto: 0.0, Demand: 0.8, percentage: 0.0
Sink 25 non è soddisfatto. Flusso netto: 0.0, Demand: 3.5, percentage: 0.0
Sink 26 non è soddisfatto. Flusso netto: 0.0, Demand: 6.0, percentage: 0.0
Sink 28 non è soddisfatto. Flusso netto: 0.0, Demand: 0.4, percentage: 0.0
Sink 30 non è soddisfatto. Flusso netto: 0.0, Demand: 0.98, percentage: 0.0
Sink 31 non è soddisfatto. Flusso netto: 0.0, Demand: 0.4, percentage: 0.0
Sink 32 SODDISFATTO. Flusso netto: 1.0000000000000009, Demand: 1.0, percentage: 100.00000000000009
Sink 34 SODDISFATTO. Flusso netto: 1.74, Demand: 1.74, percentage: 100.0
Sink 35 SODDISFATTO. Flusso netto: 1.3, Demand: 1.3, percentage: 100.0
Sink 37 SODDISFATTO. Flusso netto: 1.0, Demand: 1.0, percentage: 100.0
Sink 39 non è soddisfatto. Flusso netto: 0.0, Demand: 0.4, percentage: 0.0
Sink 40 non è soddisfatto. Flusso netto: 0.0, Demand: 0.5, percentage: 0.0
Sink 41 SODDISFATTO. Flusso netto: 1.0599999999999987, Demand: 1.06, percentage: 99.99999999999987
Sink 42 SODDISFATTO. Flusso netto: 2.8200000000000003, Demand: 2.82, percentage: 100.00000000000003
Sink 45 SODDISFATTO. Flusso netto: 0.68, Demand: 0.68, percentage: 100.0
Sink 46 SODDISFATTO. Flusso netto: 1.17, Demand: 1.17, percentage: 100.0
Sink 49 non è soddisfatto. Flusso netto: 6.497999999999999, Demand: 7.0, percentage: 92.82857142857142
Flusso totale entrante nei SINK: 55.32000000000001
Flusso totale uscente nei SINK: 29.072
Flusso totale netto nei SINK: 26.248000000000008
Total DEMAND dei SINK: 46.44
Percentual di flusso ai SINK: 0.5652024117140398
Numero di Sink soddisfatti: 13.0, numero totale di sink: 25.0
Percentuale di Sink soddisfatti: 0.52

---------------------------------- DAY 354

Update Fixed Elements from Intrinsic Faults
Source NODO_11 fixed from Intrinsic Fault
Pipeline ARCO_3 fixed due to Source NODO_11 fixing from Intrinsic Fault
Pipeline ARCO_90 fixed due to Source NODO_11 fixing from Intrinsic Fault
Pipeline ARCO_91 fixed due to Source NODO_11 fixing from Intrinsic Fault
Pipeline ARCO_92 fixed due to Source NODO_11 fixing from Intrinsic Fault
Pipeline V_EDGE_53_9 fixed due to Source NODO_11 fixing from Intrinsic Fault
Pipeline ARCO_20 fixed due to Source NODO_11 fixing from Intrinsic Fault
Pipeline ARCO_21 fixed due to Source NODO_11 fixing from Intrinsic Fault
Pipeline ARCO_22 fixed due to Source NODO_11 fixing from Intrinsic Fault
Pipeline ARCO_73 fixed due to Source NODO_11 fixing from Intrinsic Fault
Update Fixed Elements from Heavy Faults
Update Fixed Elements from Attack
Propagate Intrinsic Fault
Node NODO_19 has still failing due to Intrinsic Fault
Node NODO_2 has still failing due to Intrinsic Fault
pipeline ARCO_35 still has reduced capacity: 0.0 due to Intrinsic Fault
pipeline ARCO_109 still has reduced capacity: 0.0 due to Intrinsic Fault
pipeline ARCO_110 still has reduced capacity: 0.0 due to Intrinsic Fault
pipeline V_EDGE_53_17 still has reduced capacity: 0.0 due to Intrinsic Fault
pipeline ARCO_39 still has reduced capacity: 0.0 due to Intrinsic Fault
pipeline ARCO_40 still has reduced capacity: 0.0 due to Intrinsic Fault
pipeline ARCO_105 still has reduced capacity: 0.0 due to Intrinsic Fault
pipeline ARCO_70 still has reduced capacity: 24.8 due to Intrinsic Fault
pipeline V_EDGE_53_0 still has reduced capacity: 24.8 due to Intrinsic Fault
pipeline ARCO_0 still has reduced capacity: 24.8 due to Intrinsic Fault
Propagate Heavy Faults
Propagate Attacks
Inject Intrinsic Failure To Source
Inject Heavy Fault To Sources
Inject Attack Multiple To Source
Inject Intrinsic Fault To Pipeline
Inject Heavy Fault To Pipeline
Inject Attack To Pipeline
----------- Statistics ------------
	Sources Under Attack: 0
	Sources with Heavy Fault: 0
	Sources with Intrinsic Fault: 2
	Arcs with reduce capacity due to Attack: 0
	Arcs with reduce capacity due to Heavy Fault: 0
	Arcs with reduce capacity due to Intrinsic Fault: 10
	Arcs with Attacks: 0
	Arcs with Heavy Fault: 0
	Arcs with Intrinsic Fault: 0
--------- SOURCES STATISTICS ---------------
Demand del real Source[0]: -31.0, flusso erogato: 15.440000000000001, flusso entrante: 0.0, efficienza: 49.80645161290323 %
Demand del real Source[8]: -10.5, flusso erogato: 3.8600000000000003, flusso entrante: 0.0, efficienza: 36.76190476190476 %
Demand del real Source[9]: -7.1, flusso erogato: 21.54, flusso entrante: 14.440000000000001, efficienza: 303.38028169014086 %
Demand del real Source[17]: -25.0, flusso erogato: 0.0, flusso entrante: 0.0, efficienza: 0.0 %
Flusso totale entrante nei Real Source: 14.440000000000001
Flusso totale uscente dai Real Source: 40.84
Flusso netto sui real Source: -26.400000000000002
--- SINKS STATISTICS ---
Sink 3 SODDISFATTO. Flusso netto: 3.43, Demand: 3.43, percentage: 100.0
Sink 4 SODDISFATTO. Flusso netto: 0.5700000000000003, Demand: 0.57, percentage: 100.00000000000007
Sink 5 SODDISFATTO. Flusso netto: 0.6600000000000001, Demand: 0.66, percentage: 100.00000000000003
Sink 11 SODDISFATTO. Flusso netto: 1.03, Demand: 1.03, percentage: 100.0
Sink 15 SODDISFATTO. Flusso netto: 0.45999999999999996, Demand: 0.46, percentage: 99.99999999999999
Sink 16 non è soddisfatto. Flusso netto: 2.83, Demand: 8.4, percentage: 33.69047619047619
Sink 19 non è soddisfatto. Flusso netto: 0.0, Demand: 0.54, percentage: 0.0
Sink 23 non è soddisfatto. Flusso netto: 0.0, Demand: 0.6, percentage: 0.0
Sink 24 non è soddisfatto. Flusso netto: 0.0, Demand: 0.8, percentage: 0.0
Sink 25 non è soddisfatto. Flusso netto: 0.0, Demand: 3.5, percentage: 0.0
Sink 26 non è soddisfatto. Flusso netto: 0.0, Demand: 6.0, percentage: 0.0
Sink 28 non è soddisfatto. Flusso netto: 0.0, Demand: 0.4, percentage: 0.0
Sink 30 non è soddisfatto. Flusso netto: 0.0, Demand: 0.98, percentage: 0.0
Sink 31 non è soddisfatto. Flusso netto: 0.0, Demand: 0.4, percentage: 0.0
Sink 32 SODDISFATTO. Flusso netto: 1.0, Demand: 1.0, percentage: 100.0
Sink 34 SODDISFATTO. Flusso netto: 1.74, Demand: 1.74, percentage: 100.0
Sink 35 SODDISFATTO. Flusso netto: 1.3, Demand: 1.3, percentage: 100.0
Sink 37 SODDISFATTO. Flusso netto: 1.0, Demand: 1.0, percentage: 100.0
Sink 39 non è soddisfatto. Flusso netto: 0.0, Demand: 0.4, percentage: 0.0
Sink 40 non è soddisfatto. Flusso netto: 0.0, Demand: 0.5, percentage: 0.0
Sink 41 SODDISFATTO. Flusso netto: 1.0600000000000005, Demand: 1.06, percentage: 100.00000000000004
Sink 42 SODDISFATTO. Flusso netto: 2.8199999999999994, Demand: 2.82, percentage: 99.99999999999999
Sink 45 SODDISFATTO. Flusso netto: 0.68, Demand: 0.68, percentage: 100.0
Sink 46 SODDISFATTO. Flusso netto: 1.17, Demand: 1.17, percentage: 100.0
Sink 49 non è soddisfatto. Flusso netto: 6.6499999999999995, Demand: 7.0, percentage: 95.0
Flusso totale entrante nei SINK: 53.099999999999994
Flusso totale uscente nei SINK: 26.7
Flusso totale netto nei SINK: 26.399999999999995
Total DEMAND dei SINK: 46.44
Percentual di flusso ai SINK: 0.5684754521963824
Numero di Sink soddisfatti: 13.0, numero totale di sink: 25.0
Percentuale di Sink soddisfatti: 0.52

---------------------------------- DAY 355

Update Fixed Elements from Intrinsic Faults
Source NODO_19 fixed from Intrinsic Fault
Pipeline ARCO_35 fixed due to Source NODO_19 fixing from Intrinsic Fault
Pipeline ARCO_109 fixed due to Source NODO_19 fixing from Intrinsic Fault
Pipeline ARCO_110 fixed due to Source NODO_19 fixing from Intrinsic Fault
Pipeline V_EDGE_53_17 fixed due to Source NODO_19 fixing from Intrinsic Fault
Pipeline ARCO_39 fixed due to Source NODO_19 fixing from Intrinsic Fault
Pipeline ARCO_40 fixed due to Source NODO_19 fixing from Intrinsic Fault
Pipeline ARCO_105 fixed due to Source NODO_19 fixing from Intrinsic Fault
Update Fixed Elements from Heavy Faults
Update Fixed Elements from Attack
Propagate Intrinsic Fault
Node NODO_2 has still failing due to Intrinsic Fault
pipeline ARCO_70 still has reduced capacity: 24.8 due to Intrinsic Fault
pipeline V_EDGE_53_0 still has reduced capacity: 24.8 due to Intrinsic Fault
pipeline ARCO_0 still has reduced capacity: 24.8 due to Intrinsic Fault
Propagate Heavy Faults
Propagate Attacks
Inject Intrinsic Failure To Source
Inject Heavy Fault To Sources
Inject Attack Multiple To Source
Inject Intrinsic Fault To Pipeline
Inject Heavy Fault To Pipeline
Inject Attack To Pipeline
----------- Statistics ------------
	Sources Under Attack: 0
	Sources with Heavy Fault: 0
	Sources with Intrinsic Fault: 1
	Arcs with reduce capacity due to Attack: 0
	Arcs with reduce capacity due to Heavy Fault: 0
	Arcs with reduce capacity due to Intrinsic Fault: 3
	Arcs with Attacks: 0
	Arcs with Heavy Fault: 0
	Arcs with Intrinsic Fault: 0
--------- SOURCES STATISTICS ---------------
Demand del real Source[0]: -31.0, flusso erogato: 10.129999999999997, flusso entrante: 0.0, efficienza: 32.6774193548387 %
Demand del real Source[8]: -10.5, flusso erogato: 3.8600000000000003, flusso entrante: 0.0, efficienza: 36.76190476190476 %
Demand del real Source[9]: -7.1, flusso erogato: 16.229999999999997, flusso entrante: 9.129999999999997, efficienza: 228.59154929577463 %
Demand del real Source[17]: -25.0, flusso erogato: 25.000000000000007, flusso entrante: 0.0, efficienza: 100.00000000000003 %
Flusso totale entrante nei Real Source: 9.129999999999997
Flusso totale uscente dai Real Source: 55.220000000000006
Flusso netto sui real Source: -46.09000000000001
--- SINKS STATISTICS ---
Sink 3 SODDISFATTO. Flusso netto: 3.43, Demand: 3.43, percentage: 100.0
Sink 4 SODDISFATTO. Flusso netto: 0.5700000000000003, Demand: 0.57, percentage: 100.00000000000007
Sink 5 SODDISFATTO. Flusso netto: 0.6600000000000001, Demand: 0.66, percentage: 100.00000000000003
Sink 11 SODDISFATTO. Flusso netto: 1.03, Demand: 1.03, percentage: 100.0
Sink 15 SODDISFATTO. Flusso netto: 0.46, Demand: 0.46, percentage: 100.0
Sink 16 SODDISFATTO. Flusso netto: 8.400000000000002, Demand: 8.4, percentage: 100.00000000000003
Sink 19 SODDISFATTO. Flusso netto: 0.5399999999999991, Demand: 0.54, percentage: 99.99999999999983
Sink 23 SODDISFATTO. Flusso netto: 0.5999999999999999, Demand: 0.6, percentage: 99.99999999999997
Sink 24 SODDISFATTO. Flusso netto: 0.8, Demand: 0.8, percentage: 100.0
Sink 25 SODDISFATTO. Flusso netto: 3.5, Demand: 3.5, percentage: 100.0
Sink 26 SODDISFATTO. Flusso netto: 6.000000000000002, Demand: 6.0, percentage: 100.00000000000003
Sink 28 SODDISFATTO. Flusso netto: 0.4, Demand: 0.4, percentage: 100.0
Sink 30 SODDISFATTO. Flusso netto: 0.9799999999999986, Demand: 0.98, percentage: 99.99999999999987
Sink 31 SODDISFATTO. Flusso netto: 0.4, Demand: 0.4, percentage: 100.0
Sink 32 SODDISFATTO. Flusso netto: 0.9999999999999996, Demand: 1.0, percentage: 99.99999999999996
Sink 34 SODDISFATTO. Flusso netto: 1.74, Demand: 1.74, percentage: 100.0
Sink 35 SODDISFATTO. Flusso netto: 1.3, Demand: 1.3, percentage: 100.0
Sink 37 SODDISFATTO. Flusso netto: 1.0, Demand: 1.0, percentage: 100.0
Sink 39 SODDISFATTO. Flusso netto: 0.4, Demand: 0.4, percentage: 100.0
Sink 40 SODDISFATTO. Flusso netto: 0.5, Demand: 0.5, percentage: 100.0
Sink 41 SODDISFATTO. Flusso netto: 1.06, Demand: 1.06, percentage: 100.0
Sink 42 SODDISFATTO. Flusso netto: 2.8199999999999994, Demand: 2.82, percentage: 99.99999999999999
Sink 45 SODDISFATTO. Flusso netto: 0.68, Demand: 0.68, percentage: 100.0
Sink 46 SODDISFATTO. Flusso netto: 1.17, Demand: 1.17, percentage: 100.0
Sink 49 non è soddisfatto. Flusso netto: 6.6499999999999995, Demand: 7.0, percentage: 95.0
Flusso totale entrante nei SINK: 92.61000000000001
Flusso totale uscente nei SINK: 46.52
Flusso totale netto nei SINK: 46.09000000000001
Total DEMAND dei SINK: 46.44
Percentual di flusso ai SINK: 0.9924633936261846
Numero di Sink soddisfatti: 24.0, numero totale di sink: 25.0
Percentuale di Sink soddisfatti: 0.96

---------------------------------- DAY 356

Update Fixed Elements from Intrinsic Faults
Source NODO_2 fixed from Intrinsic Fault
Pipeline ARCO_70 fixed due to Source NODO_2 fixing from Intrinsic Fault
Pipeline V_EDGE_53_0 fixed due to Source NODO_2 fixing from Intrinsic Fault
Pipeline ARCO_0 fixed due to Source NODO_2 fixing from Intrinsic Fault
Update Fixed Elements from Heavy Faults
Update Fixed Elements from Attack
Propagate Intrinsic Fault
Propagate Heavy Faults
Propagate Attacks
Inject Intrinsic Failure To Source
Inject Heavy Fault To Sources
Inject Attack Multiple To Source
Inject Intrinsic Fault To Pipeline
Inject Heavy Fault To Pipeline
Inject Attack To Pipeline
----------- Statistics ------------
	Sources Under Attack: 0
	Sources with Heavy Fault: 0
	Sources with Intrinsic Fault: 0
	Arcs with reduce capacity due to Attack: 0
	Arcs with reduce capacity due to Heavy Fault: 0
	Arcs with reduce capacity due to Intrinsic Fault: 0
	Arcs with Attacks: 0
	Arcs with Heavy Fault: 0
	Arcs with Intrinsic Fault: 0
--------- SOURCES STATISTICS ---------------
Demand del real Source[0]: -31.0, flusso erogato: 10.129999999999997, flusso entrante: 0.0, efficienza: 32.6774193548387 %
Demand del real Source[8]: -10.5, flusso erogato: 3.8600000000000003, flusso entrante: 0.0, efficienza: 36.76190476190476 %
Demand del real Source[9]: -7.1, flusso erogato: 16.229999999999997, flusso entrante: 9.129999999999997, efficienza: 228.59154929577463 %
Demand del real Source[17]: -25.0, flusso erogato: 25.000000000000007, flusso entrante: 0.0, efficienza: 100.00000000000003 %
Flusso totale entrante nei Real Source: 9.129999999999997
Flusso totale uscente dai Real Source: 55.220000000000006
Flusso netto sui real Source: -46.09000000000001
--- SINKS STATISTICS ---
Sink 3 SODDISFATTO. Flusso netto: 3.43, Demand: 3.43, percentage: 100.0
Sink 4 SODDISFATTO. Flusso netto: 0.5700000000000003, Demand: 0.57, percentage: 100.00000000000007
Sink 5 SODDISFATTO. Flusso netto: 0.6600000000000001, Demand: 0.66, percentage: 100.00000000000003
Sink 11 SODDISFATTO. Flusso netto: 1.03, Demand: 1.03, percentage: 100.0
Sink 15 SODDISFATTO. Flusso netto: 0.46, Demand: 0.46, percentage: 100.0
Sink 16 SODDISFATTO. Flusso netto: 8.400000000000002, Demand: 8.4, percentage: 100.00000000000003
Sink 19 SODDISFATTO. Flusso netto: 0.5399999999999991, Demand: 0.54, percentage: 99.99999999999983
Sink 23 SODDISFATTO. Flusso netto: 0.5999999999999999, Demand: 0.6, percentage: 99.99999999999997
Sink 24 SODDISFATTO. Flusso netto: 0.8, Demand: 0.8, percentage: 100.0
Sink 25 SODDISFATTO. Flusso netto: 3.5, Demand: 3.5, percentage: 100.0
Sink 26 SODDISFATTO. Flusso netto: 6.000000000000002, Demand: 6.0, percentage: 100.00000000000003
Sink 28 SODDISFATTO. Flusso netto: 0.4, Demand: 0.4, percentage: 100.0
Sink 30 SODDISFATTO. Flusso netto: 0.9799999999999986, Demand: 0.98, percentage: 99.99999999999987
Sink 31 SODDISFATTO. Flusso netto: 0.4, Demand: 0.4, percentage: 100.0
Sink 32 SODDISFATTO. Flusso netto: 0.9999999999999996, Demand: 1.0, percentage: 99.99999999999996
Sink 34 SODDISFATTO. Flusso netto: 1.74, Demand: 1.74, percentage: 100.0
Sink 35 SODDISFATTO. Flusso netto: 1.3, Demand: 1.3, percentage: 100.0
Sink 37 SODDISFATTO. Flusso netto: 1.0, Demand: 1.0, percentage: 100.0
Sink 39 SODDISFATTO. Flusso netto: 0.4, Demand: 0.4, percentage: 100.0
Sink 40 SODDISFATTO. Flusso netto: 0.5, Demand: 0.5, percentage: 100.0
Sink 41 SODDISFATTO. Flusso netto: 1.06, Demand: 1.06, percentage: 100.0
Sink 42 SODDISFATTO. Flusso netto: 2.8199999999999994, Demand: 2.82, percentage: 99.99999999999999
Sink 45 SODDISFATTO. Flusso netto: 0.68, Demand: 0.68, percentage: 100.0
Sink 46 SODDISFATTO. Flusso netto: 1.17, Demand: 1.17, percentage: 100.0
Sink 49 non è soddisfatto. Flusso netto: 6.6499999999999995, Demand: 7.0, percentage: 95.0
Flusso totale entrante nei SINK: 92.61000000000001
Flusso totale uscente nei SINK: 46.52
Flusso totale netto nei SINK: 46.09000000000001
Total DEMAND dei SINK: 46.44
Percentual di flusso ai SINK: 0.9924633936261846
Numero di Sink soddisfatti: 24.0, numero totale di sink: 25.0
Percentuale di Sink soddisfatti: 0.96

---------------------------------- DAY 357

Update Fixed Elements from Intrinsic Faults
Update Fixed Elements from Heavy Faults
Update Fixed Elements from Attack
Propagate Intrinsic Fault
Propagate Heavy Faults
Propagate Attacks
Inject Intrinsic Failure To Source
Source NODO_2 is failing for an Intrinsic Fault in day: 357
pipeline ARCO_70 has reduced capacity due to NODO_2 Intrinsic fault
pipeline V_EDGE_53_0 has reduced capacity due to NODO_2 Intrinsic fault
pipeline ARCO_0 has reduced capacity due to NODO_2 Intrinsic fault
Inject Heavy Fault To Sources
Inject Attack Multiple To Source
Inject Intrinsic Fault To Pipeline
Inject Heavy Fault To Pipeline
Inject Attack To Pipeline
----------- Statistics ------------
	Sources Under Attack: 0
	Sources with Heavy Fault: 0
	Sources with Intrinsic Fault: 1
	Arcs with reduce capacity due to Attack: 0
	Arcs with reduce capacity due to Heavy Fault: 0
	Arcs with reduce capacity due to Intrinsic Fault: 3
	Arcs with Attacks: 0
	Arcs with Heavy Fault: 0
	Arcs with Intrinsic Fault: 0
--------- SOURCES STATISTICS ---------------
Demand del real Source[0]: -31.0, flusso erogato: 10.129999999999997, flusso entrante: 0.0, efficienza: 32.6774193548387 %
Demand del real Source[8]: -10.5, flusso erogato: 3.8600000000000003, flusso entrante: 0.0, efficienza: 36.76190476190476 %
Demand del real Source[9]: -7.1, flusso erogato: 16.229999999999997, flusso entrante: 9.129999999999997, efficienza: 228.59154929577463 %
Demand del real Source[17]: -25.0, flusso erogato: 25.000000000000007, flusso entrante: 0.0, efficienza: 100.00000000000003 %
Flusso totale entrante nei Real Source: 9.129999999999997
Flusso totale uscente dai Real Source: 55.220000000000006
Flusso netto sui real Source: -46.09000000000001
--- SINKS STATISTICS ---
Sink 3 SODDISFATTO. Flusso netto: 3.43, Demand: 3.43, percentage: 100.0
Sink 4 SODDISFATTO. Flusso netto: 0.5700000000000003, Demand: 0.57, percentage: 100.00000000000007
Sink 5 SODDISFATTO. Flusso netto: 0.6600000000000001, Demand: 0.66, percentage: 100.00000000000003
Sink 11 SODDISFATTO. Flusso netto: 1.03, Demand: 1.03, percentage: 100.0
Sink 15 SODDISFATTO. Flusso netto: 0.46, Demand: 0.46, percentage: 100.0
Sink 16 SODDISFATTO. Flusso netto: 8.400000000000002, Demand: 8.4, percentage: 100.00000000000003
Sink 19 SODDISFATTO. Flusso netto: 0.5399999999999991, Demand: 0.54, percentage: 99.99999999999983
Sink 23 SODDISFATTO. Flusso netto: 0.5999999999999999, Demand: 0.6, percentage: 99.99999999999997
Sink 24 SODDISFATTO. Flusso netto: 0.8, Demand: 0.8, percentage: 100.0
Sink 25 SODDISFATTO. Flusso netto: 3.5, Demand: 3.5, percentage: 100.0
Sink 26 SODDISFATTO. Flusso netto: 6.000000000000002, Demand: 6.0, percentage: 100.00000000000003
Sink 28 SODDISFATTO. Flusso netto: 0.4, Demand: 0.4, percentage: 100.0
Sink 30 SODDISFATTO. Flusso netto: 0.9799999999999986, Demand: 0.98, percentage: 99.99999999999987
Sink 31 SODDISFATTO. Flusso netto: 0.4, Demand: 0.4, percentage: 100.0
Sink 32 SODDISFATTO. Flusso netto: 0.9999999999999996, Demand: 1.0, percentage: 99.99999999999996
Sink 34 SODDISFATTO. Flusso netto: 1.74, Demand: 1.74, percentage: 100.0
Sink 35 SODDISFATTO. Flusso netto: 1.3, Demand: 1.3, percentage: 100.0
Sink 37 SODDISFATTO. Flusso netto: 1.0, Demand: 1.0, percentage: 100.0
Sink 39 SODDISFATTO. Flusso netto: 0.4, Demand: 0.4, percentage: 100.0
Sink 40 SODDISFATTO. Flusso netto: 0.5, Demand: 0.5, percentage: 100.0
Sink 41 SODDISFATTO. Flusso netto: 1.06, Demand: 1.06, percentage: 100.0
Sink 42 SODDISFATTO. Flusso netto: 2.8199999999999994, Demand: 2.82, percentage: 99.99999999999999
Sink 45 SODDISFATTO. Flusso netto: 0.68, Demand: 0.68, percentage: 100.0
Sink 46 SODDISFATTO. Flusso netto: 1.17, Demand: 1.17, percentage: 100.0
Sink 49 non è soddisfatto. Flusso netto: 6.6499999999999995, Demand: 7.0, percentage: 95.0
Flusso totale entrante nei SINK: 92.61000000000001
Flusso totale uscente nei SINK: 46.52
Flusso totale netto nei SINK: 46.09000000000001
Total DEMAND dei SINK: 46.44
Percentual di flusso ai SINK: 0.9924633936261846
Numero di Sink soddisfatti: 24.0, numero totale di sink: 25.0
Percentuale di Sink soddisfatti: 0.96

---------------------------------- DAY 358

Update Fixed Elements from Intrinsic Faults
Update Fixed Elements from Heavy Faults
Update Fixed Elements from Attack
Propagate Intrinsic Fault
Node NODO_2 has still failing due to Intrinsic Fault
pipeline ARCO_70 still has reduced capacity: 24.8 due to Intrinsic Fault
pipeline V_EDGE_53_0 still has reduced capacity: 24.8 due to Intrinsic Fault
pipeline ARCO_0 still has reduced capacity: 24.8 due to Intrinsic Fault
Propagate Heavy Faults
Propagate Attacks
Inject Intrinsic Failure To Source
Inject Heavy Fault To Sources
Inject Attack Multiple To Source
Inject Intrinsic Fault To Pipeline
Inject Heavy Fault To Pipeline
Inject Attack To Pipeline
----------- Statistics ------------
	Sources Under Attack: 0
	Sources with Heavy Fault: 0
	Sources with Intrinsic Fault: 1
	Arcs with reduce capacity due to Attack: 0
	Arcs with reduce capacity due to Heavy Fault: 0
	Arcs with reduce capacity due to Intrinsic Fault: 3
	Arcs with Attacks: 0
	Arcs with Heavy Fault: 0
	Arcs with Intrinsic Fault: 0
--------- SOURCES STATISTICS ---------------
Demand del real Source[0]: -31.0, flusso erogato: 10.129999999999997, flusso entrante: 0.0, efficienza: 32.6774193548387 %
Demand del real Source[8]: -10.5, flusso erogato: 3.8600000000000003, flusso entrante: 0.0, efficienza: 36.76190476190476 %
Demand del real Source[9]: -7.1, flusso erogato: 16.229999999999997, flusso entrante: 9.129999999999997, efficienza: 228.59154929577463 %
Demand del real Source[17]: -25.0, flusso erogato: 25.000000000000007, flusso entrante: 0.0, efficienza: 100.00000000000003 %
Flusso totale entrante nei Real Source: 9.129999999999997
Flusso totale uscente dai Real Source: 55.220000000000006
Flusso netto sui real Source: -46.09000000000001
--- SINKS STATISTICS ---
Sink 3 SODDISFATTO. Flusso netto: 3.43, Demand: 3.43, percentage: 100.0
Sink 4 SODDISFATTO. Flusso netto: 0.5700000000000003, Demand: 0.57, percentage: 100.00000000000007
Sink 5 SODDISFATTO. Flusso netto: 0.6600000000000001, Demand: 0.66, percentage: 100.00000000000003
Sink 11 SODDISFATTO. Flusso netto: 1.03, Demand: 1.03, percentage: 100.0
Sink 15 SODDISFATTO. Flusso netto: 0.46, Demand: 0.46, percentage: 100.0
Sink 16 SODDISFATTO. Flusso netto: 8.400000000000002, Demand: 8.4, percentage: 100.00000000000003
Sink 19 SODDISFATTO. Flusso netto: 0.5399999999999991, Demand: 0.54, percentage: 99.99999999999983
Sink 23 SODDISFATTO. Flusso netto: 0.5999999999999999, Demand: 0.6, percentage: 99.99999999999997
Sink 24 SODDISFATTO. Flusso netto: 0.8, Demand: 0.8, percentage: 100.0
Sink 25 SODDISFATTO. Flusso netto: 3.5, Demand: 3.5, percentage: 100.0
Sink 26 SODDISFATTO. Flusso netto: 6.000000000000002, Demand: 6.0, percentage: 100.00000000000003
Sink 28 SODDISFATTO. Flusso netto: 0.4, Demand: 0.4, percentage: 100.0
Sink 30 SODDISFATTO. Flusso netto: 0.9799999999999986, Demand: 0.98, percentage: 99.99999999999987
Sink 31 SODDISFATTO. Flusso netto: 0.4, Demand: 0.4, percentage: 100.0
Sink 32 SODDISFATTO. Flusso netto: 0.9999999999999996, Demand: 1.0, percentage: 99.99999999999996
Sink 34 SODDISFATTO. Flusso netto: 1.74, Demand: 1.74, percentage: 100.0
Sink 35 SODDISFATTO. Flusso netto: 1.3, Demand: 1.3, percentage: 100.0
Sink 37 SODDISFATTO. Flusso netto: 1.0, Demand: 1.0, percentage: 100.0
Sink 39 SODDISFATTO. Flusso netto: 0.4, Demand: 0.4, percentage: 100.0
Sink 40 SODDISFATTO. Flusso netto: 0.5, Demand: 0.5, percentage: 100.0
Sink 41 SODDISFATTO. Flusso netto: 1.06, Demand: 1.06, percentage: 100.0
Sink 42 SODDISFATTO. Flusso netto: 2.8199999999999994, Demand: 2.82, percentage: 99.99999999999999
Sink 45 SODDISFATTO. Flusso netto: 0.68, Demand: 0.68, percentage: 100.0
Sink 46 SODDISFATTO. Flusso netto: 1.17, Demand: 1.17, percentage: 100.0
Sink 49 non è soddisfatto. Flusso netto: 6.6499999999999995, Demand: 7.0, percentage: 95.0
Flusso totale entrante nei SINK: 92.61000000000001
Flusso totale uscente nei SINK: 46.52
Flusso totale netto nei SINK: 46.09000000000001
Total DEMAND dei SINK: 46.44
Percentual di flusso ai SINK: 0.9924633936261846
Numero di Sink soddisfatti: 24.0, numero totale di sink: 25.0
Percentuale di Sink soddisfatti: 0.96

---------------------------------- DAY 359

Update Fixed Elements from Intrinsic Faults
Update Fixed Elements from Heavy Faults
Update Fixed Elements from Attack
Propagate Intrinsic Fault
Node NODO_2 has still failing due to Intrinsic Fault
pipeline ARCO_70 still has reduced capacity: 24.8 due to Intrinsic Fault
pipeline V_EDGE_53_0 still has reduced capacity: 24.8 due to Intrinsic Fault
pipeline ARCO_0 still has reduced capacity: 24.8 due to Intrinsic Fault
Propagate Heavy Faults
Propagate Attacks
Inject Intrinsic Failure To Source
Inject Heavy Fault To Sources
Inject Attack Multiple To Source
Inject Intrinsic Fault To Pipeline
Inject Heavy Fault To Pipeline
Inject Attack To Pipeline
----------- Statistics ------------
	Sources Under Attack: 0
	Sources with Heavy Fault: 0
	Sources with Intrinsic Fault: 1
	Arcs with reduce capacity due to Attack: 0
	Arcs with reduce capacity due to Heavy Fault: 0
	Arcs with reduce capacity due to Intrinsic Fault: 3
	Arcs with Attacks: 0
	Arcs with Heavy Fault: 0
	Arcs with Intrinsic Fault: 0
--------- SOURCES STATISTICS ---------------
Demand del real Source[0]: -31.0, flusso erogato: 10.129999999999997, flusso entrante: 0.0, efficienza: 32.6774193548387 %
Demand del real Source[8]: -10.5, flusso erogato: 3.8600000000000003, flusso entrante: 0.0, efficienza: 36.76190476190476 %
Demand del real Source[9]: -7.1, flusso erogato: 16.229999999999997, flusso entrante: 9.129999999999997, efficienza: 228.59154929577463 %
Demand del real Source[17]: -25.0, flusso erogato: 25.000000000000007, flusso entrante: 0.0, efficienza: 100.00000000000003 %
Flusso totale entrante nei Real Source: 9.129999999999997
Flusso totale uscente dai Real Source: 55.220000000000006
Flusso netto sui real Source: -46.09000000000001
--- SINKS STATISTICS ---
Sink 3 SODDISFATTO. Flusso netto: 3.43, Demand: 3.43, percentage: 100.0
Sink 4 SODDISFATTO. Flusso netto: 0.5700000000000003, Demand: 0.57, percentage: 100.00000000000007
Sink 5 SODDISFATTO. Flusso netto: 0.6600000000000001, Demand: 0.66, percentage: 100.00000000000003
Sink 11 SODDISFATTO. Flusso netto: 1.03, Demand: 1.03, percentage: 100.0
Sink 15 SODDISFATTO. Flusso netto: 0.46, Demand: 0.46, percentage: 100.0
Sink 16 SODDISFATTO. Flusso netto: 8.400000000000002, Demand: 8.4, percentage: 100.00000000000003
Sink 19 SODDISFATTO. Flusso netto: 0.5399999999999991, Demand: 0.54, percentage: 99.99999999999983
Sink 23 SODDISFATTO. Flusso netto: 0.5999999999999999, Demand: 0.6, percentage: 99.99999999999997
Sink 24 SODDISFATTO. Flusso netto: 0.8, Demand: 0.8, percentage: 100.0
Sink 25 SODDISFATTO. Flusso netto: 3.5, Demand: 3.5, percentage: 100.0
Sink 26 SODDISFATTO. Flusso netto: 6.000000000000002, Demand: 6.0, percentage: 100.00000000000003
Sink 28 SODDISFATTO. Flusso netto: 0.4, Demand: 0.4, percentage: 100.0
Sink 30 SODDISFATTO. Flusso netto: 0.9799999999999986, Demand: 0.98, percentage: 99.99999999999987
Sink 31 SODDISFATTO. Flusso netto: 0.4, Demand: 0.4, percentage: 100.0
Sink 32 SODDISFATTO. Flusso netto: 0.9999999999999996, Demand: 1.0, percentage: 99.99999999999996
Sink 34 SODDISFATTO. Flusso netto: 1.74, Demand: 1.74, percentage: 100.0
Sink 35 SODDISFATTO. Flusso netto: 1.3, Demand: 1.3, percentage: 100.0
Sink 37 SODDISFATTO. Flusso netto: 1.0, Demand: 1.0, percentage: 100.0
Sink 39 SODDISFATTO. Flusso netto: 0.4, Demand: 0.4, percentage: 100.0
Sink 40 SODDISFATTO. Flusso netto: 0.5, Demand: 0.5, percentage: 100.0
Sink 41 SODDISFATTO. Flusso netto: 1.06, Demand: 1.06, percentage: 100.0
Sink 42 SODDISFATTO. Flusso netto: 2.8199999999999994, Demand: 2.82, percentage: 99.99999999999999
Sink 45 SODDISFATTO. Flusso netto: 0.68, Demand: 0.68, percentage: 100.0
Sink 46 SODDISFATTO. Flusso netto: 1.17, Demand: 1.17, percentage: 100.0
Sink 49 non è soddisfatto. Flusso netto: 6.6499999999999995, Demand: 7.0, percentage: 95.0
Flusso totale entrante nei SINK: 92.61000000000001
Flusso totale uscente nei SINK: 46.52
Flusso totale netto nei SINK: 46.09000000000001
Total DEMAND dei SINK: 46.44
Percentual di flusso ai SINK: 0.9924633936261846
Numero di Sink soddisfatti: 24.0, numero totale di sink: 25.0
Percentuale di Sink soddisfatti: 0.96

---------------------------------- DAY 360

Update Fixed Elements from Intrinsic Faults
Source NODO_2 fixed from Intrinsic Fault
Pipeline ARCO_70 fixed due to Source NODO_2 fixing from Intrinsic Fault
Pipeline V_EDGE_53_0 fixed due to Source NODO_2 fixing from Intrinsic Fault
Pipeline ARCO_0 fixed due to Source NODO_2 fixing from Intrinsic Fault
Update Fixed Elements from Heavy Faults
Update Fixed Elements from Attack
Propagate Intrinsic Fault
Propagate Heavy Faults
Propagate Attacks
Inject Intrinsic Failure To Source
Inject Heavy Fault To Sources
Inject Attack Multiple To Source
Inject Intrinsic Fault To Pipeline
Inject Heavy Fault To Pipeline
Inject Attack To Pipeline
----------- Statistics ------------
	Sources Under Attack: 0
	Sources with Heavy Fault: 0
	Sources with Intrinsic Fault: 0
	Arcs with reduce capacity due to Attack: 0
	Arcs with reduce capacity due to Heavy Fault: 0
	Arcs with reduce capacity due to Intrinsic Fault: 0
	Arcs with Attacks: 0
	Arcs with Heavy Fault: 0
	Arcs with Intrinsic Fault: 0
--------- SOURCES STATISTICS ---------------
Demand del real Source[0]: -31.0, flusso erogato: 10.129999999999997, flusso entrante: 0.0, efficienza: 32.6774193548387 %
Demand del real Source[8]: -10.5, flusso erogato: 3.8600000000000003, flusso entrante: 0.0, efficienza: 36.76190476190476 %
Demand del real Source[9]: -7.1, flusso erogato: 16.229999999999997, flusso entrante: 9.129999999999997, efficienza: 228.59154929577463 %
Demand del real Source[17]: -25.0, flusso erogato: 25.000000000000007, flusso entrante: 0.0, efficienza: 100.00000000000003 %
Flusso totale entrante nei Real Source: 9.129999999999997
Flusso totale uscente dai Real Source: 55.220000000000006
Flusso netto sui real Source: -46.09000000000001
--- SINKS STATISTICS ---
Sink 3 SODDISFATTO. Flusso netto: 3.43, Demand: 3.43, percentage: 100.0
Sink 4 SODDISFATTO. Flusso netto: 0.5700000000000003, Demand: 0.57, percentage: 100.00000000000007
Sink 5 SODDISFATTO. Flusso netto: 0.6600000000000001, Demand: 0.66, percentage: 100.00000000000003
Sink 11 SODDISFATTO. Flusso netto: 1.03, Demand: 1.03, percentage: 100.0
Sink 15 SODDISFATTO. Flusso netto: 0.46, Demand: 0.46, percentage: 100.0
Sink 16 SODDISFATTO. Flusso netto: 8.400000000000002, Demand: 8.4, percentage: 100.00000000000003
Sink 19 SODDISFATTO. Flusso netto: 0.5399999999999991, Demand: 0.54, percentage: 99.99999999999983
Sink 23 SODDISFATTO. Flusso netto: 0.5999999999999999, Demand: 0.6, percentage: 99.99999999999997
Sink 24 SODDISFATTO. Flusso netto: 0.8, Demand: 0.8, percentage: 100.0
Sink 25 SODDISFATTO. Flusso netto: 3.5, Demand: 3.5, percentage: 100.0
Sink 26 SODDISFATTO. Flusso netto: 6.000000000000002, Demand: 6.0, percentage: 100.00000000000003
Sink 28 SODDISFATTO. Flusso netto: 0.4, Demand: 0.4, percentage: 100.0
Sink 30 SODDISFATTO. Flusso netto: 0.9799999999999986, Demand: 0.98, percentage: 99.99999999999987
Sink 31 SODDISFATTO. Flusso netto: 0.4, Demand: 0.4, percentage: 100.0
Sink 32 SODDISFATTO. Flusso netto: 0.9999999999999996, Demand: 1.0, percentage: 99.99999999999996
Sink 34 SODDISFATTO. Flusso netto: 1.74, Demand: 1.74, percentage: 100.0
Sink 35 SODDISFATTO. Flusso netto: 1.3, Demand: 1.3, percentage: 100.0
Sink 37 SODDISFATTO. Flusso netto: 1.0, Demand: 1.0, percentage: 100.0
Sink 39 SODDISFATTO. Flusso netto: 0.4, Demand: 0.4, percentage: 100.0
Sink 40 SODDISFATTO. Flusso netto: 0.5, Demand: 0.5, percentage: 100.0
Sink 41 SODDISFATTO. Flusso netto: 1.06, Demand: 1.06, percentage: 100.0
Sink 42 SODDISFATTO. Flusso netto: 2.8199999999999994, Demand: 2.82, percentage: 99.99999999999999
Sink 45 SODDISFATTO. Flusso netto: 0.68, Demand: 0.68, percentage: 100.0
Sink 46 SODDISFATTO. Flusso netto: 1.17, Demand: 1.17, percentage: 100.0
Sink 49 non è soddisfatto. Flusso netto: 6.6499999999999995, Demand: 7.0, percentage: 95.0
Flusso totale entrante nei SINK: 92.61000000000001
Flusso totale uscente nei SINK: 46.52
Flusso totale netto nei SINK: 46.09000000000001
Total DEMAND dei SINK: 46.44
Percentual di flusso ai SINK: 0.9924633936261846
Numero di Sink soddisfatti: 24.0, numero totale di sink: 25.0
Percentuale di Sink soddisfatti: 0.96

---------------------------------- DAY 361

Update Fixed Elements from Intrinsic Faults
Update Fixed Elements from Heavy Faults
Update Fixed Elements from Attack
Propagate Intrinsic Fault
Propagate Heavy Faults
Propagate Attacks
Inject Intrinsic Failure To Source
Source NODO_11 is failing for an Intrinsic Fault in day: 361
pipeline ARCO_3 has reduced capacity due to NODO_11 Intrinsic fault
pipeline ARCO_90 has reduced capacity due to NODO_11 Intrinsic fault
pipeline ARCO_91 has reduced capacity due to NODO_11 Intrinsic fault
pipeline ARCO_92 has reduced capacity due to NODO_11 Intrinsic fault
pipeline V_EDGE_53_9 has reduced capacity due to NODO_11 Intrinsic fault
pipeline ARCO_20 has reduced capacity due to NODO_11 Intrinsic fault
pipeline ARCO_21 has reduced capacity due to NODO_11 Intrinsic fault
pipeline ARCO_22 has reduced capacity due to NODO_11 Intrinsic fault
pipeline ARCO_73 has reduced capacity due to NODO_11 Intrinsic fault
Inject Heavy Fault To Sources
Inject Attack Multiple To Source
Inject Intrinsic Fault To Pipeline
Inject Heavy Fault To Pipeline
Inject Attack To Pipeline
----------- Statistics ------------
	Sources Under Attack: 0
	Sources with Heavy Fault: 0
	Sources with Intrinsic Fault: 1
	Arcs with reduce capacity due to Attack: 0
	Arcs with reduce capacity due to Heavy Fault: 0
	Arcs with reduce capacity due to Intrinsic Fault: 9
	Arcs with Attacks: 0
	Arcs with Heavy Fault: 0
	Arcs with Intrinsic Fault: 0
--------- SOURCES STATISTICS ---------------
Demand del real Source[0]: -31.0, flusso erogato: 11.397999999999998, flusso entrante: 0.0, efficienza: 36.76774193548387 %
Demand del real Source[8]: -10.5, flusso erogato: 3.8600000000000003, flusso entrante: 0.0, efficienza: 36.76190476190476 %
Demand del real Source[9]: -7.1, flusso erogato: 16.077999999999996, flusso entrante: 10.397999999999998, efficienza: 226.45070422535207 %
Demand del real Source[17]: -25.0, flusso erogato: 25.000000000000007, flusso entrante: 0.0, efficienza: 100.00000000000003 %
Flusso totale entrante nei Real Source: 10.397999999999998
Flusso totale uscente dai Real Source: 56.336000000000006
Flusso netto sui real Source: -45.93800000000001
--- SINKS STATISTICS ---
Sink 3 SODDISFATTO. Flusso netto: 3.43, Demand: 3.43, percentage: 100.0
Sink 4 SODDISFATTO. Flusso netto: 0.5700000000000003, Demand: 0.57, percentage: 100.00000000000007
Sink 5 SODDISFATTO. Flusso netto: 0.6600000000000001, Demand: 0.66, percentage: 100.00000000000003
Sink 11 SODDISFATTO. Flusso netto: 1.03, Demand: 1.03, percentage: 100.0
Sink 15 SODDISFATTO. Flusso netto: 0.46, Demand: 0.46, percentage: 100.0
Sink 16 SODDISFATTO. Flusso netto: 8.400000000000002, Demand: 8.4, percentage: 100.00000000000003
Sink 19 SODDISFATTO. Flusso netto: 0.5399999999999991, Demand: 0.54, percentage: 99.99999999999983
Sink 23 SODDISFATTO. Flusso netto: 0.5999999999999999, Demand: 0.6, percentage: 99.99999999999997
Sink 24 SODDISFATTO. Flusso netto: 0.8, Demand: 0.8, percentage: 100.0
Sink 25 SODDISFATTO. Flusso netto: 3.5, Demand: 3.5, percentage: 100.0
Sink 26 SODDISFATTO. Flusso netto: 6.000000000000002, Demand: 6.0, percentage: 100.00000000000003
Sink 28 SODDISFATTO. Flusso netto: 0.4, Demand: 0.4, percentage: 100.0
Sink 30 SODDISFATTO. Flusso netto: 0.9799999999999986, Demand: 0.98, percentage: 99.99999999999987
Sink 31 SODDISFATTO. Flusso netto: 0.4, Demand: 0.4, percentage: 100.0
Sink 32 SODDISFATTO. Flusso netto: 0.9999999999999996, Demand: 1.0, percentage: 99.99999999999996
Sink 34 SODDISFATTO. Flusso netto: 1.74, Demand: 1.74, percentage: 100.0
Sink 35 SODDISFATTO. Flusso netto: 1.3, Demand: 1.3, percentage: 100.0
Sink 37 SODDISFATTO. Flusso netto: 1.0, Demand: 1.0, percentage: 100.0
Sink 39 SODDISFATTO. Flusso netto: 0.4, Demand: 0.4, percentage: 100.0
Sink 40 SODDISFATTO. Flusso netto: 0.5, Demand: 0.5, percentage: 100.0
Sink 41 SODDISFATTO. Flusso netto: 1.0599999999999996, Demand: 1.06, percentage: 99.99999999999996
Sink 42 SODDISFATTO. Flusso netto: 2.8200000000000003, Demand: 2.82, percentage: 100.00000000000003
Sink 45 SODDISFATTO. Flusso netto: 0.68, Demand: 0.68, percentage: 100.0
Sink 46 SODDISFATTO. Flusso netto: 1.17, Demand: 1.17, percentage: 100.0
Sink 49 non è soddisfatto. Flusso netto: 6.497999999999999, Demand: 7.0, percentage: 92.82857142857142
Flusso totale entrante nei SINK: 95.24200000000002
Flusso totale uscente nei SINK: 49.304
Flusso totale netto nei SINK: 45.93800000000002
Total DEMAND dei SINK: 46.44
Percentual di flusso ai SINK: 0.989190353143842
Numero di Sink soddisfatti: 24.0, numero totale di sink: 25.0
Percentuale di Sink soddisfatti: 0.96

---------------------------------- DAY 362

Update Fixed Elements from Intrinsic Faults
Update Fixed Elements from Heavy Faults
Update Fixed Elements from Attack
Propagate Intrinsic Fault
Node NODO_11 has still failing due to Intrinsic Fault
pipeline ARCO_3 still has reduced capacity: 9.688 due to Intrinsic Fault
pipeline ARCO_90 still has reduced capacity: 1.6 due to Intrinsic Fault
pipeline ARCO_91 still has reduced capacity: 9.688 due to Intrinsic Fault
pipeline ARCO_92 still has reduced capacity: 39.328 due to Intrinsic Fault
pipeline V_EDGE_53_9 still has reduced capacity: 5.68 due to Intrinsic Fault
pipeline ARCO_20 still has reduced capacity: 1.6 due to Intrinsic Fault
pipeline ARCO_21 still has reduced capacity: 9.688 due to Intrinsic Fault
pipeline ARCO_22 still has reduced capacity: 39.328 due to Intrinsic Fault
pipeline ARCO_73 still has reduced capacity: 9.688 due to Intrinsic Fault
Propagate Heavy Faults
Propagate Attacks
Inject Intrinsic Failure To Source
Inject Heavy Fault To Sources
Inject Attack Multiple To Source
Inject Intrinsic Fault To Pipeline
Inject Heavy Fault To Pipeline
Inject Attack To Pipeline
----------- Statistics ------------
	Sources Under Attack: 0
	Sources with Heavy Fault: 0
	Sources with Intrinsic Fault: 1
	Arcs with reduce capacity due to Attack: 0
	Arcs with reduce capacity due to Heavy Fault: 0
	Arcs with reduce capacity due to Intrinsic Fault: 9
	Arcs with Attacks: 0
	Arcs with Heavy Fault: 0
	Arcs with Intrinsic Fault: 0
--------- SOURCES STATISTICS ---------------
Demand del real Source[0]: -31.0, flusso erogato: 11.397999999999998, flusso entrante: 0.0, efficienza: 36.76774193548387 %
Demand del real Source[8]: -10.5, flusso erogato: 3.8600000000000003, flusso entrante: 0.0, efficienza: 36.76190476190476 %
Demand del real Source[9]: -7.1, flusso erogato: 16.077999999999996, flusso entrante: 10.397999999999998, efficienza: 226.45070422535207 %
Demand del real Source[17]: -25.0, flusso erogato: 25.000000000000007, flusso entrante: 0.0, efficienza: 100.00000000000003 %
Flusso totale entrante nei Real Source: 10.397999999999998
Flusso totale uscente dai Real Source: 56.336000000000006
Flusso netto sui real Source: -45.93800000000001
--- SINKS STATISTICS ---
Sink 3 SODDISFATTO. Flusso netto: 3.43, Demand: 3.43, percentage: 100.0
Sink 4 SODDISFATTO. Flusso netto: 0.5700000000000003, Demand: 0.57, percentage: 100.00000000000007
Sink 5 SODDISFATTO. Flusso netto: 0.6600000000000001, Demand: 0.66, percentage: 100.00000000000003
Sink 11 SODDISFATTO. Flusso netto: 1.03, Demand: 1.03, percentage: 100.0
Sink 15 SODDISFATTO. Flusso netto: 0.46, Demand: 0.46, percentage: 100.0
Sink 16 SODDISFATTO. Flusso netto: 8.400000000000002, Demand: 8.4, percentage: 100.00000000000003
Sink 19 SODDISFATTO. Flusso netto: 0.5399999999999991, Demand: 0.54, percentage: 99.99999999999983
Sink 23 SODDISFATTO. Flusso netto: 0.5999999999999999, Demand: 0.6, percentage: 99.99999999999997
Sink 24 SODDISFATTO. Flusso netto: 0.8, Demand: 0.8, percentage: 100.0
Sink 25 SODDISFATTO. Flusso netto: 3.5, Demand: 3.5, percentage: 100.0
Sink 26 SODDISFATTO. Flusso netto: 6.000000000000002, Demand: 6.0, percentage: 100.00000000000003
Sink 28 SODDISFATTO. Flusso netto: 0.4, Demand: 0.4, percentage: 100.0
Sink 30 SODDISFATTO. Flusso netto: 0.9799999999999986, Demand: 0.98, percentage: 99.99999999999987
Sink 31 SODDISFATTO. Flusso netto: 0.4, Demand: 0.4, percentage: 100.0
Sink 32 SODDISFATTO. Flusso netto: 0.9999999999999996, Demand: 1.0, percentage: 99.99999999999996
Sink 34 SODDISFATTO. Flusso netto: 1.74, Demand: 1.74, percentage: 100.0
Sink 35 SODDISFATTO. Flusso netto: 1.3, Demand: 1.3, percentage: 100.0
Sink 37 SODDISFATTO. Flusso netto: 1.0, Demand: 1.0, percentage: 100.0
Sink 39 SODDISFATTO. Flusso netto: 0.4, Demand: 0.4, percentage: 100.0
Sink 40 SODDISFATTO. Flusso netto: 0.5, Demand: 0.5, percentage: 100.0
Sink 41 SODDISFATTO. Flusso netto: 1.0599999999999996, Demand: 1.06, percentage: 99.99999999999996
Sink 42 SODDISFATTO. Flusso netto: 2.8200000000000003, Demand: 2.82, percentage: 100.00000000000003
Sink 45 SODDISFATTO. Flusso netto: 0.68, Demand: 0.68, percentage: 100.0
Sink 46 SODDISFATTO. Flusso netto: 1.17, Demand: 1.17, percentage: 100.0
Sink 49 non è soddisfatto. Flusso netto: 6.497999999999999, Demand: 7.0, percentage: 92.82857142857142
Flusso totale entrante nei SINK: 95.24200000000002
Flusso totale uscente nei SINK: 49.304
Flusso totale netto nei SINK: 45.93800000000002
Total DEMAND dei SINK: 46.44
Percentual di flusso ai SINK: 0.989190353143842
Numero di Sink soddisfatti: 24.0, numero totale di sink: 25.0
Percentuale di Sink soddisfatti: 0.96

---------------------------------- DAY 363

Update Fixed Elements from Intrinsic Faults
Update Fixed Elements from Heavy Faults
Update Fixed Elements from Attack
Propagate Intrinsic Fault
Node NODO_11 has still failing due to Intrinsic Fault
pipeline ARCO_3 still has reduced capacity: 9.688 due to Intrinsic Fault
pipeline ARCO_90 still has reduced capacity: 1.6 due to Intrinsic Fault
pipeline ARCO_91 still has reduced capacity: 9.688 due to Intrinsic Fault
pipeline ARCO_92 still has reduced capacity: 39.328 due to Intrinsic Fault
pipeline V_EDGE_53_9 still has reduced capacity: 5.68 due to Intrinsic Fault
pipeline ARCO_20 still has reduced capacity: 1.6 due to Intrinsic Fault
pipeline ARCO_21 still has reduced capacity: 9.688 due to Intrinsic Fault
pipeline ARCO_22 still has reduced capacity: 39.328 due to Intrinsic Fault
pipeline ARCO_73 still has reduced capacity: 9.688 due to Intrinsic Fault
Propagate Heavy Faults
Propagate Attacks
Inject Intrinsic Failure To Source
Source NODO_10 is failing for an Intrinsic Fault in day: 363
pipeline ARCO_17 has reduced capacity due to NODO_10 Intrinsic fault
pipeline ARCO_88 has reduced capacity due to NODO_10 Intrinsic fault
pipeline ARCO_89 has reduced capacity due to NODO_10 Intrinsic fault
pipeline V_EDGE_53_8 has reduced capacity due to NODO_10 Intrinsic fault
pipeline ARCO_18 has reduced capacity due to NODO_10 Intrinsic fault
pipeline ARCO_19 has reduced capacity due to NODO_10 Intrinsic fault
pipeline ARCO_87 has reduced capacity due to NODO_10 Intrinsic fault
Inject Heavy Fault To Sources
Inject Attack Multiple To Source
Inject Intrinsic Fault To Pipeline
Inject Heavy Fault To Pipeline
Inject Attack To Pipeline
----------- Statistics ------------
	Sources Under Attack: 0
	Sources with Heavy Fault: 0
	Sources with Intrinsic Fault: 2
	Arcs with reduce capacity due to Attack: 0
	Arcs with reduce capacity due to Heavy Fault: 0
	Arcs with reduce capacity due to Intrinsic Fault: 16
	Arcs with Attacks: 0
	Arcs with Heavy Fault: 0
	Arcs with Intrinsic Fault: 0
--------- SOURCES STATISTICS ---------------
Demand del real Source[0]: -31.0, flusso erogato: 12.427999999999997, flusso entrante: 0.0, efficienza: 40.09032258064516 %
Demand del real Source[8]: -10.5, flusso erogato: 0.0, flusso entrante: 0.0, efficienza: 0.0 %
Demand del real Source[9]: -7.1, flusso erogato: 17.107999999999997, flusso entrante: 11.427999999999999, efficienza: 240.9577464788732 %
Demand del real Source[17]: -25.0, flusso erogato: 25.000000000000007, flusso entrante: 0.0, efficienza: 100.00000000000003 %
Flusso totale entrante nei Real Source: 11.427999999999999
Flusso totale uscente dai Real Source: 54.536
Flusso netto sui real Source: -43.108000000000004
--- SINKS STATISTICS ---
Sink 3 SODDISFATTO. Flusso netto: 3.43, Demand: 3.43, percentage: 100.0
Sink 4 SODDISFATTO. Flusso netto: 0.5700000000000003, Demand: 0.57, percentage: 100.00000000000007
Sink 5 SODDISFATTO. Flusso netto: 0.6599999999999997, Demand: 0.66, percentage: 99.99999999999994
Sink 11 SODDISFATTO. Flusso netto: 1.03, Demand: 1.03, percentage: 100.0
Sink 15 SODDISFATTO. Flusso netto: 0.46, Demand: 0.46, percentage: 100.0
Sink 16 SODDISFATTO. Flusso netto: 8.400000000000002, Demand: 8.4, percentage: 100.00000000000003
Sink 19 SODDISFATTO. Flusso netto: 0.5399999999999991, Demand: 0.54, percentage: 99.99999999999983
Sink 23 SODDISFATTO. Flusso netto: 0.5999999999999999, Demand: 0.6, percentage: 99.99999999999997
Sink 24 SODDISFATTO. Flusso netto: 0.8, Demand: 0.8, percentage: 100.0
Sink 25 SODDISFATTO. Flusso netto: 3.5, Demand: 3.5, percentage: 100.0
Sink 26 SODDISFATTO. Flusso netto: 6.000000000000002, Demand: 6.0, percentage: 100.00000000000003
Sink 28 SODDISFATTO. Flusso netto: 0.4, Demand: 0.4, percentage: 100.0
Sink 30 SODDISFATTO. Flusso netto: 0.9799999999999986, Demand: 0.98, percentage: 99.99999999999987
Sink 31 SODDISFATTO. Flusso netto: 0.4, Demand: 0.4, percentage: 100.0
Sink 32 SODDISFATTO. Flusso netto: 0.9999999999999996, Demand: 1.0, percentage: 99.99999999999996
Sink 34 SODDISFATTO. Flusso netto: 1.74, Demand: 1.74, percentage: 100.0
Sink 35 SODDISFATTO. Flusso netto: 1.3, Demand: 1.3, percentage: 100.0
Sink 37 SODDISFATTO. Flusso netto: 1.0, Demand: 1.0, percentage: 100.0
Sink 39 SODDISFATTO. Flusso netto: 0.4, Demand: 0.4, percentage: 100.0
Sink 40 SODDISFATTO. Flusso netto: 0.5, Demand: 0.5, percentage: 100.0
Sink 41 SODDISFATTO. Flusso netto: 1.0599999999999996, Demand: 1.06, percentage: 99.99999999999996
Sink 42 SODDISFATTO. Flusso netto: 2.8200000000000003, Demand: 2.82, percentage: 100.00000000000003
Sink 45 SODDISFATTO. Flusso netto: 0.68, Demand: 0.68, percentage: 100.0
Sink 46 SODDISFATTO. Flusso netto: 1.17, Demand: 1.17, percentage: 100.0
Sink 49 non è soddisfatto. Flusso netto: 3.6679999999999997, Demand: 7.0, percentage: 52.39999999999999
Flusso totale entrante nei SINK: 91.75200000000002
Flusso totale uscente nei SINK: 48.64399999999999
Flusso totale netto nei SINK: 43.10800000000003
Total DEMAND dei SINK: 46.44
Percentual di flusso ai SINK: 0.9282515073212755
Numero di Sink soddisfatti: 24.0, numero totale di sink: 25.0
Percentuale di Sink soddisfatti: 0.96

---------------------------------- DAY 364

Update Fixed Elements from Intrinsic Faults
Source NODO_11 fixed from Intrinsic Fault
Pipeline ARCO_3 fixed due to Source NODO_11 fixing from Intrinsic Fault
Pipeline ARCO_90 fixed due to Source NODO_11 fixing from Intrinsic Fault
Pipeline ARCO_91 fixed due to Source NODO_11 fixing from Intrinsic Fault
Pipeline ARCO_92 fixed due to Source NODO_11 fixing from Intrinsic Fault
Pipeline V_EDGE_53_9 fixed due to Source NODO_11 fixing from Intrinsic Fault
Pipeline ARCO_20 fixed due to Source NODO_11 fixing from Intrinsic Fault
Pipeline ARCO_21 fixed due to Source NODO_11 fixing from Intrinsic Fault
Pipeline ARCO_22 fixed due to Source NODO_11 fixing from Intrinsic Fault
Pipeline ARCO_73 fixed due to Source NODO_11 fixing from Intrinsic Fault
Update Fixed Elements from Heavy Faults
Update Fixed Elements from Attack
Propagate Intrinsic Fault
Node NODO_10 has still failing due to Intrinsic Fault
pipeline ARCO_17 still has reduced capacity: 0.0 due to Intrinsic Fault
pipeline ARCO_88 still has reduced capacity: 0.0 due to Intrinsic Fault
pipeline ARCO_89 still has reduced capacity: 0.0 due to Intrinsic Fault
pipeline V_EDGE_53_8 still has reduced capacity: 0.0 due to Intrinsic Fault
pipeline ARCO_18 still has reduced capacity: 0.0 due to Intrinsic Fault
pipeline ARCO_19 still has reduced capacity: 0.0 due to Intrinsic Fault
pipeline ARCO_87 still has reduced capacity: 0.0 due to Intrinsic Fault
Propagate Heavy Faults
Propagate Attacks
Inject Intrinsic Failure To Source
Inject Heavy Fault To Sources
Inject Attack Multiple To Source
Inject Intrinsic Fault To Pipeline
Inject Heavy Fault To Pipeline
Inject Attack To Pipeline
----------- Statistics ------------
	Sources Under Attack: 0
	Sources with Heavy Fault: 0
	Sources with Intrinsic Fault: 1
	Arcs with reduce capacity due to Attack: 0
	Arcs with reduce capacity due to Heavy Fault: 0
	Arcs with reduce capacity due to Intrinsic Fault: 7
	Arcs with Attacks: 0
	Arcs with Heavy Fault: 0
	Arcs with Intrinsic Fault: 0
--------- SOURCES STATISTICS ---------------
Demand del real Source[0]: -31.0, flusso erogato: 11.159999999999998, flusso entrante: 0.0, efficienza: 35.99999999999999 %
Demand del real Source[8]: -10.5, flusso erogato: 0.0, flusso entrante: 0.0, efficienza: 0.0 %
Demand del real Source[9]: -7.1, flusso erogato: 17.259999999999998, flusso entrante: 10.159999999999998, efficienza: 243.09859154929575 %
Demand del real Source[17]: -25.0, flusso erogato: 25.000000000000007, flusso entrante: 0.0, efficienza: 100.00000000000003 %
Flusso totale entrante nei Real Source: 10.159999999999998
Flusso totale uscente dai Real Source: 53.42
Flusso netto sui real Source: -43.260000000000005
--- SINKS STATISTICS ---
Sink 3 SODDISFATTO. Flusso netto: 3.43, Demand: 3.43, percentage: 100.0
Sink 4 SODDISFATTO. Flusso netto: 0.5700000000000003, Demand: 0.57, percentage: 100.00000000000007
Sink 5 SODDISFATTO. Flusso netto: 0.6599999999999997, Demand: 0.66, percentage: 99.99999999999994
Sink 11 SODDISFATTO. Flusso netto: 1.03, Demand: 1.03, percentage: 100.0
Sink 15 SODDISFATTO. Flusso netto: 0.46, Demand: 0.46, percentage: 100.0
Sink 16 SODDISFATTO. Flusso netto: 8.400000000000002, Demand: 8.4, percentage: 100.00000000000003
Sink 19 SODDISFATTO. Flusso netto: 0.5399999999999991, Demand: 0.54, percentage: 99.99999999999983
Sink 23 SODDISFATTO. Flusso netto: 0.5999999999999999, Demand: 0.6, percentage: 99.99999999999997
Sink 24 SODDISFATTO. Flusso netto: 0.8, Demand: 0.8, percentage: 100.0
Sink 25 SODDISFATTO. Flusso netto: 3.5, Demand: 3.5, percentage: 100.0
Sink 26 SODDISFATTO. Flusso netto: 6.000000000000002, Demand: 6.0, percentage: 100.00000000000003
Sink 28 SODDISFATTO. Flusso netto: 0.4, Demand: 0.4, percentage: 100.0
Sink 30 SODDISFATTO. Flusso netto: 0.9799999999999986, Demand: 0.98, percentage: 99.99999999999987
Sink 31 SODDISFATTO. Flusso netto: 0.4, Demand: 0.4, percentage: 100.0
Sink 32 SODDISFATTO. Flusso netto: 0.9999999999999996, Demand: 1.0, percentage: 99.99999999999996
Sink 34 SODDISFATTO. Flusso netto: 1.74, Demand: 1.74, percentage: 100.0
Sink 35 SODDISFATTO. Flusso netto: 1.3, Demand: 1.3, percentage: 100.0
Sink 37 SODDISFATTO. Flusso netto: 1.0, Demand: 1.0, percentage: 100.0
Sink 39 SODDISFATTO. Flusso netto: 0.4, Demand: 0.4, percentage: 100.0
Sink 40 SODDISFATTO. Flusso netto: 0.5, Demand: 0.5, percentage: 100.0
Sink 41 SODDISFATTO. Flusso netto: 1.06, Demand: 1.06, percentage: 100.0
Sink 42 SODDISFATTO. Flusso netto: 2.8199999999999994, Demand: 2.82, percentage: 99.99999999999999
Sink 45 SODDISFATTO. Flusso netto: 0.68, Demand: 0.68, percentage: 100.0
Sink 46 SODDISFATTO. Flusso netto: 1.17, Demand: 1.17, percentage: 100.0
Sink 49 non è soddisfatto. Flusso netto: 3.82, Demand: 7.0, percentage: 54.57142857142857
Flusso totale entrante nei SINK: 89.12
Flusso totale uscente nei SINK: 45.86000000000001
Flusso totale netto nei SINK: 43.26
Total DEMAND dei SINK: 46.44
Percentual di flusso ai SINK: 0.9315245478036176
Numero di Sink soddisfatti: 24.0, numero totale di sink: 25.0
Percentuale di Sink soddisfatti: 0.96
